102,2237,1,0
102,13,2,0
102,1501,3,0
102,2087,4,0
102,1503,5,0
102,2084,6,0
102,2085,7,0
102,15,8,0
102,2089,9,0
102,1487,10,0
102,12,11,0
102,1941,12,0
102,1950,13,0
102,1948,14,0
102,1940,15,0
102,2313,16,0
102,2310,17,0
102,2306,18,0
102,2111,19,0
102,19,20,0
102,2828,21,0
102,2460,22,0
102,2445,23,0
102,1289,24,0
102,741,25,0
102,742,26,0
102,744,27,0
102,745,28,0
102,746,29,0
102,2255,30,0
102,2254,31,0
102,2249,32,0
102,1463,33,0
102,1733,34,0
102,1734,35,0
102,749,36,0
102,2437,37,0
102,334,38,0
102,2569,39,0
102,2436,40,0
102,1532,41,0
102,1531,42,0
102,1472,43,0
102,1460,44,0
102,1468,45,0
102,4109,46,0
102,4110,47,0
102,4113,48,0
102,1418,49,0
102,1423,50,0
102,1434,51,0
102,227,52,0
102,1200,53,0
102,1189,54,0
102,23,55,0
102,1160,56,0
102,1,57,1
103,1,1,0
103,1955,2,0
103,1954,3,0
103,1953,4,0
103,1956,5,0
103,2,6,0
103,3805,7,0
103,1374,8,0
103,1874,9,0
103,975,10,0
103,1890,11,0
103,370,12,0
103,1201,13,0
103,288,14,0
103,1435,15,0
103,1424,16,0
103,4114,17,0
103,4112,18,0
103,4111,19,0
103,1467,20,0
103,1471,21,0
103,1469,22,0
103,1461,23,0
103,1464,24,0
103,1462,25,0
103,2836,26,0
103,1534,27,0
103,2440,28,0
103,6,29,0
103,183,30,0
103,1860,31,0
103,1848,32,0
103,1733,33,0
103,1734,34,0
103,659,35,0
103,660,36,0
103,661,37,0
103,1140,38,0
103,1142,39,0
103,665,40,0
103,1307,41,0
103,1288,42,0
103,2444,43,0
103,2459,44,0
103,2458,45,0
103,8,46,0
103,2307,47,0
103,2305,48,0
103,2309,49,0
103,2312,50,0
103,2091,51,0
103,2082,52,0
103,2086,53,0
103,11,54,0
103,1943,55,0
103,1949,56,0
103,1945,57,0
103,1942,58,0
103,1944,59,0
103,1382,60,0
103,1383,61,0
103,2236,62,0
103,2238,63,0
103,2237,64,1
201,48,1,0
201,1054,2,0
201,1055,3,0
201,2456,4,0
201,2457,5,0
201,2455,6,0
201,2450,7,0
201,2493,8,0
201,26,9,0
201,2498,10,0
201,2492,11,0
201,2496,12,0
201,27,13,0
201,2209,14,0
201,1598,15,0
201,3937,16,0
201,3936,17,0
201,656,18,0
201,1613,19,0
201,1608,20,0
201,1554,21,0
201,1585,22,0
201,1616,23,0
201,30,24,0
201,1584,25,0
201,1578,26,0
201,1596,27,0
201,1593,28,0
201,1595,29,0
201,1562,30,0
201,1583,31,0
201,1564,32,0
201,1539,33,0
201,31,34,0
201,1575,35,0
201,1754,36,0
201,1752,37,0
201,1760,38,0
201,291,39,0
201,1568,40,0
201,1600,41,0
201,1587,42,0
201,1542,43,0
201,1551,44,0
201,1764,45,0
201,2327,46,0
201,2329,47,0
201,2331,48,0
201,2317,49,0
201,2323,50,0
201,2319,51,0
201,862,52,0
201,1152,53,0
201,1153,54,0
201,864,55,0
201,865,56,0
201,39,57,0
201,850,58,0
201,33,59,0
201,851,60,0
201,852,61,0
201,1994,62,0
201,1991,63,0
201,2040,64,0
201,1366,65,0
201,1866,66,0
201,1867,67,0
201,1868,68,0
201,1869,69,0
201,36,70,0
201,1559,71,0
201,1612,72,0
201,1611,73,0
201,1571,74,0
201,1602,75,0
201,1548,76,0
201,34,77,1
204,34,1,0
204,1363,2,0
204,1361,3,0
204,1206,4,0
204,1214,5,0
204,1208,6,0
204,1392,7,0
204,1395,8,0
204,1394,9,0
204,1396,10,0
204,1603,11,0
204,1604,12,0
204,1572,13,0
204,1538,14,0
204,1558,15,0
204,2587,16,0
204,32,17,0
204,1553,18,0
204,1543,19,0
204,1606,20,0
204,1545,21,0
204,1569,22,0
204,1574,23,0
204,36,24,0
204,35,25,0
204,2318,26,0
204,2324,27,0
204,2320,28,0
204,2321,29,0
204,2316,30,0
204,2322,31,0
204,2332,32,0
204,2330,33,0
204,2328,34,0
204,1761,35,0
204,295,36,0
204,1758,37,0
204,1756,38,0
204,1753,39,0
204,1755,40,0
204,1576,41,0
204,40,42,0
204,1541,43,0
204,1565,44,0
204,1556,45,0
204,1563,46,0
204,279,47,0
204,1594,48,0
204,1597,49,0
204,1567,50,0
204,1566,51,0
204,41,52,0
204,1617,53,0
204,1586,54,0
204,1555,55,0
204,1609,56,0
204,1614,57,0
204,752,58,0
204,3940,59,0
204,3941,60,0
204,458,61,0
204,2210,62,0
204,2594,63,0
204,2495,64,0
204,2494,65,0
204,2484,66,0
204,45,67,0
204,2448,68,0
204,2449,69,0
204,2454,70,0
204,2452,71,0
204,2451,72,0
204,46,73,0
204,262,74,0
204,48,75,1
301,3943,1,0
301,655,2,0
301,656,3,0
301,183,4,0
301,1860,5,0
301,1848,6,0
301,1850,7,0
301,2579,8,0
301,50,9,0
301,1781,10,0
301,1790,11,0
301,1794,12,0
301,1769,13,0
301,1800,14,0
301,1798,15,0
301,1787,16,0
301,1773,17,0
301,51,18,0
301,1784,19,0
301,1782,20,0
301,1783,21,0
301,1802,22,0
301,1776,23,0
301,1766,24,0
301,1765,25,0
301,52,26,0
301,3840,27,0
301,3841,28,0
301,3842,29,0
301,3843,30,0
301,858,31,0
301,859,32,0
301,861,33,0
301,860,34,0
301,862,35,0
301,1152,36,0
301,1153,37,0
301,864,38,0
301,865,39,0
301,39,40,1
304,39,1,0
304,850,2,0
304,33,3,0
304,851,4,0
304,852,5,0
304,294,6,0
304,853,7,0
304,854,8,0
304,855,9,0
304,3844,10,0
304,3845,11,0
304,3846,12,0
304,3847,13,0
304,3848,14,0
304,3849,15,0
304,3850,16,0
304,3851,17,0
304,3852,18,0
304,3853,19,0
304,3854,20,0
304,3855,21,0
304,1777,22,0
304,56,23,0
304,1774,24,0
304,1768,25,0
304,1799,26,0
304,1772,27,0
304,1770,28,0
304,1795,29,0
304,1791,30,0
304,1779,31,0
304,57,32,0
304,2580,33,0
304,1849,34,0
304,1847,35,0
304,1859,36,0
304,2437,37,0
304,334,38,0
304,21,39,0
304,752,40,0
304,3943,41,1
402,71,1,0
402,1905,2,0
402,1907,3,0
402,1930,4,0
402,1901,5,0
402,1932,6,0
402,72,7,0
402,2242,8,0
402,2240,9,0
402,1659,10,0
402,2013,11,0
402,1921,12,0
402,1657,13,0
402,1647,14,0
402,1644,15,0
402,1642,16,0
402,1654,17,0
402,1653,18,0
402,1650,19,0
402,2039,20,0
402,2037,21,0
402,1618,22,0
402,1621,23,0
402,2226,24,0
402,2228,25,0
402,2508,26,0
402,77,27,0
402,1448,28,0
402,1450,29,0
402,2344,30,0
402,2153,31,0
402,2164,32,0
402,78,33,0
402,2152,34,0
402,2173,35,0
402,2163,36,0
402,2158,37,0
402,2165,38,0
402,221,39,0
402,2128,40,0
402,2132,41,0
402,193,42,0
402,753,43,0
402,755,44,0
402,756,45,0
402,241,46,0
402,822,47,0
402,823,48,0
402,824,49,0
402,825,50,0
402,826,51,0
402,82,52,0
402,827,53,0
402,828,54,0
402,829,55,0
402,830,56,0
402,831,57,0
402,2062,58,0
402,832,59,0
402,833,60,0
402,2052,61,0
402,835,62,0
402,836,63,0
402,837,64,0
402,2864,65,0
402,243,66,0
402,61,67,1
403,61,1,0
403,879,2,0
403,880,3,0
403,62,4,0
403,881,5,0
403,882,6,0
403,883,7,0
403,884,8,0
403,885,9,0
403,886,10,0
403,887,11,0
403,888,12,0
403,889,13,0
403,890,14,0
403,63,15,0
403,891,16,0
403,892,17,0
403,893,18,0
403,894,19,0
403,895,20,0
403,111,21,0
403,818,22,0
403,2126,23,0
403,2131,24,0
403,820,25,0
403,3942,26,0
403,3944,27,0
403,1852,28,0
403,215,29,0
403,2159,30,0
403,2160,31,0
403,2174,32,0
403,2175,33,0
403,66,34,0
403,2172,35,0
403,2154,36,0
403,2171,37,0
403,2345,38,0
403,2343,39,0
403,1447,40,0
403,67,41,0
403,2509,42,0
403,2227,43,0
403,2225,44,0
403,2369,45,0
403,1619,46,0
403,1620,47,0
403,2036,48,0
403,2038,49,0
403,1920,50,0
403,1902,51,0
403,1937,52,0
403,1904,53,0
403,330,54,0
403,72,55,0
403,69,56,0
403,1651,57,0
403,1646,58,0
403,1655,59,0
403,1643,60,0
403,1645,61,0
403,1648,62,0
403,1656,63,0
403,1922,64,0
403,2014,65,0
403,1658,66,0
403,2239,67,0
403,2241,68,0
403,1929,69,0
403,71,70,1
501,919,1,0
501,920,2,0
501,921,3,0
501,922,4,0
501,923,5,0
501,92,6,0
501,1740,7,0
501,1738,8,0
501,1742,9,0
501,94,10,0
501,1358,11,0
501,1359,12,0
501,95,13,0
501,927,14,0
501,1155,15,0
501,1479,16,0
501,1505,17,0
501,1496,18,0
501,1497,19,0
501,2273,20,0
501,2290,21,0
501,2292,22,0
501,2278,23,0
501,2280,24,0
501,2286,25,0
501,3753,26,0
501,97,27,0
501,1068,28,0
501,153,29,0
501,89,30,0
501,307,31,0
501,1712,32,0
501,1707,33,0
501,3955,34,0
501,2268,35,0
501,2269,36,0
501,2284,37,0
501,2282,38,0
501,2277,39,0
501,2275,40,0
501,2288,41,0
501,1863,42,0
501,2296,43,0
501,2295,44,0
501,2297,45,0
501,2556,46,0
501,3945,47,0
501,3937,48,0
501,655,49,0
501,656,50,0
501,183,51,0
501,1860,52,0
501,1848,53,0
501,1850,54,0
501,2579,55,0
501,50,56,0
501,1781,57,0
501,1790,58,0
501,1794,59,0
501,1769,60,0
501,1800,61,0
501,1798,62,0
501,1787,63,0
501,1773,64,0
501,51,65,0
501,3856,66,0
501,3857,67,0
501,3858,68,0
501,3860,69,0
501,3859,70,0
501,3861,71,0
501,3862,72,0
501,3863,73,0
501,3864,74,0
501,3865,75,0
501,3866,76,0
501,858,77,0
501,859,78,0
501,861,79,0
501,860,80,0
501,862,81,0
501,1152,82,0
501,1153,83,0
501,864,84,0
501,865,85,0
501,39,86,1
504,39,1,0
504,850,2,0
504,33,3,0
504,851,4,0
504,294,5,0
504,853,6,0
504,854,7,0
504,855,8,0
504,3844,9,0
504,53,10,0
504,1718,11,0
504,2016,12,0
504,2015,13,0
504,2018,14,0
504,1987,15,0
504,2336,16,0
504,2337,17,0
504,55,18,0
504,2339,19,0
504,2338,20,0
504,1759,21,0
504,1757,22,0
504,1777,23,0
504,56,24,0
504,1774,25,0
504,1768,26,0
504,1799,27,0
504,1772,28,0
504,1770,29,0
504,1795,30,0
504,1791,31,0
504,1779,32,0
504,57,33,0
504,2580,34,0
504,1849,35,0
504,1847,36,0
504,1859,37,0
504,2437,38,0
504,334,39,0
504,21,40,0
504,752,41,0
504,3940,42,0
504,3941,43,0
504,2167,44,0
504,87,45,0
504,2557,46,0
504,1862,47,0
504,88,48,0
504,3888,49,0
504,2276,50,0
504,3894,51,0
504,2272,52,0
504,2283,53,0
504,2285,54,0
504,2289,55,0
504,3956,56,0
504,1706,57,0
504,1708,58,0
504,1711,59,0
504,98,60,0
504,144,61,0
504,1037,62,0
504,2270,63,0
504,90,64,0
504,2287,65,0
504,2281,66,0
504,2279,67,0
504,2293,68,0
504,2274,69,0
504,1506,70,0
504,1498,71,0
504,1492,72,0
504,1507,73,0
504,91,74,0
504,919,75,1
602,116,1,0
602,2371,2,0
602,2373,3,0
602,3504,4,0
602,1289,5,0
602,1311,6,0
602,1818,7,0
602,1819,8,0
602,1821,9,0
602,1827,10,0
602,1823,11,0
602,1725,12,0
602,1726,13,0
602,1390,14,0
602,1388,15,0
602,2141,16,0
602,2130,17,0
602,2132,18,0
602,193,19,0
602,753,20,0
602,755,21,0
602,756,22,0
602,104,23,0
602,758,24,0
602,759,25,0
602,105,26,0
602,760,27,0
602,761,28,0
602,762,29,0
602,2143,30,0
602,4058,31,0
602,2137,32,0
602,809,33,0
602,1121,34,0
602,108,35,1
603,108,1,0
603,1119,2,0
603,810,3,0
603,1138,4,0
603,812,5,0
603,814,6,0
603,110,7,0
603,815,8,0
603,816,9,0
603,111,10,0
603,818,11,0
603,2126,12,0
603,2131,13,0
603,820,14,0
603,3943,15,0
603,3944,16,0
603,2129,17,0
603,2142,18,0
603,2127,19,0
603,1389,20,0
603,1391,21,0
603,1724,22,0
603,113,23,0
603,1828,24,0
603,1822,25,0
603,1820,26,0
603,1292,27,0
603,1309,28,0
603,1310,29,0
603,101,30,0
603,2372,31,0
603,2370,32,0
603,2375,33,0
603,2068,34,0
603,3820,35,0
603,116,36,1
701,3506,1,0
701,1030,2,0
701,1031,3,0
701,1032,4,0
701,3559,5,0
701,3969,6,0
701,1337,7,0
701,1036,8,0
701,307,9,0
701,3966,10,0
701,3968,11,0
701,2247,12,0
701,165,13,0
701,1636,14,0
701,1639,15,0
701,1638,16,0
701,2482,17,0
701,2503,18,0
701,2480,19,0
701,2471,20,0
701,2486,21,0
701,2296,22,0
701,2295,23,0
701,2297,24,0
701,2556,25,0
701,3945,26,0
701,3937,27,0
701,3936,28,0
701,656,29,0
701,3938,30,0
701,3939,31,0
701,2558,32,0
701,2546,33,0
701,2551,34,0
701,2561,35,0
701,2543,36,0
701,2549,37,0
701,289,38,0
701,1691,39,0
701,1687,40,0
701,1693,41,0
701,1689,42,0
701,1683,43,0
701,985,44,0
701,987,45,0
701,117,46,0
701,1378,47,0
701,2416,48,0
701,2425,49,0
701,2431,50,0
701,2422,51,0
701,2427,52,0
701,864,53,0
701,865,54,0
701,32,55,0
701,1559,56,0
701,2421,57,0
701,2418,58,0
701,2420,59,0
701,2413,60,0
701,39,61,1
704,39,1,0
704,850,2,0
704,386,3,0
704,2428,4,0
704,2423,5,0
704,2433,6,0
704,2430,7,0
704,2426,8,0
704,2424,9,0
704,1379,10,0
704,118,11,0
704,960,12,0
704,961,13,0
704,296,14,0
704,1684,15,0
704,1690,16,0
704,1694,17,0
704,1688,18,0
704,1692,19,0
704,297,20,0
704,2550,21,0
704,2544,22,0
704,2562,23,0
704,2552,24,0
704,119,25,0
704,2559,26,0
704,334,27,0
704,21,28,0
704,752,29,0
704,3940,30,0
704,3941,31,0
704,2167,32,0
704,87,33,0
704,2557,34,0
704,326,35,0
704,2472,36,0
704,2481,37,0
704,2504,38,0
704,1961,39,0
704,1985,40,0
704,1640,41,0
704,1637,42,0
704,157,43,0
704,2253,44,0
704,3957,45,0
704,3958,46,0
704,1125,47,0
704,1069,48,0
704,1070,49,0
704,3557,50,0
704,3558,51,0
704,301,52,0
704,1074,53,0
704,1075,54,0
704,3506,55,1
901,4101,1,0
901,2521,2,0
901,2523,3,0
901,2524,4,0
901,1703,5,0
901,1704,6,0
901,1981,7,0
901,1975,8,0
901,1977,9,0
901,1965,10,0
901,1963,11,0
901,134,12,0
901,1045,13,0
901,1046,14,0
901,1047,15,0
901,1048,16,0
901,137,17,0
901,2456,18,0
901,2457,19,0
901,2081,20,0
901,2079,21,0
901,138,22,0
901,2532,23,0
901,2534,24,0
901,2537,25,0
901,2211,26,0
901,2183,27,0
901,27,28,0
901,2209,29,0
901,1598,30,0
901,3937,31,0
901,3936,32,0
901,656,33,1
904,656,1,0
904,21,2,0
904,752,3,0
904,3940,4,0
904,3941,5,0
904,458,6,0
904,2210,7,0
904,44,8,0
904,2196,9,0
904,2535,10,0
904,2533,11,0
904,2531,12,0
904,127,13,0
904,2078,14,0
904,2080,15,0
904,2452,16,0
904,128,17,0
904,1057,18,0
904,1058,19,0
904,1059,20,0
904,342,21,0
904,360,22,0
904,1964,23,0
904,1966,24,0
904,1976,25,0
904,1974,26,0
904,1980,27,0
904,1702,28,0
904,361,29,0
904,362,30,0
904,1348,31,0
904,1346,32,0
904,1345,33,0
904,1351,34,0
904,2838,35,0
904,3711,36,0
904,3949,37,0
904,4101,38,1
1002,206,1,0
1002,1875,2,0
1002,976,3,0
1002,977,4,0
1002,978,5,0
1002,340,6,0
1002,979,7,0
1002,980,8,0
1002,981,9,0
1002,209,10,0
1002,982,11,0
1002,983,12,0
1002,210,13,0
1002,985,14,0
1002,987,15,0
1002,212,16,0
1002,989,17,0
1002,990,18,0
1002,213,19,0
1002,991,20,0
1002,14,21,0
1002,992,22,0
1002,993,23,0
1002,994,24,0
1002,995,25,0
1002,996,26,0
1002,997,27,0
1002,998,28,0
1002,999,29,0
1002,214,30,0
1002,730,31,0
1002,1001,32,0
1002,1002,33,0
1002,1178,34,0
1002,1182,35,0
1002,1180,36,0
1002,1003,37,0
1002,1005,38,0
1002,1004,39,0
1002,1006,40,0
1002,699,41,0
1002,700,42,0
1002,2507,43,0
1002,704,44,0
1002,706,45,0
1002,4098,46,0
1002,4100,47,0
1002,1011,48,0
1002,1012,49,0
1002,1013,50,0
1002,1015,51,0
1002,1016,52,0
1002,1018,53,0
1002,1019,54,0
1002,142,55,0
1002,1021,56,0
1002,1022,57,0
1002,173,58,0
1002,1023,59,0
1002,1024,60,0
1002,1025,61,0
1002,1026,62,0
1002,1027,63,0
1002,3507,64,0
1002,1030,65,0
1002,1031,66,0
1002,1032,67,0
1002,305,68,0
1002,1033,69,0
1002,145,70,0
1002,1038,71,0
1002,1039,72,0
1002,1040,73,0
1002,146,74,0
1002,1041,75,0
1002,1042,76,0
1002,1043,77,0
1002,1045,78,0
1002,1046,79,0
1002,1047,80,0
1002,1048,81,0
1002,137,82,0
1002,2451,83,0
1002,46,84,0
1002,262,85,0
1002,48,86,0
1002,148,87,0
1002,107,88,0
1002,1120,89,0
1002,764,90,0
1002,765,91,0
1002,766,92,0
1002,767,93,0
1002,47,94,1
1003,47,1,0
1003,803,2,0
1003,804,3,0
1003,806,4,0
1003,805,5,0
1003,808,6,0
1003,809,7,0
1003,1121,8,0
1003,108,9,0
1003,262,10,0
1003,48,11,0
1003,1054,12,0
1003,1055,13,0
1003,128,14,0
1003,1057,15,0
1003,1058,16,0
1003,1059,17,0
1003,2527,18,0
1003,1062,19,0
1003,1123,20,0
1003,1064,21,0
1003,1065,22,0
1003,151,23,0
1003,1066,24,0
1003,1067,25,0
1003,152,26,0
1003,2526,27,0
1003,301,28,0
1003,1074,29,0
1003,1075,30,0
1003,3505,31,0
1003,1028,32,0
1003,1077,33,0
1003,1078,34,0
1003,1079,35,0
1003,1080,36,0
1003,1081,37,0
1003,1082,38,0
1003,3964,39,0
1003,1083,40,0
1003,3965,41,0
1003,1084,42,0
1003,1085,43,0
1003,155,44,0
1003,1087,45,0
1003,1088,46,0
1003,1090,47,0
1003,1091,48,0
1003,1092,49,0
1003,1094,50,0
1003,4099,51,0
1003,673,52,0
1003,674,53,0
1003,700,54,0
1003,2507,55,0
1003,1099,56,0
1003,1100,57,0
1003,1367,58,0
1003,1101,59,0
1003,1102,60,0
1003,1181,61,0
1003,187,62,0
1003,1179,63,0
1003,676,64,0
1003,1104,65,0
1003,1105,66,0
1003,199,67,0
1003,1106,68,0
1003,1107,69,0
1003,2090,70,0
1003,1109,71,0
1003,1108,72,0
1003,222,73,0
1003,2083,74,0
1003,1502,75,0
1003,1111,76,0
1003,3525,77,0
1003,200,78,0
1003,1112,79,0
1003,1113,80,0
1003,201,81,0
1003,960,82,0
1003,961,83,0
1003,203,84,0
1003,962,85,0
1003,963,86,0
1003,204,87,0
1003,964,88,0
1003,965,89,0
1003,966,90,0
1003,205,91,0
1003,967,92,0
1003,968,93,0
1003,969,94,0
1003,970,95,0
1003,971,96,0
1003,972,97,0
1003,973,98,0
1003,206,99,1
1202,3813,1,0
1202,3962,2,0
1202,3730,3,0
1202,3800,4,0
1202,1082,5,0
1202,3964,6,0
1202,1083,7,0
1202,3965,8,0
1202,3793,9,0
1202,3794,10,0
1202,3795,11,0
1202,3796,12,0
1202,2397,13,0
1202,2395,14,0
1202,2404,15,0
1202,1508,16,0
1202,1482,17,0
1202,2475,18,0
1202,176,19,0
1202,2478,20,0
1202,2482,21,0
1202,2503,22,0
1202,2480,23,0
1202,2471,24,0
1202,2486,25,0
1202,2499,26,0
1202,27,27,0
1202,2209,28,0
1202,3937,29,0
1202,3936,30,0
1202,656,31,0
1202,21,32,0
1202,752,33,0
1202,3940,34,0
1202,170,35,1
1203,3940,1,0
1203,3941,2,0
1203,458,3,0
1203,2210,4,0
1203,2506,5,0
1203,2500,6,0
1203,326,7,0
1203,2472,8,0
1203,2481,9,0
1203,2504,10,0
1203,2483,11,0
1203,2473,12,0
1203,169,13,0
1203,2476,14,0
1203,1483,15,0
1203,1485,16,0
1203,2390,17,0
1203,2405,18,0
1203,2396,19,0
1203,314,20,0
1203,1332,21,0
1203,1333,22,0
1203,1331,23,0
1203,1334,24,0
1203,2505,25,0
1203,3791,26,0
1203,3792,27,0
1203,3963,28,0
1203,3797,29,0
1203,3729,30,0
1203,3813,31,1
1302,141,1,0
1302,701,2,0
1302,702,3,0
1302,188,4,0
1302,653,5,0
1302,704,6,0
1302,1099,7,0
1302,707,8,0
1302,708,9,0
1302,709,10,0
1302,710,11,0
1302,711,12,0
1302,712,13,0
1302,713,14,0
1302,1154,15,0
1302,190,16,0
1302,715,17,0
1302,716,18,0
1302,717,19,0
1302,718,20,0
1302,719,21,0
1302,720,22,0
1302,721,23,0
1302,684,24,0
1302,723,25,0
1302,724,26,0
1302,725,27,0
1302,726,28,0
1302,727,29,0
1302,728,30,0
1302,683,31,0
1302,731,32,0
1302,732,33,0
1302,733,34,0
1302,735,35,0
1302,705,36,0
1302,706,37,0
1302,191,38,0
1302,734,39,0
1302,2435,40,0
1302,736,41,0
1302,737,42,0
1302,738,43,0
1302,739,44,0
1302,192,45,0
1302,741,46,0
1302,742,47,0
1302,743,48,0
1302,744,49,0
1302,745,50,0
1302,746,51,0
1302,747,52,0
1302,749,53,0
1302,751,54,0
1302,334,55,0
1302,2569,56,0
1302,752,57,0
1302,193,58,0
1302,753,59,0
1302,755,60,0
1302,756,61,0
1302,104,62,0
1302,758,63,0
1302,759,64,0
1302,105,65,0
1302,760,66,0
1302,761,67,0
1302,762,68,0
1302,1139,69,0
1302,763,70,0
1302,148,71,0
1302,107,72,0
1302,1120,73,0
1302,764,74,0
1302,765,75,0
1302,766,76,0
1302,767,77,0
1302,150,78,1
1303,150,1,0
1303,803,2,0
1303,804,3,0
1303,806,4,0
1303,805,5,0
1303,808,6,0
1303,809,7,0
1303,1121,8,0
1303,108,9,0
1303,1119,10,0
1303,810,11,0
1303,1138,12,0
1303,812,13,0
1303,814,14,0
1303,110,15,0
1303,815,16,0
1303,816,17,0
1303,111,18,0
1303,818,19,0
1303,2126,20,0
1303,2131,21,0
1303,820,22,0
1303,3943,23,0
1303,655,24,0
1303,656,25,0
1303,183,26,0
1303,657,27,0
1303,659,28,0
1303,660,29,0
1303,661,30,0
1303,1140,31,0
1303,1142,32,0
1303,664,33,0
1303,184,34,0
1303,667,35,0
1303,668,36,0
1303,670,37,0
1303,671,38,0
1303,672,39,0
1303,185,40,0
1303,3895,41,0
1303,673,42,0
1303,674,43,0
1303,186,44,0
1303,675,45,0
1303,676,46,0
1303,677,47,0
1303,678,48,0
1303,679,49,0
1303,680,50,0
1303,681,51,0
1303,682,52,0
1303,729,53,0
1303,722,54,0
1303,685,55,0
1303,686,56,0
1303,687,57,0
1303,688,58,0
1303,689,59,0
1303,690,60,0
1303,691,61,0
1303,1177,62,0
1303,1144,63,0
1303,692,64,0
1303,693,65,0
1303,694,66,0
1303,695,67,0
1303,696,68,0
1303,697,69,0
1303,699,70,0
1303,700,71,0
1303,141,72,1
1502,143,1,0
1502,1028,2,0
1502,1077,3,0
1502,1078,4,0
1502,2001,5,0
1502,3973,6,0
1502,3974,7,0
1502,3975,8,0
1502,3976,9,0
1502,1024,10,0
1502,1025,11,0
1502,1026,12,0
1502,1027,13,0
1502,154,14,0
1502,2393,15,0
1502,2407,16,0
1502,2391,17,0
1502,1511,18,0
1502,1512,19,0
1502,161,20,0
1502,1499,21,0
1502,162,22,0
1502,301,23,0
1502,1074,24,0
1502,3977,25,0
1502,2410,26,0
1502,2403,27,0
1502,2402,28,0
1502,219,29,0
1502,1265,30,0
1502,1267,31,0
1502,1261,32,0
1502,1319,33,0
1502,1314,34,0
1502,1312,35,0
1502,1296,36,0
1502,220,37,0
1502,1283,38,0
1502,1397,39,0
1502,1400,40,0
1502,1405,41,0
1502,1406,42,0
1502,1402,43,0
1502,1377,44,0
1502,1376,45,0
1502,2158,46,0
1502,2165,47,0
1502,221,48,0
1502,2128,49,0
1502,2132,50,0
1502,193,51,0
1502,753,52,0
1502,755,53,0
1502,756,54,0
1502,104,55,0
1502,758,56,0
1502,759,57,0
1502,105,58,0
1502,1430,59,0
1502,1418,60,0
1502,1423,61,0
1502,1434,62,0
1502,283,63,0
1502,1416,64,0
1502,1420,65,0
1502,1413,66,0
1502,1414,67,0
1502,1425,68,0
1502,2010,69,0
1502,2008,70,0
1502,2003,71,0
1502,978,72,0
1502,340,73,0
1502,1887,74,0
1502,1881,75,0
1502,1329,76,0
1502,1326,77,0
1502,1327,78,0
1502,1330,79,0
1502,1328,80,0
1502,2246,81,0
1502,2244,82,0
1502,285,83,1
1503,285,1,0
1503,2044,2,0
1503,2043,3,0
1503,1452,4,0
1503,1455,5,0
1503,1453,6,0
1503,2221,7,0
1503,2224,8,0
1503,1882,9,0
1503,1888,10,0
1503,337,11,0
1503,1884,12,0
1503,2004,13,0
1503,2007,14,0
1503,2009,15,0
1503,2002,16,0
1503,1415,17,0
1503,1427,18,0
1503,1421,19,0
1503,1417,20,0
1503,1411,21,0
1503,288,22,0
1503,1435,23,0
1503,1424,24,0
1503,1419,25,0
1503,1431,26,0
1503,1426,27,0
1503,815,28,0
1503,816,29,0
1503,111,30,0
1503,818,31,0
1503,2126,32,0
1503,2131,33,0
1503,820,34,0
1503,3943,35,0
1503,3944,36,0
1503,1852,37,0
1503,215,38,0
1503,2159,39,0
1503,2160,40,0
1503,1634,41,0
1503,1635,42,0
1503,1633,43,0
1503,1626,44,0
1503,1632,45,0
1503,1631,46,0
1503,1629,47,0
1503,1622,48,0
1503,216,49,0
1503,1313,50,0
1503,1315,51,0
1503,3809,52,0
1503,1320,53,0
1503,1262,54,0
1503,1268,55,0
1503,1263,56,0
1503,217,57,0
1503,2398,58,0
1503,2394,59,0
1503,2409,60,0
1503,154,61,0
1503,143,62,1
1602,13,1,0
1602,1501,2,0
1602,1503,3,0
1602,1487,4,0
1602,1481,5,0
1602,1489,6,0
1602,1476,7,0
1602,1166,8,0
1602,1168,9,0
1602,1169,10,0
1602,1170,11,0
1602,223,12,0
1602,1173,13,0
1602,1195,14,0
1602,608,15,0
1602,1175,16,0
1602,607,17,0
1602,1171,18,0
1602,225,19,0
1602,1172,20,0
1602,598,21,0
1602,1174,22,0
1602,1186,23,0
1602,1183,24,0
1602,1192,25,0
1602,604,26,0
1602,227,27,0
1602,1200,28,0
1602,1189,29,0
1602,23,30,0
1602,1160,31,0
1602,1161,32,0
1602,1203,33,0
1602,603,34,0
1602,1194,35,0
1602,180,36,0
1602,795,37,0
1602,798,38,0
1602,799,39,0
1602,800,40,0
1602,771,41,0
1602,1997,42,1
1603,1997,1,0
1603,769,2,0
1603,770,3,0
1603,2589,4,0
1603,772,5,0
1603,773,6,0
1603,774,7,0
1603,775,8,0
1603,228,9,0
1603,776,10,0
1603,1202,11,0
1603,1204,12,0
1603,1162,13,0
1603,1165,14,0
1603,229,15,0
1603,1201,16,0
1603,230,17,0
1603,605,18,0
1603,1193,19,0
1603,1184,20,0
1603,1187,21,0
1603,1185,22,0
1603,599,23,0
1603,1191,24,0
1603,1188,25,0
1603,2845,26,0
1603,231,27,0
1603,232,28,0
1603,606,29,0
1603,1158,30,0
1603,1176,31,0
1603,596,32,0
1603,601,33,0
1603,234,34,0
1603,1198,35,0
1603,1196,36,0
1603,1199,37,0
1603,1167,38,0
1603,1475,39,0
1603,1488,40,0
1603,1480,41,0
1603,1486,42,0
1603,1500,43,0
1603,4052,44,0
1603,4011,45,0
1603,4009,46,0
1603,4010,47,0
1603,4008,48,0
1603,1520,49,0
1603,13,50,1
1701,3742,1,0
1701,3743,2,0
1701,3744,3,0
1701,3745,4,0
1701,3747,5,0
1701,3748,6,0
1701,237,7,0
1701,924,8,0
1701,926,9,0
1701,95,10,0
1701,927,11,0
1701,1155,12,0
1701,123,13,0
1701,937,14,0
1701,938,15,0
1701,939,16,0
1701,940,17,0
1701,941,18,0
1701,267,19,0
1701,942,20,0
1701,943,21,0
1701,930,22,0
1701,931,23,0
1701,932,24,0
1701,933,25,0
1701,934,26,0
1701,935,27,0
1701,936,28,0
1701,463,29,0
1701,944,30,0
1701,945,31,0
1701,946,32,0
1701,947,33,0
1701,948,34,0
1701,949,35,0
1701,238,36,0
1701,950,37,0
1701,951,38,0
1701,952,39,0
1701,953,40,0
1701,954,41,0
1701,955,42,0
1701,956,43,0
1701,957,44,0
1701,958,45,0
1701,959,46,0
1701,241,47,0
1701,822,48,0
1701,823,49,0
1701,824,50,0
1701,825,51,0
1701,826,52,0
1701,82,53,0
1701,827,54,0
1701,828,55,0
1701,829,56,0
1701,830,57,0
1701,831,58,0
1701,2062,59,0
1701,832,60,0
1701,833,61,0
1701,2052,62,0
1701,835,63,0
1701,836,64,0
1701,837,65,0
1701,243,66,0
1701,248,67,0
1701,839,68,0
1701,840,69,0
1701,1151,70,0
1701,3801,71,0
1701,246,72,0
1701,841,73,0
1701,842,74,0
1701,843,75,0
1701,844,76,0
1701,845,77,0
1701,1156,78,0
1701,846,79,0
1701,847,80,0
1701,848,81,0
1701,849,82,0
1701,2587,83,0
1701,32,84,1
1704,32,1,0
1704,868,2,0
1704,869,3,0
1704,870,4,0
1704,871,5,0
1704,873,6,0
1704,872,7,0
1704,874,8,0
1704,249,9,0
1704,876,10,0
1704,877,11,0
1704,878,12,0
1704,489,13,0
1704,251,14,0
1704,879,15,0
1704,880,16,0
1704,62,17,0
1704,881,18,0
1704,882,19,0
1704,883,20,0
1704,884,21,0
1704,885,22,0
1704,886,23,0
1704,887,24,0
1704,888,25,0
1704,889,26,0
1704,890,27,0
1704,63,28,0
1704,891,29,0
1704,892,30,0
1704,893,31,0
1704,894,32,0
1704,895,33,0
1704,253,34,0
1704,896,35,0
1704,897,36,0
1704,898,37,0
1704,899,38,0
1704,900,39,0
1704,901,40,0
1704,460,41,0
1704,903,42,0
1704,904,43,0
1704,905,44,0
1704,255,45,0
1704,257,46,0
1704,906,47,0
1704,907,48,0
1704,908,49,0
1704,909,50,0
1704,269,51,0
1704,910,52,0
1704,1893,53,0
1704,1891,54,0
1704,3867,55,0
1704,3868,56,0
1704,2194,57,0
1704,2176,58,0
1704,2195,59,0
1704,2202,60,0
1704,268,61,0
1704,911,62,0
1704,912,63,0
1704,913,64,0
1704,915,65,0
1704,917,66,0
1704,916,67,0
1704,122,68,0
1704,920,69,0
1704,3734,70,0
1704,3735,71,0
1704,3736,72,0
1704,3732,73,0
1704,3738,74,0
1704,3737,75,0
1704,3739,76,0
1704,3740,77,0
1704,3741,78,0
1704,921,79,0
1704,922,80,0
1704,923,81,0
1704,237,82,1
1901,2267,1,0
1901,3514,2,0
1901,2265,3,0
1901,2266,4,0
1901,2263,5,0
1901,3515,6,0
1901,2264,7,0
1901,3902,8,0
1901,3903,9,0
1901,3946,10,0
1901,1357,11,0
1901,2243,12,0
1901,1409,13,0
1901,1806,14,0
1901,1809,15,0
1901,798,16,0
1901,799,17,0
1901,800,18,0
1901,771,19,0
1901,4096,20,0
1901,1670,21,0
1901,1669,22,0
1901,3713,23,0
1901,3712,24,0
1901,3714,25,0
1901,3709,26,0
1901,3950,27,0
1901,3715,28,0
1901,3710,29,0
1901,3951,30,0
1901,3816,31,0
1901,2294,32,0
1901,2230,33,0
1901,3893,34,0
1901,3891,35,0
1901,3467,36,0
1901,3487,37,0
1901,3583,38,0
1901,3480,39,0
1901,3481,40,0
1901,3485,41,0
1901,1893,42,0
1901,1891,43,0
1901,2357,44,0
1901,2367,45,0
1901,2362,46,0
1901,2364,47,0
1901,2355,48,0
1901,2361,49,0
1901,3575,50,0
1901,2352,51,0
1901,2365,52,0
1901,2359,53,0
1901,1946,54,0
1901,1951,55,0
1901,125,56,0
1901,2180,57,0
1901,2199,58,0
1901,2177,59,0
1901,2197,60,0
1901,2211,61,0
1901,2183,62,0
1901,27,63,0
1901,2209,64,0
1901,3937,65,0
1901,3936,66,0
1901,656,67,0
1901,21,68,1
1904,21,1,0
1904,752,2,0
1904,3940,3,0
1904,3941,4,0
1904,458,5,0
1904,2210,6,0
1904,44,7,0
1904,2196,8,0
1904,2212,9,0
1904,2182,10,0
1904,2178,11,0
1904,2179,12,0
1904,2200,13,0
1904,2181,14,0
1904,1038,15,0
1904,1952,16,0
1904,1947,17,0
1904,2351,18,0
1904,2366,19,0
1904,2350,20,0
1904,2353,21,0
1904,2354,22,0
1904,2356,23,0
1904,2363,24,0
1904,2368,25,0
1904,2358,26,0
1904,942,27,0
1904,943,28,0
1904,3482,29,0
1904,3484,30,0
1904,1892,31,0
1904,3483,32,0
1904,3582,33,0
1904,3486,34,0
1904,3466,35,0
1904,3892,36,0
1904,3498,37,0
1904,3496,38,0
1904,3817,39,0
1904,3948,40,0
1904,3711,41,0
1904,3949,42,0
1904,3708,43,0
1904,3716,44,0
1904,1668,45,0
1904,4095,46,0
1904,770,47,0
1904,2589,48,0
1904,772,49,0
1904,1807,50,0
1904,1808,51,0
1904,1805,52,0
1904,1407,53,0
1904,1408,54,0
1904,1356,55,0
1904,3900,56,0
1904,3901,57,0
1904,1338,58,0
1904,2301,59,0
1904,3513,60,0
1904,2267,61,1
2001,1321,1,0
2001,459,2,0
2001,3472,3,0
2001,3781,4,0
2001,3475,5,0
2001,3474,6,0
2001,3488,7,0
2001,3489,8,0
2001,3490,9,0
2001,3906,10,0
2001,3471,11,0
2001,3497,12,0
2001,3501,13,0
2001,3502,14,0
2001,3503,15,0
2001,2097,16,0
2001,3469,17,0
2001,238,18,0
2001,274,19,0
2001,2094,20,0
2001,2092,21,0
2001,1323,22,0
2001,952,23,0
2001,1442,24,0
2001,1437,25,0
2001,1439,26,0
2001,1445,27,0
2001,138,28,0
2001,2532,29,0
2001,2534,30,0
2001,2537,31,0
2001,2211,32,0
2001,2183,33,0
2001,27,34,0
2001,2209,35,0
2001,3937,36,0
2001,3936,37,0
2001,656,38,0
2001,1613,39,0
2001,1608,40,0
2001,1554,41,0
2001,1585,42,0
2001,1616,43,0
2001,30,44,0
2001,1584,45,0
2001,1578,46,0
2001,1596,47,0
2001,1593,48,0
2001,276,49,0
2001,2109,50,0
2001,2106,51,0
2001,2104,52,0
2001,2218,53,0
2001,1714,54,0
2001,2030,55,0
2001,277,56,0
2001,2019,57,0
2001,2024,58,0
2001,2028,59,0
2001,836,60,0
2001,837,61,0
2001,2864,62,0
2001,243,63,0
2001,245,64,1
2004,245,1,0
2004,879,2,0
2004,880,3,0
2004,62,4,0
2004,881,5,0
2004,2027,6,0
2004,2029,7,0
2004,2020,8,0
2004,2025,9,0
2004,278,10,0
2004,2022,11,0
2004,2023,12,0
2004,2108,13,0
2004,2105,14,0
2004,2107,15,0
2004,2103,16,0
2004,279,17,0
2004,1594,18,0
2004,1597,19,0
2004,1567,20,0
2004,1566,21,0
2004,41,22,0
2004,1617,23,0
2004,1586,24,0
2004,1555,25,0
2004,1609,26,0
2004,1614,27,0
2004,752,28,0
2004,3940,29,0
2004,3941,30,0
2004,458,31,0
2004,2210,32,0
2004,44,33,0
2004,2196,34,0
2004,2535,35,0
2004,2533,36,0
2004,2531,37,0
2004,127,38,0
2004,1446,39,0
2004,1440,40,0
2004,1436,41,0
2004,1443,42,0
2004,1324,43,0
2004,2093,44,0
2004,2095,45,0
2004,2100,46,0
2004,2099,47,0
2004,2098,48,0
2004,2096,49,0
2004,1322,50,0
2004,1325,51,0
2004,1321,52,0
2004,1386,53,0
2004,1387,54,0
2004,3469,55,1
2401,3831,1,0
2401,3832,2,0
2401,3833,3,0
2401,3834,4,0
2401,3835,5,0
2401,3836,6,0
2401,3837,7,0
2401,3507,8,0
2401,1030,9,0
2401,1031,10,0
2401,1032,11,0
2401,3559,12,0
2401,3560,13,0
2401,3561,14,0
2401,3972,15,0
2401,1508,16,0
2401,1482,17,0
2401,4005,18,0
2401,3993,19,0
2401,3997,20,0
2401,4002,21,0
2401,3995,22,0
2401,4003,23,0
2401,3698,24,0
2401,2370,25,0
2401,2375,26,0
2401,1509,27,0
2401,1475,28,0
2401,1488,29,0
2401,1480,30,0
2401,1486,31,0
2401,1500,32,0
2401,1502,33,0
2401,1111,34,0
2401,3525,35,0
2401,1494,36,0
2401,3548,37,0
2401,3549,38,0
2401,3550,39,0
2401,3551,40,0
2401,3581,41,1
2404,3581,1,0
2404,1973,2,0
2404,3555,3,0
2404,1972,4,0
2404,3572,5,0
2404,2122,6,0
2404,2011,7,0
2404,1495,8,0
2404,991,9,0
2404,14,10,0
2404,1501,11,0
2404,1503,12,0
2404,1487,13,0
2404,1481,14,0
2404,1489,15,0
2404,1476,16,0
2404,1477,17,0
2404,1504,18,0
2404,3698,19,0
2404,2370,20,0
2404,2375,21,0
2404,4004,22,0
2404,3996,23,0
2404,3999,24,0
2404,4000,25,0
2404,4007,26,0
2404,3994,27,0
2404,3998,28,0
2404,4006,29,0
2404,1483,30,0
2404,1485,31,0
2404,3971,32,0
2404,3554,33,0
2404,3556,34,0
2404,3557,35,0
2404,3558,36,0
2404,301,37,0
2404,1074,38,0
2404,1075,39,0
2404,159,40,0
2404,2393,41,0
2404,2407,42,0
2404,2391,43,0
2404,3821,44,0
2404,3822,45,0
2404,3823,46,0
2404,3824,47,0
2404,4072,48,0
2404,4071,49,0
2404,4057,50,0
2404,4056,51,0
2404,3831,52,1
2502,83,1,0
2502,2233,2,0
2502,2231,3,0
2502,2219,4,0
2502,322,5,0
2502,1882,6,0
2502,1888,7,0
2502,287,8,0
2502,967,9,0
2502,968,10,0
2502,3920,11,0
2502,323,12,0
2502,3919,13,0
2502,3918,14,0
2502,3917,15,0
2502,789,16,0
2502,3935,17,0
2502,790,18,0
2502,4026,19,0
2502,4024,20,0
2502,180,21,0
2502,795,22,0
2502,797,23,0
2502,798,24,0
2502,799,25,0
2502,800,26,0
2502,771,27,0
2502,149,28,1
2503,149,1,0
2503,769,2,0
2503,770,3,0
2503,2589,4,0
2503,772,5,0
2503,773,6,0
2503,774,7,0
2503,775,8,0
2503,194,9,0
2503,1146,10,0
2503,1147,11,0
2503,4025,12,0
2503,3570,13,0
2503,3571,14,0
2503,3934,15,0
2503,1667,16,0
2503,1813,17,0
2503,1810,18,0
2503,1816,19,0
2503,324,20,0
2503,1817,21,0
2503,1811,22,0
2503,1812,23,0
2503,284,24,0
2503,1887,25,0
2503,1881,26,0
2503,2220,27,0
2503,2222,28,0
2503,2223,29,0
2503,83,30,1
2701,3469,1,0
2701,146,2,0
2701,1041,3,0
2701,1042,4,0
2701,1043,5,0
2701,1045,6,0
2701,1046,7,0
2701,1047,8,0
2701,1048,9,0
2701,137,10,0
2701,2451,11,0
2701,46,12,0
2701,1960,13,0
2701,810,14,0
2701,1138,15,0
2701,22,16,0
2701,1885,17,0
2701,1877,18,0
2701,1986,19,0
2701,2124,20,0
2701,23,21,0
2701,4120,22,0
2701,1160,23,0
2701,1,24,0
2701,1955,25,0
2701,1954,26,0
2701,4105,27,0
2701,206,28,0
2701,1875,29,0
2701,976,30,0
2701,977,31,0
2701,978,32,0
2701,340,33,0
2701,284,34,0
2701,1887,35,0
2701,1881,36,0
2701,2220,37,0
2701,2222,38,0
2701,2223,39,0
2701,83,40,1
2704,83,1,0
2704,2233,2,0
2704,2231,3,0
2704,2219,4,0
2704,322,5,0
2704,1882,6,0
2704,1888,7,0
2704,337,8,0
2704,1884,9,0
2704,1880,10,0
2704,1874,11,0
2704,4102,12,0
2704,4104,13,0
2704,4103,14,0
2704,4108,15,0
2704,4106,16,0
2704,1165,17,0
2704,1871,18,0
2704,2510,19,0
2704,2123,20,0
2704,1878,21,0
2704,1886,22,0
2704,4,23,0
2704,1139,24,0
2704,763,25,0
2704,262,26,0
2704,48,27,0
2704,4075,28,0
2704,1055,29,0
2704,128,30,0
2704,1057,31,0
2704,1058,32,0
2704,1059,33,0
2704,2527,34,0
2704,1321,35,0
2704,459,36,0
2704,1386,37,0
2704,1387,38,0
2704,3469,39,1
2802,3905,1,0
2802,3726,2,0
2802,3727,3,0
2802,3707,4,0
2802,4022,5,0
2802,4015,6,0
2802,4017,7,0
2802,4012,8,0
2802,4013,9,0
2802,4091,10,0
2802,4090,11,0
2802,4088,12,0
2802,4087,13,0
2802,4086,14,0
2802,3988,15,0
2802,1369,16,0
2802,1373,17,0
2802,3804,18,0
2802,1372,19,0
2802,703,20,1
2803,703,1,0
2803,1007,2,0
2803,3991,3,0
2803,3990,4,0
2803,3989,5,0
2803,3992,6,0
2803,4094,7,0
2803,4089,8,0
2803,4092,9,0
2803,4093,10,0
2803,4021,11,0
2803,4020,12,0
2803,4019,13,0
2803,4023,14,0
2803,3720,15,0
2803,3721,16,0
2803,3722,17,0
2803,3723,18,0
2803,3904,19,0
2803,3905,20,1
3001,703,1,0
3001,626,2,0
3001,349,3,0
3001,609,4,0
3001,610,5,0
3001,611,6,0
3001,350,7,0
3001,613,8,0
3001,614,9,0
3001,615,10,0
3001,645,11,0
3001,618,12,0
3001,620,13,0
3001,619,14,0
3001,621,15,0
3001,622,16,0
3001,623,17,0
3001,624,18,0
3001,353,19,0
3001,627,20,0
3001,3818,21,0
3001,3819,22,0
3001,3815,23,1
3004,3815,1,0
3004,638,2,0
3004,628,3,0
3004,629,4,0
3004,630,5,0
3004,355,6,0
3004,3545,7,0
3004,3546,8,0
3004,3547,9,0
3004,356,10,0
3004,188,11,0
3004,653,12,0
3004,703,13,1
3101,2230,1,0
3101,3817,2,0
3101,3948,3,0
3101,2843,4,0
3101,1228,5,0
3101,1244,6,0
3101,1238,7,0
3101,1236,8,0
3101,1224,9,0
3101,1232,10,0
3101,1247,11,0
3101,1240,12,0
3101,1226,13,0
3101,1225,14,0
3101,135,15,0
3101,136,16,0
3101,1045,17,0
3101,1046,18,0
3101,1047,19,0
3101,1048,20,0
3101,137,21,0
3101,2451,22,0
3101,367,23,1
3104,367,1,0
3104,1055,2,0
3104,128,3,0
3104,1057,4,0
3104,1058,5,0
3104,1059,6,0
3104,342,7,0
3104,2229,8,0
3104,131,9,0
3104,1245,10,0
3104,1230,11,0
3104,1239,12,0
3104,1246,13,0
3104,1231,14,0
3104,1223,15,0
3104,1235,16,0
3104,1241,17,0
3104,1237,18,0
3104,1243,19,0
3104,2838,20,0
3104,3710,21,0
3104,3951,22,0
3104,3816,23,0
3104,2294,24,0
3104,2230,25,1
3301,1675,1,0
3301,2097,2,0
3301,274,3,0
3301,2094,4,0
3301,2092,5,0
3301,1323,6,0
3301,952,7,0
3301,1442,8,0
3301,1437,9,0
3301,1439,10,0
3301,1445,11,0
3301,2080,12,0
3301,2452,13,0
3301,2451,14,0
3301,367,15,1
3304,367,1,0
3304,2456,2,0
3304,2457,3,0
3304,2081,4,0
3304,1446,5,0
3304,1440,6,0
3304,1436,7,0
3304,1443,8,0
3304,1324,9,0
3304,2093,10,0
3304,2095,11,0
3304,2100,12,0
3304,257,13,0
3304,3933,14,0
3304,1675,15,1
3401,149,1,0
3401,770,2,0
3401,2589,3,0
3401,772,4,0
3401,773,5,0
3401,3907,6,0
3401,3908,7,0
3401,3909,8,0
3401,3910,9,0
3401,3911,10,0
3401,3912,11,0
3401,3913,12,0
3401,3914,13,0
3401,3915,14,0
3401,4033,15,0
3401,4035,16,0
3401,4066,17,0
3401,4028,18,0
3401,4031,19,0
3401,3565,20,0
3401,3567,21,0
3401,3982,22,0
3401,1204,23,0
3401,2512,24,0
3401,2514,25,0
3401,2518,26,0
3401,2516,27,0
3401,1525,28,0
3401,3750,29,0
3401,1529,30,0
3401,1528,31,0
3401,1527,32,0
3401,1530,33,0
3401,2520,34,0
3401,809,35,0
3401,1121,36,0
3401,108,37,0
3401,1119,38,0
3401,48,39,0
3401,2442,40,0
3401,1254,41,0
3401,1251,42,0
3401,2584,43,0
3401,1256,44,0
3401,1257,45,0
3401,373,46,0
3401,4045,47,0
3401,4048,48,0
3401,4051,49,0
3401,4054,50,0
3401,4039,51,0
3401,4041,52,0
3401,4070,53,0
3401,4068,54,0
3401,3978,55,0
3401,4061,56,0
3401,4060,57,1
3404,374,1,0
3404,4059,2,0
3404,4062,3,0
3404,4043,4,0
3404,4067,5,0
3404,4069,6,0
3404,4042,7,0
3404,4040,8,0
3404,4055,9,0
3404,4050,10,0
3404,4049,11,0
3404,4047,12,0
3404,4046,13,0
3404,3987,14,0
3404,3985,15,0
3404,3984,16,0
3404,3983,17,0
3404,2443,18,0
3404,4077,19,0
3404,1054,20,0
3404,46,21,0
3404,148,22,0
3404,107,23,0
3404,1120,24,0
3404,1050,25,0
3404,2519,26,0
3404,369,27,0
3404,1524,28,0
3404,1523,29,0
3404,1526,30,0
3404,2515,31,0
3404,2517,32,0
3404,2513,33,0
3404,1203,34,0
3404,4027,35,0
3404,4029,36,0
3404,4032,37,0
3404,4030,38,0
3404,3570,39,0
3404,3838,40,0
3404,4036,41,0
3404,4034,42,0
3404,4037,43,0
3404,1137,44,0
3404,1135,45,0
3404,1134,46,0
3404,1132,47,0
3404,1130,48,0
3404,1128,49,0
3404,797,50,0
3404,798,51,0
3404,799,52,0
3404,800,53,0
3404,771,54,1
3502,378,1,0
3502,2841,2,0
3502,2112,3,0
3502,2114,4,0
3502,2113,5,0
3502,1993,6,0
3502,3875,7,0
3502,3876,8,0
3502,3877,9,0
3502,3878,10,0
3502,3879,11,0
3502,3880,12,0
3502,3881,13,0
3502,2462,14,0
3502,2214,15,0
3502,864,16,0
3502,865,17,0
3502,39,18,1
3503,39,1,0
3503,850,2,0
3503,2414,3,0
3503,2412,4,0
3503,2213,5,0
3503,2463,6,0
3503,2461,7,0
3503,1211,8,0
3503,1209,9,0
3503,1207,10,0
3503,1213,11,0
3503,1205,12,0
3503,1362,13,0
3503,378,14,1
3601,245,1,0
3601,839,2,0
3601,840,3,0
3601,2050,4,0
3601,2046,5,0
3601,2048,6,0
3601,2058,7,0
3601,2056,8,0
3601,2061,9,0
3601,2059,10,0
3601,2045,11,0
3601,3478,12,0
3601,3479,13,0
3601,3492,14,0
3601,3477,15,0
3601,3476,16,0
3601,464,17,1
3604,464,1,0
3604,3954,2,0
3604,2064,3,0
3604,1895,4,0
3604,1896,5,0
3604,1894,6,0
3604,2060,7,0
3604,2057,8,0
3604,2047,9,0
3604,2049,10,0
3604,2051,11,0
3604,2063,12,0
3604,489,13,0
3604,245,14,1
3702,2033,1,0
3702,2032,2,0
3702,2034,3,0
3702,478,4,0
3702,2257,5,0
3702,1212,6,0
3702,1216,7,0
3702,1537,8,0
3702,1581,9,0
3702,1603,10,0
3702,1604,11,0
3702,1572,12,0
3702,1538,13,0
3702,1558,14,0
3702,39,15,1
3703,39,1,0
3703,1559,2,0
3703,1611,3,0
3703,1571,4,0
3703,1602,5,0
3703,1548,6,0
3703,1536,7,0
3703,3493,8,0
3703,3495,9,0
3703,3494,10,0
3703,2258,11,0
3703,2262,12,0
3703,2259,13,0
3703,2261,14,0
3703,2260,15,0
3703,2033,16,1
9002,156,1,0
9002,4097,2,0
9002,739,3,0
9002,192,4,0
9002,746,5,0
9002,2569,6,0
9002,193,7,0
9002,104,8,0
9002,759,9,0
9002,2143,10,0
9002,764,11,0
9002,47,12,1
9003,47,1,0
9003,1052,2,0
9003,2144,3,0
9003,815,4,0
9003,111,5,0
9003,3943,6,0
9003,656,7,0
9003,661,8,0
9003,184,9,0
9003,667,10,0
9003,4099,11,0
9003,156,12,1
9101,3469,1,0
9101,238,2,0
9101,950,3,0
9101,954,4,0
9101,956,5,0
9101,241,6,0
9101,82,7,0
9101,829,8,0
9101,243,9,0
9101,248,10,1
9104,248,1,0
9104,62,2,0
9104,888,3,0
9104,63,4,0
9104,253,5,0
9104,900,6,0
9104,460,7,0
9104,255,8,0
9104,257,9,0
9104,3469,10,1
9202,2370,1,0
9202,3980,2,0
9202,1173,3,0
9202,1171,4,0
9202,225,5,0
9202,1183,6,0
9202,227,7,0
9202,23,8,0
9202,1161,9,0
9202,180,10,0
9202,1996,11,1
9203,1996,1,0
9203,228,2,0
9203,1162,3,0
9203,229,4,0
9203,230,5,0
9203,1184,6,0
9203,232,7,0
9203,606,8,0
9203,601,9,0
9203,3981,10,0
9203,2370,11,1
9302,72,1,0
9302,2242,2,0
9302,3802,3,0
9302,1928,4,0
9302,1921,5,0
9302,1900,6,0
9302,1912,7,0
9302,1924,8,0
9302,1923,9,0
9302,1911,10,0
9302,2840,11,0
9302,1909,12,0
9302,1915,13,0
9302,1913,14,0
9302,1925,15,0
9302,1936,16,0
9302,76,17,0
9302,1579,18,0
9302,3872,19,0
9302,3871,20,0
9302,1676,21,0
9302,1829,22,0
9302,1832,23,0
9302,1830,24,0
9302,1836,25,0
9302,332,26,0
9302,4078,27,0
9302,2503,28,0
9302,2471,29,0
9302,4084,30,0
9302,45,31,0
9302,2448,32,0
9302,2451,33,0
9302,2447,34,0
9302,4064,35,0
9302,1996,36,1
9303,1996,1,0
9303,4065,2,0
9303,4075,3,0
9303,1055,4,0
9303,2456,5,0
9303,2493,6,0
9303,26,7,0
9303,2506,8,0
9303,2472,9,0
9303,2504,10,0
9303,4080,11,0
9303,1834,12,0
9303,1835,13,0
9303,1831,14,0
9303,1833,15,0
9303,328,16,0
9303,3869,17,0
9303,3870,18,0
9303,1577,19,0
9303,1580,20,0
9303,329,21,0
9303,1926,22,0
9303,1927,23,0
9303,1916,24,0
9303,1917,25,0
9303,1370,26,0
9303,1369,27,0
9303,1373,28,0
9303,330,29,0
9303,72,30,1
9401,48,1,0
9401,2456,2,0
9401,2493,3,0
9401,26,4,0
9401,27,5,0
9401,3936,6,0
9401,656,7,0
9401,1613,8,0
9401,30,9,0
9401,1562,10,0
9401,31,11,0
9401,1600,12,0
9401,39,13,1
9404,39,1,0
9404,1545,2,0
9404,40,3,0
9404,1563,4,0
9404,41,5,0
9404,1614,6,0
9404,3940,7,0
9404,2594,8,0
9404,45,9,0
9404,2448,10,0
9404,4044,11,0
9404,4038,12,0
9404,48,13,1
10202,3940,1,0
10202,3941,2,0
10202,458,3,0
10202,2210,4,0
10202,2594,5,0
10202,2495,6,0
10202,2494,7,0
10202,2484,8,0
10202,45,9,0
10202,2448,10,0
10202,2449,11,0
10202,2454,12,0
10202,2452,13,0
10202,2451,14,0
10202,46,15,0
10202,262,16,0
10202,48,17,1
10203,48,1,0
10203,2447,2,0
10203,3970,3,0
10203,1050,4,0
10203,2138,5,0
10203,2135,6,0
10203,2144,7,0
10203,812,8,0
10203,814,9,0
10203,110,10,0
10203,815,11,0
10203,816,12,0
10203,111,13,0
10203,818,14,0
10203,2126,15,0
10203,2131,16,0
10203,820,17,0
10203,3943,18,0
10203,655,19,0
10203,656,20,0
10203,21,21,0
10203,752,22,0
10203,3940,23,1
10402,3889,1,0
10402,1390,2,0
10402,1388,3,0
10402,2141,4,0
10402,2130,5,0
10402,2132,6,0
10402,193,7,0
10402,753,8,0
10402,755,9,0
10402,756,10,0
10402,241,11,0
10402,822,12,0
10402,823,13,0
10402,824,14,0
10402,825,15,0
10402,826,16,0
10402,82,17,0
10402,827,18,0
10402,828,19,0
10402,829,20,0
10402,830,21,0
10402,831,22,0
10402,2062,23,0
10402,832,24,0
10402,833,25,0
10402,2052,26,0
10402,835,27,0
10402,836,28,0
10402,837,29,0
10402,243,30,0
10402,61,31,1
10403,61,1,0
10403,879,2,0
10403,880,3,0
10403,62,4,0
10403,881,5,0
10403,882,6,0
10403,883,7,0
10403,884,8,0
10403,885,9,0
10403,886,10,0
10403,887,11,0
10403,888,12,0
10403,889,13,0
10403,890,14,0
10403,63,15,0
10403,891,16,0
10403,892,17,0
10403,893,18,0
10403,894,19,0
10403,895,20,0
10403,111,21,0
10403,818,22,0
10403,2126,23,0
10403,2131,24,0
10403,820,25,0
10403,3942,26,0
10403,3944,27,0
10403,1852,28,0
10403,215,29,0
10403,2159,30,0
10403,2160,31,0
10403,3889,32,1
10602,193,1,0
10602,753,2,0
10602,755,3,0
10602,756,4,0
10602,104,5,0
10602,758,6,0
10602,759,7,0
10602,105,8,0
10602,760,9,0
10602,761,10,0
10602,762,11,0
10602,1139,12,0
10602,763,13,0
10602,262,14,0
10602,48,15,1
10603,48,1,0
10603,1054,2,0
10603,1055,3,0
10603,2456,4,0
10603,2457,5,0
10603,2455,6,0
10603,2450,7,0
10603,2493,8,0
10603,26,9,0
10603,2498,10,0
10603,2492,11,0
10603,2496,12,0
10603,27,13,0
10603,2209,14,0
10603,1598,15,0
10603,3937,16,0
10603,80,17,0
10603,193,18,1
