'2',3100,63300,,'',0,8800,,'',0,3300,,'',0,6800,,'',0,2800,,'',0,6800,,'',0,2300,,'',0,6700,,'',0,2700,,'',0,6700,,'',0,2700,,'',0,2700,,'',0,6700,,'',0,2800,,'',0,6700,,'',0,2700,,'',0,6700,,'',0,3200,,'',0,7000,,'',0,3000,,'',0,7000,,'',0,3000,,'',0,7000,,'',0,2700,,'',0,7000,,'',0,3000,,'',0,7000,,'',0,3000,,'',0,7000,,'',0,3000,,'',0,7000,,'',0,3000,,'',0,7000,,'',0,3000,,'',0
'2',3101,63100,4,'',0,8800,4,'',0,3300,4,'',0,6800,4,'',0,2800,4,'',0,6800,4,'',0,2300,4,'',0,6700,4,'',0,2700,4,'',0,6700,4,'',0,2700,4,'',0,2700,4,'',0,6700,4,'',0,2800,4,'',0,6700,4,'',0,2700,4,'',0,6700,4,'',0,3200,4,'',0,7000,4,'',0,3000,4,'',0,7000,4,'',0,2900,4,'',0,7000,4,'',0,3000,4,'',0,7000,4,'',0,2700,4,'',0,7000,4,'',0,3000,4,'',0,7000,4,'',0,3000,4,'',0,6300,4,'',0,3000,4,'',0,7000,4,'',0,3000,4,'',0,7000,4,'',0
'3',3100,80000,,'',0,2500,,'',0,2400,,'',0,6500,,'',0,2500,,'',0,6500,,'',0,2500,,'',0,2500,,'',0,6500,,'',0,2500,,'',0,6500,,'',0,2500,,'',0,2500,,'',0,6500,,'',0,2500,,'',0,6700,,'',0,2700,,'',0,6700,,'',0,2700,,'',0,6700,,'',0,2700,,'',0,2700,,'',0,6700,,'',0,2700,,'',0,6600,,'',0,2500,,'',0,6600,,'',0,2500,,'',0,6600,,'',0,2600,,'',0,2500,,'',0,6500,,'',0,2400,,'',0,6200,,'',0,2100,,'',0,2100,,'',0,6600,,'',0
'3',3101,82200,4,'',0,2500,4,'',0,6500,4,'',0,2500,4,'',0,6500,4,'',0,2600,4,'',0,2400,4,'',0,6500,4,'',0,2500,4,'',0,6500,4,'',0,2500,4,'',0,2500,4,'',0,6500,4,'',0,2500,4,'',0,6500,4,'',0,2800,4,'',0,6700,4,'',0,2700,4,'',0,6700,4,'',0,2700,4,'',0,2700,4,'',0,6700,4,'',0,2700,4,'',0,6600,4,'',0,2500,4,'',0,6600,4,'',0,2600,4,'',0,2600,4,'',0,6500,4,'',0,2500,4,'',0,6500,4,'',0,2500,4,'',0,2100,4,'',0,6200,4,'',0,2200,4,'',0,6500,4,'',0,2500,4,'',0
'30',3100,85000,,'',0,6500,,'',0,2500,,'',0,6500,,'',0,2500,,'',0,2500,,'',0,6500,,'',0,2500,,'',0,6500,,'',0,2500,,'',0,6500,,'',0,2500,,'',0,2500,,'',0,6500,,'',0,2500,,'',0,6500,,'',0,2500,,'',0,2500,,'',0,6500,,'',0,2500,,'',0,6500,,'',0,2500,,'',0,6500,,'',0,2500,,'',0,2500,,'',0,6500,,'',0,2500,,'',0
'30',3101,84800,4,'',0,6500,4,'',0,2500,4,'',0,6500,4,'',0,2500,4,'',0,2500,4,'',0,6500,4,'',0,2500,4,'',0,6600,4,'',0,2600,4,'',0,6500,4,'',0,2500,4,'',0,2500,4,'',0,6500,4,'',0,2500,4,'',0,6500,4,'',0,2500,4,'',0,2500,4,'',0,6500,4,'',0,2500,4,'',0,6500,4,'',0,2500,4,'',0,6500,4,'',0,2500,4,'',0,2500,4,'',0,6500,4,'',0,2500,4,'',0,6500,4,'',0,2500,4,'',0
'4',3100,85000,,'',0,6500,,'',0,2500,,'',0,6500,,'',0,2500,,'',0,2500,,'',0,6500,,'',0,2500,,'',0,6500,,'',0,2500,,'',0,6500,,'',0,2500,,'',0,2500,,'',0,6500,,'',0,2500,,'',0,6500,,'',0,2500,,'',0,2500,,'',0,6500,,'',0,2500,,'',0,6500,,'',0,2500,,'',0,6500,,'',0,2500,,'',0,2500,,'',0,6500,,'',0,2500,,'',0
'4',3101,84800,4,'',0,6500,4,'',0,2500,4,'',0,6500,4,'',0,2500,4,'',0,2500,4,'',0,6500,4,'',0,2500,4,'',0,6600,4,'',0,2600,4,'',0,6500,4,'',0,2500,4,'',0,2500,4,'',0,6500,4,'',0,2500,4,'',0,6500,4,'',0,2500,4,'',0,2500,4,'',0,6500,4,'',0,2500,4,'',0,6500,4,'',0,2500,4,'',0,6500,4,'',0,2500,4,'',0,2500,4,'',0,6500,4,'',0,2500,4,'',0,6500,4,'',0,2500,4,'',0
'2',3300,71600,,'',0,3500,,'',0,7500,,'',0,7400,,'',0,3400,,'',0,7500,,'',0,3500,,'',0,7500,,'',0,3500,,'',0,7500,,'',0,7600,,'',0,3500,,'',0,7600,,'',0,4100,,'',0,8000,,'',0,8100,,'',0,3900,,'',0,8000,,'',0,7700,,'',0,3400,,'',0,7500,,'',0,3500,,'',0,7500,,'',0,7400,,'',0,3400,,'',0,7500,,'',0
'2',3301,71600,4,'',0,3500,4,'',0,7500,4,'',0,7400,4,'',0,3400,4,'',0,7500,4,'',0,3500,4,'',0,7500,4,'',0,3500,4,'',0,7500,4,'',0,7600,4,'',0,3500,4,'',0,7600,4,'',0,4100,4,'',0,8000,4,'',0,8100,4,'',0,3900,4,'',0,8000,4,'',0,7700,4,'',0,3400,4,'',0,7500,4,'',0,3500,4,'',0,7500,4,'',0,7400,4,'',0,3400,4,'',0,7500,4,'',0
