'2',1500,73100,4,'',0,7200,4,'',0,2700,4,'',0,7200,4,'',0,3000,4,'',0,7000,4,'',0,3000,4,'',0,7000,4,'',0,3000,4,'',0,7000,4,'',0,3000,4,'',0,7000,4,'',0,3000,4,'',0,7000,4,'',0,3300,4,'',0,7000,4,'',0,2500,4,'',0,7000,4,'',0,3100,4,'',0,7200,4,'',0,3400,4,'',0,7200,4,'',0,3200,4,'',0,10000,4,'',0,10200,4,'',0,8800,4,'',0,9000,4,'',0,10000,4,'',0,13000,4,'',0
'2',1501,55700,,'',0,7900,,'',0,6900,,'',0,2700,,'',0,7200,,'',0,3400,,'',0,7100,,'',0,3000,,'',0,7000,,'',0,3000,,'',0,7000,,'',0,3100,,'',0,7000,,'',0,3000,,'',0,7000,,'',0,2900,,'',0,6700,,'',0,3000,,'',0,7100,,'',0,2900,,'',0,6600,,'',0,3500,,'',0,7500,,'',0,3500,,'',0,7500,,'',0,8600,,'',0,9200,,'',0,10000,,'',0,10000,,'',0,5200,,'',0,9000,,'',0,10900,,'',0
'3',1500,65000,4,'',0,9500,4,'',0,9500,4,'',0,10000,4,'',0,10000,4,'',0,7500,4,'',0,4000,4,'',0,8100,4,'',0,8000,4,'',0,4000,4,'',0,8100,4,'',0,8000,4,'',0,4000,4,'',0,8000,4,'',0,8000,4,'',0,10000,4,'',0,9900,4,'',0,10000,4,'',0,9800,4,'',0,9500,4,'',0,5000,4,'',0,9600,4,'',0,6800,4,'',0,9500,4,'',0
'3',1501,65100,,'',0,10200,,'',0,10000,,'',0,8900,,'',0,10000,,'',0,8000,,'',0,7900,,'',0,4000,,'',0,8000,,'',0,8100,,'',0,4000,,'',0,8000,,'',0,8000,,'',0,4000,,'',0,8000,,'',0,10100,,'',0,10000,,'',0,10000,,'',0,9800,,'',0,9500,,'',0,9000,,'',0,12300,,'',0,8900,,'',0
'30',1500,81900,4,'',0,11700,4,'',0,8400,4,'',0,10000,4,'',0,9300,4,'',0,10100,4,'',0,10000,4,'',0,10000,4,'',0,10000,4,'',0,10000,4,'',0,9900,4,'',0,9500,4,'',0,9500,4,'',0,10000,4,'',0,5500,4,'',0,9600,4,'',0
'30',1501,62800,,'',0,19700,,'',0,11200,,'',0,9200,,'',0,9500,,'',0,9600,,'',0,10000,,'',0,10000,,'',0,10000,,'',0,10000,,'',0,10300,,'',0,9600,,'',0,10000,,'',0,9000,,'',0,10000,,'',0,9300,,'',0,5200,,'',0
'4',1500,81900,4,'',0,11700,4,'',0,8400,4,'',0,10000,4,'',0,9300,4,'',0,10100,4,'',0,10000,4,'',0,10000,4,'',0,10000,4,'',0,10000,4,'',0,9900,4,'',0,9500,4,'',0,9500,4,'',0,10000,4,'',0,5500,4,'',0,9600,4,'',0
'4',1501,62800,,'',0,19700,,'',0,11200,,'',0,9200,,'',0,9500,,'',0,9600,,'',0,10000,,'',0,10000,,'',0,10000,,'',0,10000,,'',0,10300,,'',0,9600,,'',0,10000,,'',0,9000,,'',0,10000,,'',0,9300,,'',0,5200,,'',0
'8402',1500,105700,4,'',0
'8402',1501,90400,,'',0
