'2',3100,63300,,'',0,8800,,'',0,3300,,'',0,6800,,'',0,2800,,'',0,6800,,'',0,2300,,'',0,6700,,'',0,2700,,'',0,6700,,'',0,2700,,'',0,2700,,'',0,6700,,'',0,2800,,'',0,6700,,'',0,2700,,'',0,6700,,'',0,3200,,'',0,7000,,'',0,3000,,'',0,7000,,'',0,3000,,'',0,7000,,'',0,2900,,'',0,7000,,'',0,4000,,'',0,10600,,'',0,9500,,'',0,8500,,'',0,8800,,'',0
'2',3101,63100,4,'',0,8800,4,'',0,3300,4,'',0,6800,4,'',0,2800,4,'',0,6800,4,'',0,2300,4,'',0,6700,4,'',0,2700,4,'',0,6700,4,'',0,2700,4,'',0,2700,4,'',0,6700,4,'',0,2800,4,'',0,6700,4,'',0,2700,4,'',0,6700,4,'',0,3200,4,'',0,7000,4,'',0,3000,4,'',0,7000,4,'',0,2900,4,'',0,7000,4,'',0,3000,4,'',0,7000,4,'',0,4000,4,'',0,10600,4,'',0,9500,4,'',0,8500,4,'',0,8800,4,'',0,8000,4,'',0
'3',3100,83000,,'',0,8400,,'',0,9000,,'',0,2500,,'',0,2500,,'',0,6500,,'',0,2500,,'',0,6500,,'',0,2500,,'',0,2500,,'',0,6500,,'',0,2500,,'',0,6700,,'',0,2700,,'',0,6700,,'',0,2700,,'',0,6700,,'',0,2700,,'',0,2700,,'',0,6700,,'',0,2700,,'',0,9100,,'',0,9100,,'',0,9200,,'',0,9000,,'',0,8600,,'',0,4200,,'',0
'3',3101,91200,4,'',0,9000,4,'',0,2600,4,'',0,2400,4,'',0,6500,4,'',0,2500,4,'',0,6500,4,'',0,2500,4,'',0,2500,4,'',0,6500,4,'',0,2500,4,'',0,6500,4,'',0,2800,4,'',0,6700,4,'',0,2700,4,'',0,6700,4,'',0,2700,4,'',0,2700,4,'',0,6700,4,'',0,2700,4,'',0,9100,4,'',0,9200,4,'',0,9100,4,'',0,9000,4,'',0,4600,4,'',0,8400,4,'',0
'30',3100,85000,,'',0,9000,,'',0,9000,,'',0,9000,,'',0,9000,,'',0,9000,,'',0,5000,,'',0,9000,,'',0,9000,,'',0,9000,,'',0,9000,,'',0,9000,,'',0,5000,,'',0,9000,,'',0
'30',3101,84800,4,'',0,9000,4,'',0,9000,4,'',0,9000,4,'',0,9100,4,'',0,9100,4,'',0,5000,4,'',0,9000,4,'',0,9000,4,'',0,9000,4,'',0,9000,4,'',0,3900,4,'',0,9000,4,'',0,9000,4,'',0,9000,4,'',0
'4',3100,85000,,'',0,9000,,'',0,9000,,'',0,9000,,'',0,9000,,'',0,9000,,'',0,5000,,'',0,9000,,'',0,9000,,'',0,9000,,'',0,9000,,'',0,9000,,'',0,5000,,'',0,9000,,'',0
'4',3101,84800,4,'',0,9000,4,'',0,9000,4,'',0,9000,4,'',0,9100,4,'',0,9100,4,'',0,5000,4,'',0,9000,4,'',0,9000,4,'',0,9000,4,'',0,9000,4,'',0,3900,4,'',0,9000,4,'',0,9000,4,'',0,9000,4,'',0
'8402',3100,62500,,'',0,9000,,'',0
'8402',3101,62300,4,'',0,9200,4,'',0
'2',3300,71900,,'',0,1300,,'',0,1300,,'',0,1300,,'',0,5300,,'',0,1300,,'',0,1300,,'',0,1300,,'',0,5300,,'',0,1300,,'',0,1100,,'',0,1300,,'',0,1300,,'',0,5300,,'',0,1300,,'',0,1300,,'',0,1300,,'',0,1300,,'',0,5300,,'',0,1300,,'',0,1300,,'',0,1300,,'',0,5300,,'',0,1300,,'',0,1500,,'',0,1300,,'',0,1300,,'',0,5300,,'',0,1500,,'',0,1500,,'',0,1500,,'',0,5500,,'',0,1500,,'',0,1500,,'',0,1500,,'',0,5500,,'',0,1500,,'',0,1500,,'',0,1500,,'',0,5500,,'',0,1600,,'',0,1500,,'',0,1500,,'',0,5500,,'',0,1500,,'',0,1500,,'',0,1500,,'',0,5700,,'',0,1600,,'',0,1700,,'',0,5700,,'',0,1700,,'',0,1700,,'',0,1700,,'',0,5800,,'',0,1800,,'',0,1800,,'',0,5700,,'',0,1700,,'',0,1700,,'',0,1700,,'',0,5700,,'',0,1700,,'',0
'2',3301,71700,4,'',0,1300,4,'',0,1300,4,'',0,1300,4,'',0,5300,4,'',0,1300,4,'',0,1300,4,'',0,1300,4,'',0,5300,4,'',0,1300,4,'',0,1100,4,'',0,1300,4,'',0,1300,4,'',0,5300,4,'',0,1300,4,'',0,1300,4,'',0,1300,4,'',0,1300,4,'',0,5300,4,'',0,1300,4,'',0,1300,4,'',0,1300,4,'',0,5300,4,'',0,1300,4,'',0,1500,4,'',0,1300,4,'',0,1300,4,'',0,5300,4,'',0,1500,4,'',0,1500,4,'',0,1500,4,'',0,5500,4,'',0,1500,4,'',0,1500,4,'',0,1500,4,'',0,5500,4,'',0,1500,4,'',0,1500,4,'',0,1500,4,'',0,5500,4,'',0,1600,4,'',0,1500,4,'',0,1500,4,'',0,5500,4,'',0,1500,4,'',0,1500,4,'',0,1500,4,'',0,5700,4,'',0,1600,4,'',0,1900,4,'',0,5700,4,'',0,1700,4,'',0,1700,4,'',0,1700,4,'',0,5700,4,'',0,1700,4,'',0,1700,4,'',0,5700,4,'',0,1700,4,'',0,1700,4,'',0,1700,4,'',0,5700,4,'',0,2000,4,'',0
