'2',2500,62200,4,'',0,2300,4,'',0,7100,4,'',0,2500,4,'',0,7000,4,'',0,3100,4,'',0,7000,4,'',0,3000,4,'',0,7000,4,'',0,3000,4,'',0,7000,4,'',0,3000,4,'',0,7000,4,'',0,2500,4,'',0,7000,4,'',0,3000,4,'',0,7100,4,'',0,2800,4,'',0,2000,4,'',0,5700,4,'',0,2500,4,'',0,6500,4,'',0,1500,4,'',0,2000,4,'',0,6500,4,'',0,1500,4,'',0,8500,4,'',0,2000,4,'',0,3000,4,'',0,6500,4,'',0,2500,4,'',0,6600,4,'',0,3000,4,'',0,7000,4,'',0,2400,4,'',0,2500,4,'',0,6500,4,'',0,2500,4,'',0,6500,4,'',0,2500,4,'',0,6300,4,'',0
'2',2501,60600,,'',0,2200,,'',0,1900,,'',0,7200,,'',0,3000,,'',0,7000,,'',0,3200,,'',0,7000,,'',0,3000,,'',0,7000,,'',0,3000,,'',0,7000,,'',0,2600,,'',0,6700,,'',0,3000,,'',0,7000,,'',0,2900,,'',0,6700,,'',0,3000,,'',0,6000,,'',0,2000,,'',0,2000,,'',0,6500,,'',0,1500,,'',0,2000,,'',0,6500,,'',0,2500,,'',0,7500,,'',0,2300,,'',0,2700,,'',0,6500,,'',0,2800,,'',0,7000,,'',0,3200,,'',0,6300,,'',0,2500,,'',0,6500,,'',0,2500,,'',0,2500,,'',0,6300,,'',0,2700,,'',0
'3',2500,64500,4,'',0,6300,4,'',0,2400,4,'',0,2500,4,'',0,6600,4,'',0,2400,4,'',0,6700,4,'',0,2600,4,'',0,7000,4,'',0,2300,4,'',0,7000,4,'',0,2700,4,'',0,7000,4,'',0,2600,4,'',0,2500,4,'',0,7000,4,'',0,2500,4,'',0,7100,4,'',0,2600,4,'',0,7000,4,'',0,3000,4,'',0,7000,4,'',0,3000,4,'',0,7000,4,'',0,3000,4,'',0,6900,4,'',0,3000,4,'',0,7000,4,'',0,3000,4,'',0,6800,4,'',0,2700,4,'',0,6800,4,'',0,2500,4,'',0,2500,4,'',0,6500,4,'',0,2500,4,'',0,6500,4,'',0
'3',2501,62000,,'',0,2500,,'',0,6600,,'',0,2500,,'',0,6500,,'',0,2600,,'',0,2700,,'',0,6700,,'',0,2500,,'',0,7000,,'',0,2500,,'',0,7000,,'',0,2400,,'',0,6600,,'',0,3000,,'',0,2500,,'',0,7000,,'',0,2600,,'',0,6900,,'',0,3000,,'',0,7000,,'',0,3000,,'',0,7000,,'',0,3000,,'',0,7000,,'',0,3000,,'',0,7000,,'',0,3000,,'',0,6400,,'',0,3100,,'',0,6700,,'',0,2900,,'',0,6700,,'',0,2700,,'',0,6500,,'',0,2500,,'',0,2500,,'',0,6200,,'',0
'30',2500,90700,4,'',0,2500,4,'',0,7000,4,'',0,3000,4,'',0,7000,4,'',0,3000,4,'',0,7000,4,'',0,3000,4,'',0,7000,4,'',0,3000,4,'',0,7000,4,'',0,3000,4,'',0,7000,4,'',0,3000,4,'',0,2700,4,'',0,6700,4,'',0,2700,4,'',0,6700,4,'',0,2200,4,'',0,6700,4,'',0,2700,4,'',0,6400,4,'',0,3000,4,'',0,2800,4,'',0,7000,4,'',0,7300,4,'',0,3000,4,'',0,7000,4,'',0,2500,4,'',0,3000,4,'',0
'30',2501,91000,,'',0,3500,,'',0,6500,,'',0,3000,,'',0,7000,,'',0,3000,,'',0,7000,,'',0,3000,,'',0,7000,,'',0,3000,,'',0,7000,,'',0,3000,,'',0,6800,,'',0,2700,,'',0,6700,,'',0,2700,,'',0,2700,,'',0,6700,,'',0,2700,,'',0,6700,,'',0,2700,,'',0,6500,,'',0,3000,,'',0,7000,,'',0,3000,,'',0,7200,,'',0,3100,,'',0,6900,,'',0,1500,,'',0,8200,,'',0
'4',2500,90700,4,'',0,2500,4,'',0,7000,4,'',0,3000,4,'',0,7000,4,'',0,3000,4,'',0,7000,4,'',0,3000,4,'',0,7000,4,'',0,3000,4,'',0,7000,4,'',0,3000,4,'',0,7000,4,'',0,3000,4,'',0,2700,4,'',0,6700,4,'',0,2700,4,'',0,6700,4,'',0,2200,4,'',0,6700,4,'',0,2700,4,'',0,6400,4,'',0,3000,4,'',0,2800,4,'',0,7000,4,'',0,7300,4,'',0,3000,4,'',0,7000,4,'',0,2500,4,'',0,3000,4,'',0
'4',2501,91000,,'',0,3500,,'',0,6500,,'',0,3000,,'',0,7000,,'',0,3000,,'',0,7000,,'',0,3000,,'',0,7000,,'',0,3000,,'',0,7000,,'',0,3000,,'',0,6800,,'',0,2700,,'',0,6700,,'',0,2700,,'',0,2700,,'',0,6700,,'',0,2700,,'',0,6700,,'',0,2700,,'',0,6500,,'',0,3000,,'',0,7000,,'',0,3000,,'',0,7200,,'',0,3100,,'',0,6900,,'',0,1500,,'',0,8200,,'',0
'5',2500,90700,4,'',0,2500,4,'',0,7000,4,'',0,3000,4,'',0,7000,4,'',0,3000,4,'',0,7000,4,'',0,3000,4,'',0,7000,4,'',0,3000,4,'',0,7000,4,'',0,3000,4,'',0,7000,4,'',0,3000,4,'',0,2700,4,'',0,6700,4,'',0,2700,4,'',0,6700,4,'',0,2200,4,'',0,6700,4,'',0,2700,4,'',0,6400,4,'',0,3000,4,'',0,2800,4,'',0,7000,4,'',0,7300,4,'',0,3000,4,'',0,7000,4,'',0,2500,4,'',0,3000,4,'',0
'5',2501,91000,,'',0,3500,,'',0,6500,,'',0,3000,,'',0,7000,,'',0,3000,,'',0,7000,,'',0,3000,,'',0,7000,,'',0,3000,,'',0,7000,,'',0,3000,,'',0,6800,,'',0,2700,,'',0,6700,,'',0,2700,,'',0,2700,,'',0,6700,,'',0,2700,,'',0,6700,,'',0,2700,,'',0,6500,,'',0,3000,,'',0,7000,,'',0,3000,,'',0,7200,,'',0,3100,,'',0,6900,,'',0,1500,,'',0,8200,,'',0
'6',2500,90900,4,'',0,4500,4,'',0,8500,4,'',0,8500,4,'',0,9000,4,'',0,8600,4,'',0,10000,4,'',0,5000,4,'',0,9200,4,'',0,9000,4,'',0,9000,4,'',0,9500,4,'',0,8500,4,'',0,4500,4,'',0,9000,4,'',0,9000,4,'',0,9000,4,'',0,8900,4,'',0
'6',2501,91500,,'',0,8500,,'',0,4500,,'',0,8500,,'',0,8500,,'',0,10000,,'',0,9000,,'',0,5000,,'',0,9000,,'',0,9000,,'',0,10000,,'',0,8500,,'',0,8500,,'',0,5000,,'',0,9000,,'',0,8500,,'',0,9000,,'',0,8800,,'',0
'8',2500,90700,4,'',0,2500,4,'',0,7000,4,'',0,3000,4,'',0,7000,4,'',0,3000,4,'',0,7000,4,'',0,3000,4,'',0,7000,4,'',0,3000,4,'',0,7000,4,'',0,3000,4,'',0,7000,4,'',0,3000,4,'',0,2700,4,'',0,6700,4,'',0,2700,4,'',0,6700,4,'',0,2200,4,'',0,6700,4,'',0,2700,4,'',0,6400,4,'',0,3000,4,'',0,2800,4,'',0,7000,4,'',0,7300,4,'',0,3000,4,'',0,7000,4,'',0,2500,4,'',0,3000,4,'',0,7000,4,'',0,3000,4,'',0,7000,4,'',0,3000,4,'',0
'8',2501,91000,,'',0,3500,,'',0,6500,,'',0,3000,,'',0,7000,,'',0,3000,,'',0,7000,,'',0,3000,,'',0,7000,,'',0,3000,,'',0,7000,,'',0,3000,,'',0,6800,,'',0,2700,,'',0,6700,,'',0,2700,,'',0,2700,,'',0,6700,,'',0,2700,,'',0,6700,,'',0,2700,,'',0,6500,,'',0,3000,,'',0,7000,,'',0,3000,,'',0,7200,,'',0,3100,,'',0,6900,,'',0,3000,,'',0,7000,,'',0,2700,,'',0,7000,,'',0,3000,,'',0
'2',3400,60000,0,'Masonville',0,4000,0,'Masonville',0,900,4,'',0,6100,0,'Masonville',0,1900,4,'',0,2100,0,'Masonville',0,6200,4,'',0,2000,0,'Masonville',0,2200,4,'',0,6100,0,'Masonville',0,1800,4,'',0,2200,0,'Masonville',0,6000,4,'',0,2000,0,'Masonville',0,2000,4,'',0,6000,0,'Masonville',0,2000,4,'',0,6500,0,'Masonville',0,1600,4,'',0,2400,0,'Masonville',0,6000,4,'',0,2000,0,'Masonville',0,2000,4,'',0,6000,0,'Masonville',0,2000,4,'',0,2000,0,'Masonville',0,6000,4,'',0,2000,0,'Masonville',0,2000,4,'',0,6000,0,'Masonville',0,2000,4,'',0,2000,0,'Masonville',0,6000,4,'',0,2000,0,'Masonville',0,2000,4,'',0,6000,0,'Masonville',0,2000,4,'',0,2000,0,'Masonville',0,6000,4,'',0,2000,0,'Masonville',0,2000,4,'',0,6000,0,'Masonville',0,2000,4,'',0,2000,0,'Masonville',0,6000,4,'',0,2000,0,'Masonville',0,2000,4,'',0,6000,0,'Masonville',0,1500,4,'',0,2500,0,'Masonville',0,1500,4,'',0,6500,0,'Masonville',0,1500,4,'',0,1600,0,'Garage',0,6400,4,'',0,1600,0,'Garage',0
'3',3400,75000,0,'Masonville',0,8000,0,'Masonville',0,500,4,'',0,7500,0,'Masonville',0,500,4,'',0,3500,0,'Masonville',0,500,4,'',0,7500,0,'Masonville',0,900,4,'',0,7100,0,'Masonville',0,1100,4,'',0,2900,0,'Masonville',0,5100,4,'',0,2900,0,'Masonville',0,1100,4,'',0,6900,0,'Masonville',0,1100,4,'',0,2900,0,'Masonville',0,5100,4,'',0,2900,0,'Masonville',0,1100,4,'',0,6900,0,'Masonville',0,1300,4,'',0,2700,0,'Masonville',0,5300,4,'',0,2700,0,'Masonville',0,1300,4,'',0,6700,0,'Masonville',0,1300,4,'',0,2700,0,'Masonville',0,5300,4,'',0,2700,0,'Masonville',0,1300,4,'',0,6700,0,'Masonville',0,1500,4,'',0,2500,0,'Masonville',0,5500,4,'',0,2500,0,'Masonville',0,1500,4,'',0,6500,0,'Masonville',0,1500,4,'',0,2500,0,'Masonville',0,600,4,'',0,7400,0,'Masonville',0,600,4,'',0,8000,4,'',0
'30',3400,100000,0,'Masonville',0,4000,0,'Masonville',0,1200,4,'',0,6800,0,'Masonville',0,1200,4,'',0,6800,0,'Masonville',0,1200,4,'',0,2800,0,'Masonville',0,1200,4,'',0,6800,0,'Masonville',0,1200,4,'',0,6800,0,'Masonville',0,1200,4,'',0,2800,0,'Masonville',0,700,4,'',0,7300,0,'Masonville',0,700,4,'',0,7300,0,'Masonville',0,700,4,'',0,3300,0,'Masonville',0,700,4,'',0,7300,0,'Masonville',0,700,4,'',0,7300,0,'Masonville',0,700,4,'',0,3300,0,'Masonville',0,700,4,'',0,7300,0,'Masonville',0,700,4,'',0,7300,0,'Masonville',0,700,4,'',0,3300,0,'Masonville',0,700,4,'',0,8000,4,'',0
'4',3400,100000,0,'Masonville',0,4000,0,'Masonville',0,1200,4,'',0,6800,0,'Masonville',0,1200,4,'',0,6800,0,'Masonville',0,1200,4,'',0,2800,0,'Masonville',0,1200,4,'',0,6800,0,'Masonville',0,1200,4,'',0,6800,0,'Masonville',0,1200,4,'',0,2800,0,'Masonville',0,700,4,'',0,7300,0,'Masonville',0,700,4,'',0,7300,0,'Masonville',0,700,4,'',0,3300,0,'Masonville',0,700,4,'',0,7300,0,'Masonville',0,700,4,'',0,7300,0,'Masonville',0,700,4,'',0,3300,0,'Masonville',0,700,4,'',0,7300,0,'Masonville',0,700,4,'',0,7300,0,'Masonville',0,700,4,'',0,3300,0,'Masonville',0,700,4,'',0,8000,4,'',0
'5',3400,100000,0,'Masonville',0,4000,0,'Masonville',0,1200,4,'',0,6800,0,'Masonville',0,1200,4,'',0,6800,0,'Masonville',0,1200,4,'',0,2800,0,'Masonville',0,1200,4,'',0,6800,0,'Masonville',0,1200,4,'',0,6800,0,'Masonville',0,1200,4,'',0,2800,0,'Masonville',0,700,4,'',0,7300,0,'Masonville',0,700,4,'',0,7300,0,'Masonville',0,700,4,'',0,3300,0,'Masonville',0,700,4,'',0,7300,0,'Masonville',0,700,4,'',0,7300,0,'Masonville',0,700,4,'',0,3300,0,'Masonville',0,700,4,'',0,7300,0,'Masonville',0,700,4,'',0,7300,0,'Masonville',0,700,4,'',0,3300,0,'Masonville',0,700,4,'',0,8000,4,'',0
'6',3400,100000,0,'Masonville',0,4000,0,'Masonville',0,1200,4,'',0,6800,0,'Masonville',0,1200,4,'',0,6800,0,'Masonville',0,1200,4,'',0,2800,0,'Masonville',0,1200,4,'',0,6800,0,'Masonville',0,1200,4,'',0,6800,0,'Masonville',0,1200,4,'',0,2800,0,'Masonville',0,700,4,'',0,7300,0,'Masonville',0,700,4,'',0,7300,0,'Masonville',0,700,4,'',0,3300,0,'Masonville',0,700,4,'',0,7300,0,'Masonville',0,700,4,'',0,7300,0,'Masonville',0,700,4,'',0,3300,0,'Masonville',0,700,4,'',0,7300,0,'Masonville',0,700,4,'',0,7300,0,'Masonville',0,700,4,'',0,3300,0,'Masonville',0,700,4,'',0,8000,4,'',0
'8',3400,100000,0,'Masonville',0,4000,0,'Masonville',0,1200,4,'',0,6800,0,'Masonville',0,1200,4,'',0,6800,0,'Masonville',0,1200,4,'',0,2800,0,'Masonville',0,1200,4,'',0,6800,0,'Masonville',0,1200,4,'',0,6800,0,'Masonville',0,1200,4,'',0,2800,0,'Masonville',0,700,4,'',0,7300,0,'Masonville',0,700,4,'',0,7300,0,'Masonville',0,700,4,'',0,3300,0,'Masonville',0,700,4,'',0,7300,0,'Masonville',0,700,4,'',0,7300,0,'Masonville',0,700,4,'',0,3300,0,'Masonville',0,700,4,'',0,7300,0,'Masonville',0,700,4,'',0,7300,0,'Masonville',0,700,4,'',0,3300,0,'Masonville',0,700,4,'',0,8000,4,'',0
