'2',700,60400,,'',0,2700,,'',0,2500,,'',0,6000,,'',0,2000,,'',0,2000,,'',0,6000,,'',0,2100,,'',0,6600,,'',0,3000,,'',0,7000,,'',0,2500,,'',0,3000,,'',0,7000,,'',0,2900,,'',0,7000,,'',0,3000,,'',0,7000,,'',0,2500,,'',0,6000,,'',0,2000,,'',0,2000,,'',0,6000,,'',0,2000,,'',0,1900,,'',0,6000,,'',0,2000,,'',0,2500,,'',0,5500,,'',0,2000,,'',0,2800,,'',0,6500,,'',0,2500,,'',0,6500,,'',0,2500,,'',0,6500,,'',0,2500,,'',0,7900,,'',0,3000,,'',0,7000,,'',0,3000,,'',0,7000,,'',0,2700,,'',0
'2',701,64700,4,'',0,6000,4,'',0,3800,4,'',0,6500,4,'',0,2000,4,'',0,2000,4,'',0,6000,4,'',0,1900,4,'',0,3000,4,'',0,5500,4,'',0,3000,4,'',0,7000,4,'',0,3000,4,'',0,7100,4,'',0,3100,4,'',0,7000,4,'',0,3000,4,'',0,7000,4,'',0,2500,4,'',0,6000,4,'',0,2000,4,'',0,2000,4,'',0,6000,4,'',0,2300,4,'',0,2000,4,'',0,6000,4,'',0,2000,4,'',0,2000,4,'',0,6000,4,'',0,1500,4,'',0,2500,4,'',0,6500,4,'',0,2500,4,'',0,2500,4,'',0,6500,4,'',0,3000,4,'',0,7800,4,'',0,7000,4,'',0,3000,4,'',0,7000,4,'',0,3000,4,'',0,7000,4,'',0
'3',700,60600,,'',0,5000,,'',0,8900,,'',0,7800,,'',0,2000,,'',0,6500,,'',0,2500,,'',0,7100,,'',0,3000,,'',0,2500,,'',0,6500,,'',0,2900,,'',0,7000,,'',0,3000,,'',0,6500,,'',0,3000,,'',0,7000,,'',0,3000,,'',0,7000,,'',0,3000,,'',0,7000,,'',0,3000,,'',0,7000,,'',0,2600,,'',0,7100,,'',0,3000,,'',0,7000,,'',0,2500,,'',0,7000,,'',0,3100,,'',0,7100,,'',0,2800,,'',0,7200,,'',0,3000,,'',0,7000,,'',0,3000,,'',0
'3',701,64800,4,'',0,9500,4,'',0,8500,4,'',0,3000,4,'',0,6500,4,'',0,3000,4,'',0,7100,4,'',0,2500,4,'',0,6500,4,'',0,3000,4,'',0,7100,4,'',0,2500,4,'',0,6500,4,'',0,3000,4,'',0,7000,4,'',0,2900,4,'',0,7000,4,'',0,3000,4,'',0,7000,4,'',0,3000,4,'',0,7000,4,'',0,3000,4,'',0,7000,4,'',0,3000,4,'',0,7000,4,'',0,2500,4,'',0,2500,4,'',0,7000,4,'',0,2500,4,'',0,6100,4,'',0,2900,4,'',0,7000,4,'',0,3000,4,'',0,7000,4,'',0,3000,4,'',0,7000,4,'',0
'30',700,83900,,'',0,8500,,'',0,3000,,'',0,7000,,'',0,2500,,'',0,6500,,'',0,2900,,'',0,7000,,'',0,3000,,'',0,6500,,'',0,3000,,'',0,7000,,'',0,3000,,'',0,6500,,'',0,3000,,'',0,7000,,'',0,2200,,'',0,3000,,'',0,7000,,'',0,3000,,'',0,7000,,'',0,3000,,'',0,7000,,'',0,3000,,'',0,7000,,'',0,3000,,'',0,7000,,'',0,3300,,'',0,7800,,'',0
'30',701,91900,4,'',0,2500,4,'',0,7500,4,'',0,2000,4,'',0,6500,4,'',0,3000,4,'',0,7000,4,'',0,2700,4,'',0,2500,4,'',0,7000,4,'',0,3000,4,'',0,7000,4,'',0,2500,4,'',0,7000,4,'',0,3000,4,'',0,7000,4,'',0,3000,4,'',0,6900,4,'',0,3000,4,'',0,7000,4,'',0,3000,4,'',0,7000,4,'',0,3000,4,'',0,7000,4,'',0,3000,4,'',0,7000,4,'',0,3000,4,'',0,6700,4,'',0,3000,4,'',0,7000,4,'',0
'4',700,83900,,'',0,8500,,'',0,3000,,'',0,7000,,'',0,2500,,'',0,6500,,'',0,2900,,'',0,7000,,'',0,3000,,'',0,6500,,'',0,3000,,'',0,7000,,'',0,3000,,'',0,6500,,'',0,3000,,'',0,7000,,'',0,2200,,'',0,3000,,'',0,7000,,'',0,3000,,'',0,7000,,'',0,3000,,'',0,7000,,'',0,3000,,'',0,7000,,'',0,3000,,'',0,7000,,'',0,3300,,'',0,7800,,'',0
'4',701,91900,4,'',0,2500,4,'',0,7500,4,'',0,2000,4,'',0,6500,4,'',0,3000,4,'',0,7000,4,'',0,2700,4,'',0,2500,4,'',0,7000,4,'',0,3000,4,'',0,7000,4,'',0,2500,4,'',0,7000,4,'',0,3000,4,'',0,7000,4,'',0,3000,4,'',0,6900,4,'',0,3000,4,'',0,7000,4,'',0,3000,4,'',0,7000,4,'',0,3000,4,'',0,7000,4,'',0,3000,4,'',0,7000,4,'',0,3000,4,'',0,6700,4,'',0,3000,4,'',0,7000,4,'',0
'8402',700,65100,,'',0
'8402',701,64200,4,'',0,20300,4,'',0
