'2',1700,60500,,'',0,2000,,'',0,3400,,'',0,8000,,'',0,7800,,'',0,8300,,'',0,4000,,'',0,8000,,'',0,8000,,'',0,3900,,'',0,7900,,'',0,4000,,'',0,8000,,'',0,7800,,'',0,4000,,'',0,8000,,'',0,8400,,'',0,8000,,'',0,3700,,'',0,7900,0,'Boler & Commissioners',0,2800,,'',0,5900,,'',0,1900,,'',0,1900,,'',0,5900,,'',0,1900,,'',0,1900,,'',0,1900,,'',0,6100,,'',0,2500,,'',0,7000,,'',0,2000,,'',0,2500,,'',0,6500,,'',0,2500,,'',0,6200,,'',0,2500,,'',0,9000,0,'Boler & Commissioners',0
'2',1701,60500,4,'',0,2000,4,'',0,3400,4,'',0,8000,4,'',0,7800,4,'',0,8300,4,'',0,4000,4,'',0,8000,4,'',0,8000,4,'',0,3900,4,'',0,7900,4,'',0,4000,4,'',0,8000,4,'',0,7800,4,'',0,4000,4,'',0,8000,4,'',0,8400,4,'',0,8000,4,'',0,3700,4,'',0,7900,4,'',0,2800,4,'',0,5900,4,'',0,1900,4,'',0,1900,4,'',0,5900,4,'',0,1900,4,'',0,1900,4,'',0,1900,4,'',0,6100,4,'',0,2500,4,'',0,7000,4,'',0,2000,4,'',0,2500,4,'',0,6500,4,'',0,2500,4,'',0,6200,4,'',0,2500,4,'',0,9000,4,'',0
'3',1700,60000,,'',0,3800,,'',0,7500,,'',0,4000,,'',0,7500,,'',0,3000,,'',0,8000,,'',0,6900,,'',0,3200,,'',0,7000,,'',0,3000,,'',0,7100,,'',0,3000,,'',0,7000,,'',0,3000,,'',0,7000,,'',0,3000,,'',0,7000,,'',0,3000,,'',0,7000,,'',0,3000,,'',0,7000,,'',0,3000,,'',0,7100,,'',0,2800,,'',0,7000,,'',0,2000,,'',0,3000,,'',0,7000,,'',0,7200,,'',0,1400,,'',0,2900,,'',0,7000,,'',0,3000,,'',0,1500,,'',0,7000,,'',0,2500,,'',0,6000,,'',0,2000,,'',0,7000,0,'Boler & Commissioners',0
'3',1701,60000,4,'',0,3800,4,'',0,7500,4,'',0,4000,4,'',0,7500,4,'',0,3000,4,'',0,8000,4,'',0,6900,4,'',0,3200,4,'',0,7000,4,'',0,3000,4,'',0,7100,4,'',0,3000,4,'',0,7000,4,'',0,3000,4,'',0,7000,4,'',0,3000,4,'',0,7000,4,'',0,3000,4,'',0,7000,4,'',0,3000,4,'',0,7000,4,'',0,3000,4,'',0,7100,4,'',0,2800,4,'',0,7000,4,'',0,2000,4,'',0,3000,4,'',0,7000,4,'',0,7200,4,'',0,1400,4,'',0,2900,4,'',0,7000,4,'',0,3000,4,'',0,1500,4,'',0,7000,4,'',0,2500,4,'',0,6000,4,'',0,2000,4,'',0,7000,4,'',0
'30',1700,62400,,'',0,3500,,'',0,7500,,'',0,7500,,'',0,3500,,'',0,7000,,'',0,3000,,'',0,7000,,'',0,2500,,'',0,6500,,'',0,2200,,'',0,3000,,'',0,7000,,'',0,2500,,'',0,6500,,'',0,3000,,'',0,7000,,'',0,2800,,'',0,7000,,'',0,3000,,'',0,7000,,'',0,3000,,'',0,7000,,'',0,2000,,'',0,7000,,'',0,3000,,'',0,7000,,'',0,4000,,'',0,7500,,'',0,3500,,'',0,7500,,'',0,7100,,'',0,3000,,'',0,7500,,'',0,3000,0,'Boler & Commissioners',0
'30',1701,65900,4,'',0,7500,4,'',0,7500,4,'',0,3500,4,'',0,7000,4,'',0,3000,4,'',0,7000,4,'',0,2500,4,'',0,6500,4,'',0,2200,4,'',0,3000,4,'',0,7000,4,'',0,2500,4,'',0,6500,4,'',0,3000,4,'',0,7000,4,'',0,2800,4,'',0,7000,4,'',0,3000,4,'',0,7000,4,'',0,3000,4,'',0,7000,4,'',0,2000,4,'',0,7000,4,'',0,3000,4,'',0,7000,4,'',0,4000,4,'',0,7500,4,'',0,3500,4,'',0,7500,4,'',0,7100,4,'',0,3000,4,'',0,7500,4,'',0,3000,4,'',0
'4',1700,62400,,'',0,3500,,'',0,7500,,'',0,7500,,'',0,3500,,'',0,7000,,'',0,3000,,'',0,7000,,'',0,2500,,'',0,6500,,'',0,2200,,'',0,3000,,'',0,7000,,'',0,2500,,'',0,6500,,'',0,3000,,'',0,7000,,'',0,2800,,'',0,7000,,'',0,3000,,'',0,7000,,'',0,3000,,'',0,7000,,'',0,2000,,'',0,7000,,'',0,3000,,'',0,7000,,'',0,4000,,'',0,7500,,'',0,3500,,'',0,7500,,'',0,7100,,'',0,3000,,'',0,7500,,'',0,3000,0,'Boler & Commissioners',0
'4',1701,65900,4,'',0,7500,4,'',0,7500,4,'',0,3500,4,'',0,7000,4,'',0,3000,4,'',0,7000,4,'',0,2500,4,'',0,6500,4,'',0,2200,4,'',0,3000,4,'',0,7000,4,'',0,2500,4,'',0,6500,4,'',0,3000,4,'',0,7000,4,'',0,2800,4,'',0,7000,4,'',0,3000,4,'',0,7000,4,'',0,3000,4,'',0,7000,4,'',0,2000,4,'',0,7000,4,'',0,3000,4,'',0,7000,4,'',0,4000,4,'',0,7500,4,'',0,3500,4,'',0,7500,4,'',0,7100,4,'',0,3000,4,'',0,7500,4,'',0,3000,4,'',0
'8402',1700,191300,,'',0
'8402',1701,191200,4,'',0
