'2',2500,60100,,'',0,2300,,'',0,2900,,'',0,6500,,'',0,3000,,'',0,7100,,'',0,3000,,'',0,7000,,'',0,3000,,'',0,7000,,'',0,3000,,'',0,7000,,'',0,3000,,'',0,6500,,'',0,3000,,'',0,7000,,'',0,3000,,'',0,6400,,'',0,2000,,'',0,1700,,'',0,6500,,'',0,2500,,'',0,1500,,'',0,6000,,'',0,2500,,'',0,1500,,'',0,8500,,'',0,6500,,'',0,3000,,'',0,2500,,'',0,6500,,'',0,2600,,'',0,7000,,'',0,3000,,'',0,7000,,'',0,9500,,'',0,9500,,'',0
'2',2501,62400,4,'',0,2200,4,'',0,6400,4,'',0,3200,4,'',0,7000,4,'',0,3000,4,'',0,7100,4,'',0,3000,4,'',0,7000,4,'',0,3000,4,'',0,7000,4,'',0,3000,4,'',0,6500,4,'',0,2800,4,'',0,7000,4,'',0,3000,4,'',0,7000,4,'',0,3100,4,'',0,7000,4,'',0,2000,4,'',0,2000,4,'',0,6000,4,'',0,2500,4,'',0,1500,4,'',0,6000,4,'',0,2500,4,'',0,2500,4,'',0,6900,4,'',0,2300,4,'',0,6700,4,'',0,2500,4,'',0,6800,4,'',0,3000,4,'',0,7000,4,'',0,2200,4,'',0,7300,4,'',0,5500,4,'',0,8900,4,'',0
'3',2500,62400,,'',0,8600,,'',0,9100,,'',0,2400,,'',0,2700,,'',0,6600,,'',0,2900,,'',0,6500,,'',0,3000,,'',0,6700,,'',0,3000,,'',0,6500,,'',0,2500,,'',0,3000,,'',0,6500,,'',0,3000,,'',0,6500,,'',0,3000,,'',0,7000,,'',0,3000,,'',0,7000,,'',0,3000,,'',0,7000,,'',0,3000,,'',0,7000,,'',0,3000,,'',0,7000,,'',0,9500,,'',0,9500,,'',0,5000,,'',0,9000,,'',0
'3',2501,70100,4,'',0,5100,4,'',0,9200,4,'',0,6700,4,'',0,2700,4,'',0,6500,4,'',0,3200,4,'',0,6500,4,'',0,3000,4,'',0,2400,4,'',0,6800,4,'',0,3000,4,'',0,6500,4,'',0,3000,4,'',0,6600,4,'',0,3000,4,'',0,7000,4,'',0,3000,4,'',0,7000,4,'',0,3000,4,'',0,7000,4,'',0,3000,4,'',0,7000,4,'',0,3000,4,'',0,7000,4,'',0,2400,4,'',0,7100,4,'',0,9500,4,'',0,5000,4,'',0,9000,4,'',0,8700,4,'',0
'30',2500,84700,,'',0,8700,,'',0,9500,,'',0,9400,,'',0,9300,,'',0,10000,,'',0,10000,,'',0,2700,,'',0,6700,,'',0,2700,,'',0,6700,,'',0,2700,,'',0,2700,,'',0,6200,,'',0,2700,,'',0,6700,,'',0,2700,,'',0,6500,,'',0,10000,,'',0,9500,,'',0,5500,,'',0,9000,,'',0
'30',2501,92600,4,'',0,9200,4,'',0,9500,4,'',0,9700,4,'',0,9800,4,'',0,10000,4,'',0,10000,4,'',0,2200,4,'',0,2700,4,'',0,6700,4,'',0,2700,4,'',0,6400,4,'',0,2700,4,'',0,6700,4,'',0,2700,4,'',0,6700,4,'',0,2100,4,'',0,3400,4,'',0,9500,4,'',0,9500,4,'',0,9500,4,'',0,8200,4,'',0
'4',2500,84700,,'',0,8700,,'',0,9500,,'',0,9400,,'',0,9300,,'',0,10000,,'',0,10000,,'',0,2700,,'',0,6700,,'',0,2700,,'',0,6700,,'',0,2700,,'',0,2700,,'',0,6200,,'',0,2700,,'',0,6700,,'',0,2700,,'',0,6500,,'',0,10000,,'',0,9500,,'',0,5500,,'',0,9000,,'',0
'4',2501,92600,4,'',0,9200,4,'',0,9500,4,'',0,9700,4,'',0,9800,4,'',0,10000,4,'',0,10000,4,'',0,2200,4,'',0,2700,4,'',0,6700,4,'',0,2700,4,'',0,6400,4,'',0,2700,4,'',0,6700,4,'',0,2700,4,'',0,6700,4,'',0,2100,4,'',0,3400,4,'',0,9500,4,'',0,9500,4,'',0,9500,4,'',0,8200,4,'',0
'2',2700,55300,,'',0,7300,,'',0,3100,,'',0,5300,,'',0,1300,,'',0,1300,,'',0,1300,,'',0,5300,,'',0,1300,,'',0,1300,,'',0,1300,,'',0,1100,,'',0,5300,,'',0,1300,,'',0,1300,,'',0,1300,,'',0,1300,,'',0,5300,,'',0,1300,,'',0,1300,,'',0,1300,,'',0,5300,,'',0,1300,,'',0,1300,,'',0,1200,,'',0,1200,,'',0,5200,,'',0,1200,,'',0,1200,,'',0,1200,,'',0,1200,,'',0,5200,,'',0,1200,,'',0,1200,,'',0,1100,,'',0,1200,,'',0,5300,,'',0,1300,,'',0,1300,,'',0,1300,,'',0,1300,,'',0,5300,,'',0,1200,,'',0,1200,,'',0,900,,'',0,1100,,'',0,5100,,'',0,1100,,'',0,1100,,'',0,1100,,'',0,1100,,'',0,1100,,'',0,5100,,'',0,1100,,'',0,1100,,'',0,1300,,'',0,5500,,'',0,1300,,'',0,1400,,'',0,1300,,'',0,1700,,'',0,5700,,'',0,1700,,'',0,1700,,'',0,5700,,'',0,1700,,'',0,2100,,'',0,7100,,'',0,2700,,'',0,6700,,'',0,3000,,'',0
'2',2701,62400,4,'',0,9200,4,'',0,2500,4,'',0,1300,4,'',0,5300,4,'',0,1300,4,'',0,1300,4,'',0,1300,4,'',0,800,4,'',0,5300,4,'',0,1500,4,'',0,1200,4,'',0,1400,4,'',0,5300,4,'',0,1300,4,'',0,1300,4,'',0,1300,4,'',0,1300,4,'',0,5300,4,'',0,1300,4,'',0,1300,4,'',0,1300,4,'',0,1300,4,'',0,5300,4,'',0,1200,4,'',0,1300,4,'',0,1200,4,'',0,5200,4,'',0,1200,4,'',0,1200,4,'',0,1200,4,'',0,1200,4,'',0,5200,4,'',0,1300,4,'',0,1200,4,'',0,1200,4,'',0,1400,4,'',0,5300,4,'',0,1300,4,'',0,1300,4,'',0,1300,4,'',0,1300,4,'',0,4900,4,'',0,1200,4,'',0,1200,4,'',0,1100,4,'',0,1100,4,'',0,5100,4,'',0,1100,4,'',0,1100,4,'',0,1100,4,'',0,1100,4,'',0,1100,4,'',0,5000,4,'',0,1100,4,'',0,700,4,'',0,1300,4,'',0,900,4,'',0,5300,4,'',0,1100,4,'',0,1100,4,'',0,1700,4,'',0,1700,4,'',0,5700,4,'',0,1700,4,'',0,1700,4,'',0,5700,4,'',0,1300,4,'',0,2000,4,'',0,6700,4,'',0,2700,4,'',0,2700,4,'',0
'3',2700,85000,,'',0,7300,,'',0,8300,,'',0,4200,,'',0,7400,,'',0,3000,,'',0,7400,,'',0,3200,,'',0,7200,,'',0,7200,,'',0,3200,,'',0,7000,,'',0,3400,,'',0,7200,,'',0,3000,,'',0,7400,,'',0,3200,,'',0,6000,,'',0,4500,,'',0,8500,,'',0,8500,,'',0,8500,,'',0,4000,,'',0,8000,,'',0
'3',2701,92300,4,'',0,8300,4,'',0,3200,4,'',0,10400,4,'',0,7400,4,'',0,3200,4,'',0,7200,4,'',0,3200,4,'',0,7200,4,'',0,3000,4,'',0,7400,4,'',0,7200,4,'',0,3000,4,'',0,7400,4,'',0,3200,4,'',0,7000,4,'',0,3500,4,'',0,8500,4,'',0,8500,4,'',0,4500,4,'',0,8000,4,'',0,8000,4,'',0,4000,4,'',0,8000,4,'',0
'30',2700,82800,,'',0,8300,,'',0,4300,,'',0,8300,,'',0,8300,,'',0,2800,,'',0,6700,,'',0,3200,,'',0,7200,,'',0,3200,,'',0,7200,,'',0,3200,,'',0,7200,,'',0,3200,,'',0,7200,,'',0,7500,,'',0,2800,,'',0,8200,,'',0,4200,,'',0,8200,,'',0
'30',2701,90500,4,'',0,4300,4,'',0,8300,4,'',0,8300,4,'',0,4300,4,'',0,8700,4,'',0,7200,4,'',0,3000,4,'',0,7100,4,'',0,3200,4,'',0,7200,4,'',0,3200,4,'',0,7200,4,'',0,3200,4,'',0,6900,4,'',0,3200,4,'',0,6900,4,'',0,2900,4,'',0,8200,4,'',0,8200,4,'',0
'4',2700,83000,,'',0,8500,,'',0,8500,,'',0,4500,,'',0,8500,,'',0,8500,,'',0,3200,,'',0,6200,,'',0,4200,,'',0,7200,,'',0,3200,,'',0,7200,,'',0,3200,,'',0,7200,,'',0,7200,,'',0,5200,,'',0,8500,,'',0,8500,,'',0
'4',2701,90700,4,'',0,4500,4,'',0,8500,4,'',0,8500,4,'',0,8500,4,'',0,4600,4,'',0,8800,4,'',0,7200,4,'',0,3200,4,'',0,7200,4,'',0,3200,4,'',0,7200,4,'',0,3200,4,'',0,7200,4,'',0,2800,4,'',0,7700,4,'',0,8500,4,'',0,8500,4,'',0
'8402',2700,114400,,'',0
'8402',2701,113400,4,'',0
