'2',400,61200,,'',0,3800,,'',0,5500,,'',0,1500,,'',0,1500,,'',0,1500,,'',0,5500,,'',0,1500,,'',0,1500,,'',0,2100,,'',0,6000,,'',0,2000,,'',0,2000,,'',0,6000,,'',0,2000,,'',0,2000,,'',0,6000,,'',0,2000,,'',0,2000,,'',0,6000,,'',0,2000,,'',0,2000,,'',0,6000,,'',0,1700,,'',0,1400,,'',0,1000,,'',0,5500,,'',0,1500,,'',0,1500,,'',0,1500,,'',0,5500,,'',0,1500,,'',0,1400,,'',0,1300,,'',0,5400,,'',0,1000,,'',0,1500,,'',0,1500,,'',0,1000,,'',0,5500,,'',0,1000,,'',0,2300,,'',0,6200,,'',0,1500,,'',0,2000,,'',0,6000,,'',0,2000,,'',0,2000,,'',0,6000,,'',0,1700,,'',0,1500,,'',0,6700,,'',0,3000,,'',0,7000,,'',0,3000,,'',0,7200,,'',0,4000,,'',0,9900,,'',0
'2',401,60900,4,'',0,3600,4,'',0,6000,4,'',0,1500,4,'',0,700,4,'',0,1500,4,'',0,1000,4,'',0,5700,4,'',0,1500,4,'',0,1500,4,'',0,1500,4,'',0,5500,4,'',0,1500,4,'',0,1500,4,'',0,1500,4,'',0,5500,4,'',0,2000,4,'',0,2000,4,'',0,6000,4,'',0,2000,4,'',0,2100,4,'',0,6100,4,'',0,2000,4,'',0,2000,4,'',0,6000,4,'',0,2000,4,'',0,1600,4,'',0,400,4,'',0,6000,4,'',0,1600,4,'',0,500,4,'',0,1500,4,'',0,5900,4,'',0,1500,4,'',0,1500,4,'',0,1500,4,'',0,5500,4,'',0,1200,4,'',0,400,4,'',0,1500,4,'',0,1500,4,'',0,5500,4,'',0,1500,4,'',0,1500,4,'',0,1500,4,'',0,5500,4,'',0,900,4,'',0,1700,4,'',0,2100,4,'',0,6000,4,'',0,2000,4,'',0,2000,4,'',0,6000,4,'',0,2000,4,'',0,2000,4,'',0,6800,4,'',0,3300,4,'',0,7000,4,'',0,3000,4,'',0,6900,4,'',0,3100,4,'',0,6900,4,'',0,9000,4,'',0
'3',400,60100,,'',0,1300,,'',0,3200,,'',0,7000,,'',0,3000,,'',0,6800,,'',0,3000,,'',0,7000,,'',0,3000,,'',0,6800,,'',0,3000,,'',0,7000,,'',0,3000,,'',0,6700,,'',0,2900,,'',0,6300,,'',0,2000,,'',0,2500,,'',0,6400,,'',0,2500,,'',0,6500,,'',0,2500,,'',0,2500,,'',0,6500,,'',0,2500,,'',0,6500,,'',0,2500,,'',0,7000,,'',0,3200,,'',0,7000,,'',0,3000,,'',0,7000,,'',0,3000,,'',0,7200,,'',0,3000,,'',0,7000,,'',0,3000,,'',0,7000,,'',0,4000,,'',0,9800,,'',0
'3',401,64300,4,'',0,7000,4,'',0,2000,4,'',0,7000,4,'',0,3200,4,'',0,7000,4,'',0,3000,4,'',0,7000,4,'',0,3200,4,'',0,7000,4,'',0,3000,4,'',0,7000,4,'',0,3000,4,'',0,6400,4,'',0,600,4,'',0,2600,4,'',0,6700,4,'',0,2600,4,'',0,2500,4,'',0,6500,4,'',0,2500,4,'',0,6500,4,'',0,2500,4,'',0,2500,4,'',0,6500,4,'',0,2500,4,'',0,6600,4,'',0,1900,4,'',0,7000,4,'',0,3000,4,'',0,7000,4,'',0,3000,4,'',0,7000,4,'',0,2800,4,'',0,3000,4,'',0,7000,4,'',0,3000,4,'',0,7000,4,'',0,3000,4,'',0,7000,4,'',0,8700,4,'',0
'30',400,64400,,'',0,8200,,'',0,8000,,'',0,4300,,'',0,7400,,'',0,2500,,'',0,7000,,'',0,3000,,'',0,7000,,'',0,3000,,'',0,6600,,'',0,3000,,'',0,7000,,'',0,3000,,'',0,7000,,'',0,3000,,'',0,7000,,'',0,3000,,'',0,7000,,'',0,3000,,'',0,7000,,'',0,3000,,'',0,7200,,'',0,3000,,'',0,7000,,'',0,3000,,'',0,7000,,'',0,3000,,'',0,7000,,'',0,3000,,'',0,6600,,'',0,2900,,'',0
'30',401,71300,4,'',0,4500,4,'',0,8500,4,'',0,8700,4,'',0,8500,4,'',0,3000,4,'',0,6400,4,'',0,3000,4,'',0,6700,4,'',0,3100,4,'',0,6900,4,'',0,3200,4,'',0,7000,4,'',0,3000,4,'',0,7000,4,'',0,3000,4,'',0,7000,4,'',0,3000,4,'',0,7000,4,'',0,2900,4,'',0,7000,4,'',0,3000,4,'',0,7000,4,'',0,3000,4,'',0,6800,4,'',0,3200,4,'',0,7000,4,'',0,3200,4,'',0,6800,4,'',0,2900,4,'',0,7800,4,'',0
'4',400,64400,,'',0,8200,,'',0,8000,,'',0,4300,,'',0,7400,,'',0,2500,,'',0,7000,,'',0,3000,,'',0,7000,,'',0,3000,,'',0,6600,,'',0,3000,,'',0,7000,,'',0,3000,,'',0,7000,,'',0,3000,,'',0,7000,,'',0,3000,,'',0,7000,,'',0,3000,,'',0,7000,,'',0,3000,,'',0,7200,,'',0,3000,,'',0,7000,,'',0,3000,,'',0,7000,,'',0,3000,,'',0,7000,,'',0,3000,,'',0,6600,,'',0,2900,,'',0
'4',401,71300,4,'',0,4500,4,'',0,8500,4,'',0,8700,4,'',0,8500,4,'',0,3000,4,'',0,6400,4,'',0,3000,4,'',0,6700,4,'',0,3100,4,'',0,6900,4,'',0,3200,4,'',0,7000,4,'',0,3000,4,'',0,7000,4,'',0,3000,4,'',0,7000,4,'',0,3000,4,'',0,7000,4,'',0,2900,4,'',0,7000,4,'',0,3000,4,'',0,7000,4,'',0,3000,4,'',0,6800,4,'',0,3200,4,'',0,7000,4,'',0,3200,4,'',0,6800,4,'',0,2900,4,'',0,7800,4,'',0
'8402',400,73000,,'',0,18100,,'',0
'8402',401,73000,4,'',0,17400,4,'',0
'2',10400,72900,4,'',0,2700,4,'',0,7000,4,'',0,3000,4,'',0,7200,4,'',0,3000,4,'',0,7000,4,'',0,3000,4,'',0,6900,4,'',0,3100,4,'',0,6800,4,'',0,3200,4,'',0,6700,4,'',0,3200,4,'',0,6600,4,'',0,2900,4,'',0,7100,4,'',0,3200,4,'',0,7100,4,'',0,3000,4,'',0,7100,4,'',0,7300,4,'',0,2700,4,'',0,2600,4,'',0
'2',10401,73000,,'',0,7000,,'',0,3200,,'',0,7200,,'',0,3000,,'',0,7000,,'',0,2900,,'',0,7100,,'',0,2800,,'',0,7400,,'',0,2700,,'',0,7200,,'',0,2400,,'',0,2900,,'',0,6700,,'',0,3200,,'',0,6900,,'',0,3000,,'',0,7000,,'',0,3300,,'',0,7100,,'',0,7100,,'',0
'3303',10400,102300,4,'',0,2900,4,'',0,6100,4,'',0,3000,4,'',0,6700,4,'',0,3100,4,'',0,6000,4,'',0,3000,4,'',0,2500,4,'',0,7100,4,'',0,2800,4,'',0,7100,4,'',0,3000,4,'',0,7000,4,'',0,2900,4,'',0,7000,4,'',0,3000,4,'',0,7000,4,'',0
'3303',10401,100500,,'',0,2100,,'',0,3000,,'',0,6700,,'',0,2900,,'',0,6000,,'',0,3000,,'',0,6500,,'',0,2900,,'',0,6800,,'',0,3100,,'',0,7000,,'',0,3000,,'',0,6900,,'',0,3000,,'',0,7000,,'',0,3000,,'',0
