102,1657,1,0
102,452,2,0
102,1409,3,0
102,1406,4,0
102,1407,5,0
102,1421,6,0
102,1412,7,0
102,478,8,0
102,463,9,0
102,1077,10,0
102,1078,11,0
102,1090,12,0
102,1087,13,0
102,2333,14,0
102,1787,15,0
102,1784,16,0
102,1780,17,0
102,1785,18,0
102,1777,19,0
102,2702,20,0
102,2008,21,0
102,1986,22,0
102,189,23,0
102,2434,24,0
102,1929,25,0
102,1922,26,0
102,1925,27,0
102,1950,28,0
102,1942,29,0
102,1705,30,0
102,1702,31,0
102,2276,32,0
102,435,33,0
102,804,34,0
102,805,35,0
102,1944,36,0
102,1949,37,0
102,1979,38,0
102,1937,39,0
102,1936,40,0
102,532,41,0
102,531,42,0
102,443,43,0
102,432,44,0
102,439,45,0
102,2799,46,0
102,2800,47,0
102,2798,48,0
102,352,49,0
102,357,50,0
102,368,51,0
102,24,52,0
102,87,53,0
102,74,54,0
102,39,55,0
102,42,56,0
102,1093,57,1
103,1093,1,0
103,1096,2,0
103,1095,3,0
103,1094,4,0
103,1097,5,0
103,302,6,0
103,2601,7,0
103,300,8,0
103,1003,9,0
103,999,10,0
103,1024,11,0
103,998,12,0
103,88,13,0
103,345,14,0
103,369,15,0
103,358,16,0
103,2796,17,0
103,2797,18,0
103,2801,19,0
103,438,20,0
103,442,21,0
103,440,22,0
103,433,23,0
103,436,24,0
103,434,25,0
103,2836,26,0
103,535,27,0
103,1960,28,0
103,1938,29,0
103,1980,30,0
103,978,31,0
103,2240,32,0
103,804,33,0
103,805,34,0
103,1945,35,0
103,1969,36,0
103,1943,37,0
103,1930,38,0
103,1974,39,0
103,1958,40,0
103,206,41,0
103,188,42,0
103,1985,43,0
103,2007,44,0
103,2292,45,0
103,1776,46,0
103,1781,47,0
103,1779,48,0
103,1783,49,0
103,1089,50,0
103,2334,51,0
103,1088,52,0
103,1083,53,0
103,1079,54,0
103,1082,55,0
103,312,56,0
103,1786,57,0
103,2449,58,0
103,1399,59,0
103,1408,60,0
103,313,61,0
103,1656,62,0
103,2452,63,0
103,1657,64,1
201,1222,1,0
201,1989,2,0
201,1996,3,0
201,2003,4,0
201,2004,5,0
201,2002,6,0
201,1993,7,0
201,2042,8,0
201,2047,9,0
201,2049,10,0
201,2041,11,0
201,2045,12,0
201,1600,13,0
201,1602,14,0
201,600,15,0
201,2736,16,0
201,2735,17,0
201,1080,18,0
201,622,19,0
201,614,20,0
201,552,21,0
201,585,22,0
201,623,23,0
201,537,24,0
201,584,25,0
201,576,26,0
201,596,27,0
201,592,28,0
201,594,29,0
201,560,30,0
201,583,31,0
201,562,32,0
201,540,33,0
201,577,34,0
201,573,35,0
201,832,36,0
201,828,37,0
201,838,38,0
201,830,39,0
201,842,40,0
201,1799,41,0
201,1801,42,0
201,1803,43,0
201,1789,44,0
201,2279,45,0
201,1791,46,0
201,417,47,0
201,412,48,0
201,414,49,0
201,420,50,0
201,398,51,0
201,566,52,0
201,602,53,0
201,587,54,0
201,543,55,0
201,550,56,0
201,2731,57,0
201,399,58,0
201,421,59,0
201,413,60,0
201,416,61,0
201,1139,62,0
201,1137,63,0
201,1238,64,0
201,290,65,0
201,990,66,0
201,991,67,0
201,992,68,0
201,993,69,0
201,1796,70,0
201,557,71,0
201,618,72,0
201,617,73,0
201,569,74,0
201,605,75,0
201,547,76,0
201,281,77,1
204,281,1,0
204,285,2,0
204,283,3,0
204,94,4,0
204,102,5,0
204,96,6,0
204,327,7,0
204,329,8,0
204,328,9,0
204,330,10,0
204,606,11,0
204,607,12,0
204,570,13,0
204,539,14,0
204,556,15,0
204,2212,16,0
204,167,17,0
204,551,18,0
204,544,19,0
204,612,20,0
204,546,21,0
204,567,22,0
204,572,23,0
204,1796,24,0
204,1797,25,0
204,1790,26,0
204,1798,27,0
204,1792,28,0
204,1793,29,0
204,1788,30,0
204,1794,31,0
204,1804,32,0
204,1802,33,0
204,1800,34,0
204,839,35,0
204,829,36,0
204,836,37,0
204,834,38,0
204,831,39,0
204,833,40,0
204,574,41,0
204,578,42,0
204,542,43,0
204,2219,44,0
204,554,45,0
204,561,46,0
204,595,47,0
204,593,48,0
204,597,49,0
204,565,50,0
204,564,51,0
204,538,52,0
204,624,53,0
204,586,54,0
204,553,55,0
204,615,56,0
204,620,57,0
204,1442,58,0
204,2737,59,0
204,2738,60,0
204,1443,61,0
204,1603,62,0
204,2336,63,0
204,2044,64,0
204,2043,65,0
204,2035,66,0
204,2046,67,0
204,1991,68,0
204,1992,69,0
204,2001,70,0
204,2290,71,0
204,2291,72,0
204,141,73,0
204,1173,74,0
204,1222,75,1
301,2742,1,0
301,1086,2,0
301,1080,3,0
301,1980,4,0
301,978,5,0
301,2240,6,0
301,967,7,0
301,2317,8,0
301,845,9,0
301,865,10,0
301,874,11,0
301,879,12,0
301,851,13,0
301,885,14,0
301,883,15,0
301,871,16,0
301,855,17,0
301,860,18,0
301,868,19,0
301,866,20,0
301,867,21,0
301,887,22,0
301,858,23,0
301,848,24,0
301,847,25,0
301,878,26,0
301,2655,27,0
301,2653,28,0
301,2640,29,0
301,2636,30,0
301,406,31,0
301,404,32,0
301,397,33,0
301,395,34,0
301,417,35,0
301,412,36,0
301,414,37,0
301,420,38,0
301,398,39,0
301,2731,40,1
304,2731,1,0
304,399,2,0
304,421,3,0
304,413,4,0
304,416,5,0
304,418,6,0
304,419,7,0
304,396,8,0
304,405,9,0
304,2638,10,0
304,2637,11,0
304,2639,12,0
304,2657,13,0
304,2654,14,0
304,2659,15,0
304,2652,16,0
304,2658,17,0
304,2660,18,0
304,2661,19,0
304,2662,20,0
304,2656,21,0
304,859,22,0
304,861,23,0
304,856,24,0
304,850,25,0
304,884,26,0
304,854,27,0
304,852,28,0
304,880,29,0
304,875,30,0
304,863,31,0
304,846,32,0
304,2318,33,0
304,966,34,0
304,2239,35,0
304,977,36,0
304,1947,37,0
304,1979,38,0
304,1939,39,0
304,1442,40,0
304,2742,41,1
402,2295,1,0
402,1044,2,0
402,1046,3,0
402,1065,4,0
402,1040,5,0
402,1067,6,0
402,2296,7,0
402,1661,8,0
402,1659,9,0
402,671,10,0
402,1168,11,0
402,1056,12,0
402,669,13,0
402,659,14,0
402,656,15,0
402,654,16,0
402,666,17,0
402,665,18,0
402,662,19,0
402,1237,20,0
402,1235,21,0
402,626,22,0
402,629,23,0
402,1626,24,0
402,1628,25,0
402,2066,26,0
402,390,27,0
402,386,28,0
402,389,29,0
402,1826,30,0
402,1532,31,0
402,1545,32,0
402,1540,33,0
402,1531,34,0
402,1555,35,0
402,1544,36,0
402,1537,37,0
402,1547,38,0
402,970,39,0
402,1478,40,0
402,1490,41,0
402,1501,42,0
402,1488,43,0
402,1483,44,0
402,1496,45,0
402,1333,46,0
402,1356,47,0
402,1354,48,0
402,1280,49,0
402,1320,50,0
402,1360,51,0
402,1260,52,0
402,1285,53,0
402,1287,54,0
402,1296,55,0
402,1346,56,0
402,1329,57,0
402,1348,58,0
402,1293,59,0
402,1345,60,0
402,1278,61,0
402,1289,62,0
402,1322,63,0
402,1307,64,0
402,1309,65,0
402,2223,66,1
403,2223,1,0
403,1336,2,0
403,1310,3,0
403,1308,4,0
403,1362,5,0
403,1323,6,0
403,1279,7,0
403,1319,8,0
403,1349,9,0
403,1330,10,0
403,1347,11,0
403,1297,12,0
403,1288,13,0
403,1286,14,0
403,1261,15,0
403,1361,16,0
403,1321,17,0
403,1281,18,0
403,1355,19,0
403,1357,20,0
403,1495,21,0
403,1493,22,0
403,1463,23,0
403,1489,24,0
403,1467,25,0
403,2741,26,0
403,2740,27,0
403,969,28,0
403,1546,29,0
403,1538,30,0
403,1539,31,0
403,1556,32,0
403,1557,33,0
403,1541,34,0
403,1554,35,0
403,1533,36,0
403,1553,37,0
403,1827,38,0
403,1825,39,0
403,385,40,0
403,384,41,0
403,2067,42,0
403,1627,43,0
403,1625,44,0
403,1852,45,0
403,627,46,0
403,628,47,0
403,1234,48,0
403,1236,49,0
403,1055,50,0
403,1041,51,0
403,1072,52,0
403,1043,53,0
403,1047,54,0
403,2296,55,0
403,69,56,0
403,663,57,0
403,658,58,0
403,667,59,0
403,655,60,0
403,657,61,0
403,660,62,0
403,668,63,0
403,1057,64,0
403,1169,65,0
403,670,66,0
403,1658,67,0
403,1660,68,0
403,1064,69,0
403,2295,70,1
501,458,1,0
501,482,2,0
501,811,3,0
501,816,4,0
501,817,5,0
501,808,6,0
501,814,7,0
501,812,8,0
501,822,9,0
501,818,10,0
501,810,11,0
501,279,12,0
501,280,13,0
501,275,14,0
501,278,15,0
501,276,16,0
501,2213,17,0
501,479,18,0
501,470,19,0
501,471,20,0
501,1733,21,0
501,1750,22,0
501,1752,23,0
501,1738,24,0
501,1740,25,0
501,1746,26,0
501,1754,27,0
501,245,28,0
501,2196,29,0
501,241,30,0
501,759,31,0
501,767,32,0
501,762,33,0
501,2762,34,0
501,1728,35,0
501,1729,36,0
501,1744,37,0
501,1742,38,0
501,1737,39,0
501,1735,40,0
501,1748,41,0
501,981,42,0
501,1759,43,0
501,1758,44,0
501,1760,45,0
501,2170,46,0
501,2743,47,0
501,2736,48,0
501,1086,49,0
501,1080,50,0
501,1980,51,0
501,978,52,0
501,2240,53,0
501,967,54,0
501,2317,55,0
501,845,56,0
501,865,57,0
501,874,58,0
501,879,59,0
501,851,60,0
501,885,61,0
501,883,62,0
501,871,63,0
501,855,64,0
501,860,65,0
501,2650,66,0
501,2651,67,0
501,2675,68,0
501,2676,69,0
501,2674,70,0
501,2665,71,0
501,2673,72,0
501,2672,73,0
501,2648,74,0
501,2646,75,0
501,2647,76,0
501,406,77,0
501,404,78,0
501,397,79,0
501,395,80,0
501,417,81,0
501,412,82,0
501,414,83,0
501,420,84,0
501,398,85,0
501,2731,86,1
504,2731,1,0
504,399,2,0
504,421,3,0
504,413,4,0
504,418,5,0
504,419,6,0
504,396,7,0
504,405,8,0
504,2638,9,0
504,785,10,0
504,783,11,0
504,1200,12,0
504,1199,13,0
504,1206,14,0
504,1133,15,0
504,1810,16,0
504,1811,17,0
504,1812,18,0
504,1814,19,0
504,1813,20,0
504,837,21,0
504,835,22,0
504,859,23,0
504,861,24,0
504,856,25,0
504,850,26,0
504,884,27,0
504,854,28,0
504,852,29,0
504,880,30,0
504,875,31,0
504,863,32,0
504,846,33,0
504,2318,34,0
504,966,35,0
504,2239,36,0
504,977,37,0
504,1947,38,0
504,1979,39,0
504,1939,40,0
504,1442,41,0
504,2737,42,0
504,2738,43,0
504,1549,44,0
504,1558,45,0
504,2171,46,0
504,980,47,0
504,982,48,0
504,2683,49,0
504,1736,50,0
504,2688,51,0
504,1732,52,0
504,1743,53,0
504,1745,54,0
504,1749,55,0
504,2763,56,0
504,2272,57,0
504,763,58,0
504,766,59,0
504,240,60,0
504,2195,61,0
504,244,62,0
504,1730,63,0
504,1755,64,0
504,1747,65,0
504,1741,66,0
504,1739,67,0
504,1753,68,0
504,1734,69,0
504,480,70,0
504,472,71,0
504,468,72,0
504,481,73,0
504,448,74,0
504,458,75,1
602,1373,1,0
602,1854,2,0
602,1856,3,0
602,2423,4,0
602,189,5,0
602,210,6,0
602,930,7,0
602,931,8,0
602,933,9,0
602,941,10,0
602,937,11,0
602,791,12,0
602,792,13,0
602,325,14,0
602,323,15,0
602,1509,16,0
602,1480,17,0
602,1490,18,0
602,1501,19,0
602,1488,20,0
602,1483,21,0
602,1496,22,0
602,1494,23,0
602,1486,24,0
602,1476,25,0
602,1464,26,0
602,1514,27,0
602,1506,28,0
602,1481,29,0
602,1512,30,0
602,2870,31,0
602,1502,32,0
602,2084,33,0
602,1379,34,0
602,1817,35,1
603,1817,1,0
603,509,2,0
603,1820,3,0
603,1818,4,0
603,1482,5,0
603,1515,6,0
603,1465,7,0
603,1477,8,0
603,1487,9,0
603,1495,10,0
603,1493,11,0
603,1463,12,0
603,1489,13,0
603,1467,14,0
603,2742,15,0
603,2740,16,0
603,1479,17,0
603,1510,18,0
603,1475,19,0
603,324,20,0
603,326,21,0
603,790,22,0
603,936,23,0
603,940,24,0
603,934,25,0
603,932,26,0
603,192,27,0
603,208,28,0
603,209,29,0
603,1859,30,0
603,1855,31,0
603,2284,32,0
603,1857,33,0
603,1376,34,0
603,2616,35,0
603,1373,36,1
701,2437,1,0
701,2139,2,0
701,2135,3,0
701,2100,4,0
701,2465,5,0
701,2770,6,0
701,246,7,0
701,242,8,0
701,759,9,0
701,2767,10,0
701,2765,11,0
701,1670,12,0
701,647,13,0
701,644,14,0
701,649,15,0
701,646,16,0
701,2033,17,0
701,2054,18,0
701,2031,19,0
701,2022,20,0
701,2037,21,0
701,1759,22,0
701,1758,23,0
701,1760,24,0
701,2170,25,0
701,2743,26,0
701,2736,27,0
701,2735,28,0
701,1080,29,0
701,2739,30,0
701,2744,31,0
701,2172,32,0
701,2157,33,0
701,2163,34,0
701,2175,35,0
701,2154,36,0
701,2161,37,0
701,2165,38,0
701,740,39,0
701,736,40,0
701,744,41,0
701,738,42,0
701,733,43,0
701,894,44,0
701,929,45,0
701,309,46,0
701,305,47,0
701,2207,48,0
701,1910,49,0
701,1916,50,0
701,1907,51,0
701,1912,52,0
701,420,53,0
701,398,54,0
701,167,55,0
701,557,56,0
701,1906,57,0
701,1903,58,0
701,1905,59,0
701,1897,60,0
701,2731,61,1
704,2731,1,0
704,399,2,0
704,1899,3,0
704,1913,4,0
704,1908,5,0
704,1918,6,0
704,1915,7,0
704,1911,8,0
704,2208,9,0
704,306,10,0
704,308,11,0
704,928,12,0
704,893,13,0
704,743,14,0
704,734,15,0
704,739,16,0
704,745,17,0
704,737,18,0
704,741,19,0
704,2166,20,0
704,2162,21,0
704,2155,22,0
704,2176,23,0
704,2164,24,0
704,2158,25,0
704,2173,26,0
704,1979,27,0
704,1939,28,0
704,1442,29,0
704,2737,30,0
704,2738,31,0
704,1549,32,0
704,1558,33,0
704,2171,34,0
704,2293,35,0
704,2023,36,0
704,2032,37,0
704,2055,38,0
704,1105,39,0
704,1131,40,0
704,650,41,0
704,645,42,0
704,648,43,0
704,2220,44,0
704,2764,45,0
704,2766,46,0
704,2198,47,0
704,243,48,0
704,247,49,0
704,2466,50,0
704,2464,51,0
704,2101,52,0
704,2136,53,0
704,2305,54,0
704,2437,55,1
901,2835,1,0
901,2095,2,0
901,2096,3,0
901,2099,4,0
901,757,5,0
901,2343,6,0
901,1125,7,0
901,1119,8,0
901,1121,9,0
901,1109,10,0
901,1107,11,0
901,2248,12,0
901,1638,13,0
901,1643,14,0
901,1639,15,0
901,1640,16,0
901,1646,17,0
901,2003,18,0
901,2004,19,0
901,1394,20,0
901,1390,21,0
901,1392,22,0
901,2141,23,0
901,2143,24,0
901,2146,25,0
901,1606,26,0
901,1570,27,0
901,1600,28,0
901,1602,29,0
901,600,30,0
901,2736,31,0
901,2735,32,0
901,1080,33,1
904,1080,1,0
904,1939,2,0
904,1442,3,0
904,2737,4,0
904,2738,5,0
904,1443,6,0
904,1603,7,0
904,1601,8,0
904,1587,9,0
904,2144,10,0
904,2142,11,0
904,2140,12,0
904,1391,13,0
904,1389,14,0
904,1393,15,0
904,2290,16,0
904,1647,17,0
904,1637,18,0
904,1644,19,0
904,1641,20,0
904,2125,21,0
904,2249,22,0
904,1108,23,0
904,1110,24,0
904,1120,25,0
904,1118,26,0
904,1124,27,0
904,756,28,0
904,2107,29,0
904,267,30,0
904,265,31,0
904,262,32,0
904,263,33,0
904,269,34,0
904,120,35,0
904,2510,36,0
904,2755,37,0
904,2835,38,1
1202,2610,1,0
1202,2752,2,0
1202,2525,3,0
1202,2596,4,0
1202,1713,5,0
1202,2748,6,0
1202,1668,7,0
1202,2749,8,0
1202,2591,9,0
1202,2590,10,0
1202,2589,11,0
1202,2592,12,0
1202,1878,13,0
1202,1876,14,0
1202,1885,15,0
1202,483,16,0
1202,456,17,0
1202,2026,18,0
1202,2015,19,0
1202,2029,20,0
1202,2033,21,0
1202,2054,22,0
1202,2031,23,0
1202,2022,24,0
1202,2037,25,0
1202,2050,26,0
1202,1600,27,0
1202,1602,28,0
1202,2736,29,0
1202,2735,30,0
1202,1080,31,0
1202,1939,32,0
1202,1442,33,0
1202,2737,34,0
1202,2312,35,1
1203,2737,1,0
1203,2738,2,0
1203,1443,3,0
1203,1603,4,0
1203,2057,5,0
1203,2051,6,0
1203,2293,7,0
1203,2023,8,0
1203,2032,9,0
1203,2055,10,0
1203,2034,11,0
1203,2024,12,0
1203,2016,13,0
1203,2027,14,0
1203,457,15,0
1203,461,16,0
1203,1872,17,0
1203,1886,18,0
1203,1877,19,0
1203,1240,20,0
1203,235,21,0
1203,236,22,0
1203,234,23,0
1203,237,24,0
1203,2056,25,0
1203,2594,26,0
1203,2593,27,0
1203,2751,28,0
1203,2595,29,0
1203,2528,30,0
1203,2610,31,1
1302,2060,1,0
1302,297,2,0
1302,505,3,0
1302,506,4,0
1302,2068,5,0
1302,2069,6,0
1302,1251,7,0
1302,1257,8,0
1302,1254,9,0
1302,1250,10,0
1302,1249,11,0
1302,1258,12,0
1302,528,13,0
1302,171,14,0
1302,168,15,0
1302,1177,16,0
1302,1175,17,0
1302,1179,18,0
1302,1181,19,0
1302,1185,20,0
1302,1191,21,0
1302,1187,22,0
1302,1194,23,0
1302,1184,24,0
1302,1183,25,0
1302,1189,26,0
1302,1667,27,0
1302,1712,28,0
1302,1704,29,0
1302,1965,30,0
1302,955,31,0
1302,954,32,0
1302,1940,33,0
1302,1935,34,0
1302,1926,35,0
1302,1952,36,0
1302,1963,37,0
1302,1934,38,0
1302,2428,39,0
1302,1975,40,0
1302,1977,41,0
1302,1971,42,0
1302,1931,43,0
1302,1923,44,0
1302,1929,45,0
1302,1922,46,0
1302,1961,47,0
1302,1925,48,0
1302,1950,49,0
1302,1942,50,0
1302,1968,51,0
1302,1944,52,0
1302,1949,53,0
1302,1979,54,0
1302,1937,55,0
1302,1442,56,0
1302,1501,57,0
1302,1488,58,0
1302,1483,59,0
1302,1496,60,0
1302,1494,61,0
1302,1486,62,0
1302,1476,63,0
1302,1464,64,0
1302,1514,65,0
1302,1506,66,0
1302,1481,67,0
1302,1819,68,0
1302,1821,69,0
1302,510,70,0
1302,1816,71,0
1302,1378,72,0
1302,1520,73,0
1302,1516,74,0
1302,1460,75,0
1302,1511,76,0
1302,1144,77,1
1303,1144,1,0
1303,1485,2,0
1303,1508,3,0
1303,1518,4,0
1303,1519,5,0
1303,1523,6,0
1303,2084,7,0
1303,1379,8,0
1303,1817,9,0
1303,509,10,0
1303,1820,11,0
1303,1818,12,0
1303,1482,13,0
1303,1515,14,0
1303,1465,15,0
1303,1477,16,0
1303,1487,17,0
1303,1495,18,0
1303,1493,19,0
1303,1463,20,0
1303,1489,21,0
1303,1467,22,0
1303,2742,23,0
1303,1086,24,0
1303,1080,25,0
1303,1980,26,0
1303,1948,27,0
1303,1945,28,0
1303,1969,29,0
1303,1943,30,0
1303,1930,31,0
1303,1974,32,0
1303,1970,33,0
1303,1924,34,0
1303,1933,35,0
1303,1972,36,0
1303,1978,37,0
1303,1956,38,0
1303,1957,39,0
1303,1964,40,0
1303,2689,41,0
1303,1954,42,0
1303,1953,43,0
1303,1703,44,0
1303,1711,45,0
1303,1666,46,0
1303,1188,47,0
1303,1180,48,0
1303,1195,49,0
1303,1193,50,0
1303,1186,51,0
1303,1192,52,0
1303,1190,53,0
1303,1182,54,0
1303,1174,55,0
1303,1176,56,0
1303,1178,57,0
1303,169,58,0
1303,170,59,0
1303,529,60,0
1303,1259,61,0
1303,60,62,0
1303,1255,63,0
1303,1256,64,0
1303,1253,65,0
1303,1252,66,0
1303,2070,67,0
1303,508,68,0
1303,507,69,0
1303,294,70,0
1303,1927,71,0
1303,2060,72,1
1502,1998,1,0
1502,1889,2,0
1502,1893,3,0
1502,2114,4,0
1502,2001,5,0
1502,2761,6,0
1502,2760,7,0
1502,2769,8,0
1502,2768,9,0
1502,2128,10,0
1502,2119,11,0
1502,2113,12,0
1502,2111,13,0
1502,1999,14,0
1502,1874,15,0
1502,1888,16,0
1502,1873,17,0
1502,488,18,0
1502,489,19,0
1502,487,20,0
1502,473,21,0
1502,474,22,0
1502,2101,23,0
1502,2136,24,0
1502,2138,25,0
1502,1891,26,0
1502,1884,27,0
1502,1883,28,0
1502,164,29,0
1502,158,30,0
1502,160,31,0
1502,154,32,0
1502,222,33,0
1502,213,34,0
1502,211,35,0
1502,196,36,0
1502,2194,37,0
1502,184,38,0
1502,331,39,0
1502,334,40,0
1502,339,41,0
1502,340,42,0
1502,336,43,0
1502,304,44,0
1502,303,45,0
1502,1537,46,0
1502,1547,47,0
1502,970,48,0
1502,1478,49,0
1502,1490,50,0
1502,1501,51,0
1502,1488,52,0
1502,1483,53,0
1502,1496,54,0
1502,1494,55,0
1502,1486,56,0
1502,1476,57,0
1502,1464,58,0
1502,364,59,0
1502,352,60,0
1502,357,61,0
1502,368,62,0
1502,344,63,0
1502,351,64,0
1502,354,65,0
1502,348,66,0
1502,349,67,0
1502,359,68,0
1502,1164,69,0
1502,1162,70,0
1502,1156,71,0
1502,1017,72,0
1502,2241,73,0
1502,1021,74,0
1502,1015,75,0
1502,232,76,0
1502,229,77,0
1502,230,78,0
1502,233,79,0
1502,231,80,0
1502,1665,81,0
1502,1663,82,0
1502,1245,83,1
1503,1245,1,0
1503,1246,2,0
1503,1244,3,0
1503,391,4,0
1503,393,5,0
1503,392,6,0
1503,1620,7,0
1503,1624,8,0
1503,1016,9,0
1503,1022,10,0
1503,1010,11,0
1503,1018,12,0
1503,1157,13,0
1503,1161,14,0
1503,1163,15,0
1503,1155,16,0
1503,350,17,0
1503,361,18,0
1503,355,19,0
1503,2209,20,0
1503,346,21,0
1503,345,22,0
1503,369,23,0
1503,358,24,0
1503,353,25,0
1503,365,26,0
1503,360,27,0
1503,1477,28,0
1503,1487,29,0
1503,1495,30,0
1503,1493,31,0
1503,1463,32,0
1503,1489,33,0
1503,1467,34,0
1503,2742,35,0
1503,2740,36,0
1503,969,37,0
1503,1546,38,0
1503,1538,39,0
1503,1539,40,0
1503,642,41,0
1503,643,42,0
1503,641,43,0
1503,634,44,0
1503,640,45,0
1503,639,46,0
1503,637,47,0
1503,630,48,0
1503,216,49,0
1503,212,50,0
1503,214,51,0
1503,2605,52,0
1503,223,53,0
1503,155,54,0
1503,161,55,0
1503,156,56,0
1503,163,57,0
1503,1879,58,0
1503,1875,59,0
1503,1890,60,0
1503,1999,61,0
1503,1998,62,1
1602,452,1,0
1602,478,2,0
1602,463,3,0
1602,455,4,0
1602,465,5,0
1602,446,6,0
1602,48,7,0
1602,50,8,0
1602,52,9,0
1602,2185,10,0
1602,82,11,0
1602,56,12,0
1602,81,13,0
1602,20,14,0
1602,58,15,0
1602,37,16,0
1602,53,17,0
1602,27,18,0
1602,54,19,0
1602,22,20,0
1602,57,21,0
1602,70,22,0
1602,67,23,0
1602,78,24,0
1602,34,25,0
1602,24,26,0
1602,87,27,0
1602,74,28,0
1602,39,29,0
1602,42,30,0
1602,43,31,0
1602,89,32,0
1602,33,33,0
1602,80,34,0
1602,684,35,0
1602,712,36,0
1602,696,37,0
1602,699,38,0
1602,700,39,0
1602,705,40,0
1602,1145,41,1
1603,1145,1,0
1603,704,2,0
1603,706,3,0
1603,697,4,0
1603,695,5,0
1603,713,6,0
1603,711,7,0
1603,32,8,0
1603,55,9,0
1603,2186,10,0
1603,90,11,0
1603,44,12,0
1603,47,13,0
1603,40,14,0
1603,88,15,0
1603,25,16,0
1603,35,17,0
1603,79,18,0
1603,68,19,0
1603,71,20,0
1603,69,21,0
1603,23,22,0
1603,76,23,0
1603,72,24,0
1603,2690,25,0
1603,73,26,0
1603,28,27,0
1603,36,28,0
1603,38,29,0
1603,59,30,0
1603,21,31,0
1603,29,32,0
1603,84,33,0
1603,85,34,0
1603,83,35,0
1603,86,36,0
1603,49,37,0
1603,445,38,0
1603,464,39,0
1603,454,40,0
1603,462,41,0
1603,475,42,0
1603,2864,43,0
1603,1401,44,0
1603,2819,45,0
1603,2817,46,0
1603,2818,47,0
1603,2816,48,0
1603,513,49,0
1603,452,50,1
1701,2533,1,0
1701,2534,2,0
1701,2535,3,0
1701,2538,4,0
1701,2539,5,0
1701,2537,6,0
1701,318,7,0
1701,314,8,0
1701,316,9,0
1701,275,10,0
1701,278,11,0
1701,276,12,0
1701,277,13,0
1701,1592,14,0
1701,1583,15,0
1701,1562,16,0
1701,1581,17,0
1701,1031,18,0
1701,1032,19,0
1701,1026,20,0
1701,1029,21,0
1701,1631,22,0
1701,1629,23,0
1701,1633,24,0
1701,1341,25,0
1701,1324,26,0
1701,1339,27,0
1701,1337,28,0
1701,1311,29,0
1701,1291,30,0
1701,1304,31,0
1701,1294,32,0
1701,1316,33,0
1701,1317,34,0
1701,1268,35,0
1701,1363,36,0
1701,1327,37,0
1701,1263,38,0
1701,1270,39,0
1701,1272,40,0
1701,1266,41,0
1701,1331,42,0
1701,1358,43,0
1701,1262,44,0
1701,1350,45,0
1701,1298,46,0
1701,1333,47,0
1701,1356,48,0
1701,1354,49,0
1701,1280,50,0
1701,1320,51,0
1701,1360,52,0
1701,1260,53,0
1701,1285,54,0
1701,1287,55,0
1701,1296,56,0
1701,1346,57,0
1701,1329,58,0
1701,1348,59,0
1701,1293,60,0
1701,1345,61,0
1701,1278,62,0
1701,1289,63,0
1701,1322,64,0
1701,1307,65,0
1701,1309,66,0
1701,2331,67,0
1701,1343,68,0
1701,1352,69,0
1701,1772,70,0
1701,2600,71,0
1701,1770,72,0
1701,499,73,0
1701,495,74,0
1701,496,75,0
1701,498,76,0
1701,492,77,0
1701,400,78,0
1701,407,79,0
1701,411,80,0
1701,2329,81,0
1701,403,82,0
1701,2212,83,0
1701,167,84,1
1704,167,1,0
1704,402,2,0
1704,394,3,0
1704,410,4,0
1704,409,5,0
1704,494,6,0
1704,493,7,0
1704,497,8,0
1704,2313,9,0
1704,500,10,0
1704,1769,11,0
1704,1771,12,0
1704,1344,13,0
1704,2226,14,0
1704,1336,15,0
1704,1310,16,0
1704,1308,17,0
1704,1362,18,0
1704,1323,19,0
1704,1279,20,0
1704,1319,21,0
1704,1349,22,0
1704,1330,23,0
1704,1347,24,0
1704,1297,25,0
1704,1288,26,0
1704,1286,27,0
1704,1261,28,0
1704,1361,29,0
1704,1321,30,0
1704,1281,31,0
1704,1355,32,0
1704,1357,33,0
1704,1334,34,0
1704,1299,35,0
1704,1351,36,0
1704,1303,37,0
1704,1359,38,0
1704,1290,39,0
1704,1332,40,0
1704,1326,41,0
1704,1271,42,0
1704,1265,43,0
1704,1264,44,0
1704,1328,45,0
1704,1364,46,0
1704,1269,47,0
1704,1318,48,0
1704,1305,49,0
1704,1295,50,0
1704,1306,51,0
1704,1292,52,0
1704,1030,53,0
1704,1027,54,0
1704,2663,55,0
1704,2664,56,0
1704,1582,57,0
1704,1563,58,0
1704,1584,59,0
1704,1593,60,0
1704,1312,61,0
1704,1338,62,0
1704,1340,63,0
1704,1325,64,0
1704,1634,65,0
1704,1630,66,0
1704,1632,67,0
1704,843,68,0
1704,482,69,0
1704,811,70,0
1704,2536,71,0
1704,2531,72,0
1704,2532,73,0
1704,2543,74,0
1704,2542,75,0
1704,2546,76,0
1704,2545,77,0
1704,2547,78,0
1704,816,79,0
1704,817,80,0
1704,318,81,1
1902,1939,1,0
1902,1442,2,0
1902,2737,3,0
1902,2738,4,0
1902,1443,5,0
1902,1603,6,0
1902,1601,7,0
1902,1587,8,0
1902,1607,9,0
1902,1569,10,0
1902,1565,11,0
1902,1566,12,0
1902,1590,13,0
1902,1568,14,0
1902,2122,15,0
1902,1092,16,0
1902,1085,17,0
1902,1833,18,0
1902,1848,19,0
1902,1832,20,0
1902,1835,21,0
1902,1836,22,0
1902,1838,23,0
1902,1845,24,0
1902,1850,25,0
1902,1840,26,0
1902,1026,27,0
1902,1029,28,0
1902,2400,29,0
1902,2402,30,0
1902,1028,31,0
1902,2401,32,0
1902,2493,33,0
1902,2404,34,0
1902,2397,35,0
1902,2685,36,0
1902,2419,37,0
1902,2421,38,0
1902,2614,39,0
1902,2753,40,0
1902,2510,41,0
1902,2755,42,0
1902,2516,43,0
1902,2514,44,0
1902,701,45,0
1902,2831,46,0
1902,704,47,0
1902,706,48,0
1902,697,49,0
1902,891,50,0
1902,892,51,0
1902,889,52,0
1902,341,53,0
1902,342,54,0
1902,2309,55,0
1902,2699,56,0
1902,2693,57,0
1902,255,58,0
1902,1773,59,0
1902,2435,60,0
1902,1727,61,1
1903,1727,1,0
1903,2434,2,0
1903,1725,3,0
1903,1726,4,0
1903,1723,5,0
1903,2433,6,0
1903,1724,7,0
1903,2700,8,0
1903,2697,9,0
1903,2750,10,0
1903,274,11,0
1903,1662,12,0
1903,343,13,0
1903,890,14,0
1903,2233,15,0
1903,696,16,0
1903,699,17,0
1903,700,18,0
1903,705,19,0
1903,2832,20,0
1903,707,21,0
1903,702,22,0
1903,2512,23,0
1903,2515,24,0
1903,2505,25,0
1903,2517,26,0
1903,2756,27,0
1903,2513,28,0
1903,2511,29,0
1903,2754,30,0
1903,2615,31,0
1903,1757,32,0
1903,1653,33,0
1903,2686,34,0
1903,2687,35,0
1903,2398,36,0
1903,2405,37,0
1903,2494,38,0
1903,2396,39,0
1903,2399,40,0
1903,2403,41,0
1903,1030,42,0
1903,1027,43,0
1903,1839,44,0
1903,1849,45,0
1903,1844,46,0
1903,1846,47,0
1903,1837,48,0
1903,1843,49,0
1903,2458,50,0
1903,1834,51,0
1903,1847,52,0
1903,1841,53,0
1903,1084,54,0
1903,1091,55,0
1903,1604,56,0
1903,1567,57,0
1903,1589,58,0
1903,1564,59,0
1903,1588,60,0
1903,1606,61,0
1903,1570,62,0
1903,1600,63,0
1903,1602,64,0
1903,600,65,0
1903,2736,66,0
1903,2735,67,0
1903,1080,68,0
1903,1939,69,1
2001,224,1,0
2001,2415,2,0
2001,2385,3,0
2001,2575,4,0
2001,2388,5,0
2001,2387,6,0
2001,2409,7,0
2001,2407,8,0
2001,2408,9,0
2001,2701,10,0
2001,2384,11,0
2001,2389,12,0
2001,2417,13,0
2001,2418,14,0
2001,1425,15,0
2001,1428,16,0
2001,2390,17,0
2001,1363,18,0
2001,1431,19,0
2001,2341,20,0
2001,1423,21,0
2001,226,22,0
2001,1270,23,0
2001,378,24,0
2001,372,25,0
2001,374,26,0
2001,381,27,0
2001,1392,28,0
2001,2141,29,0
2001,2143,30,0
2001,2146,31,0
2001,1606,32,0
2001,1570,33,0
2001,1600,34,0
2001,1602,35,0
2001,2736,36,0
2001,2735,37,0
2001,1080,38,0
2001,622,39,0
2001,614,40,0
2001,552,41,0
2001,585,42,0
2001,623,43,0
2001,537,44,0
2001,584,45,0
2001,576,46,0
2001,596,47,0
2001,592,48,0
2001,1435,49,0
2001,1441,50,0
2001,1438,51,0
2001,1436,52,0
2001,1617,53,0
2001,768,54,0
2001,1219,55,0
2001,1217,56,0
2001,1207,57,0
2001,2251,58,0
2001,1215,59,0
2001,1322,60,0
2001,1307,61,0
2001,1309,62,0
2001,2224,63,1
2004,2224,1,0
2004,1336,2,0
2004,1310,3,0
2004,1308,4,0
2004,1362,5,0
2004,1214,6,0
2004,1216,7,0
2004,1208,8,0
2004,2252,9,0
2004,1218,10,0
2004,1209,11,0
2004,1210,12,0
2004,1440,13,0
2004,1437,14,0
2004,1439,15,0
2004,1434,16,0
2004,595,17,0
2004,593,18,0
2004,597,19,0
2004,565,20,0
2004,564,21,0
2004,538,22,0
2004,624,23,0
2004,586,24,0
2004,553,25,0
2004,615,26,0
2004,620,27,0
2004,1442,28,0
2004,2737,29,0
2004,2738,30,0
2004,1443,31,0
2004,1603,32,0
2004,1601,33,0
2004,1587,34,0
2004,2144,35,0
2004,2142,36,0
2004,2140,37,0
2004,1391,38,0
2004,382,39,0
2004,375,40,0
2004,371,41,0
2004,379,42,0
2004,227,43,0
2004,1424,44,0
2004,2342,45,0
2004,1432,46,0
2004,1430,47,0
2004,1429,48,0
2004,1427,49,0
2004,225,50,0
2004,228,51,0
2004,224,52,0
2004,321,53,0
2004,322,54,0
2004,2390,55,1
2401,2619,1,0
2401,2629,2,0
2401,2631,3,0
2401,2623,4,0
2401,2621,5,0
2401,2625,6,0
2401,2633,7,0
2401,2438,8,0
2401,2139,9,0
2401,2135,10,0
2401,2100,11,0
2401,2465,12,0
2401,2467,13,0
2401,2462,14,0
2401,2758,15,0
2401,483,16,0
2401,456,17,0
2401,2813,18,0
2401,2802,19,0
2401,2806,20,0
2401,2810,21,0
2401,2804,22,0
2401,2811,23,0
2401,2499,24,0
2401,2284,25,0
2401,1857,26,0
2401,2217,27,0
2401,445,28,0
2401,464,29,0
2401,454,30,0
2401,462,31,0
2401,475,32,0
2401,477,33,0
2401,449,34,0
2401,2453,35,0
2401,2215,36,0
2401,2485,37,0
2401,2483,38,0
2401,2484,39,0
2401,2482,40,0
2401,2468,41,1
2404,2468,1,0
2404,2478,2,0
2404,2476,3,0
2404,2477,4,0
2404,2486,5,0
2404,1454,6,0
2404,1165,7,0
2404,2216,8,0
2404,453,9,0
2404,450,10,0
2404,478,11,0
2404,463,12,0
2404,455,13,0
2404,465,14,0
2404,446,15,0
2404,447,16,0
2404,2426,17,0
2404,2499,18,0
2404,2284,19,0
2404,1857,20,0
2404,2812,21,0
2404,2805,22,0
2404,2808,23,0
2404,2809,24,0
2404,2815,25,0
2404,2803,26,0
2404,2807,27,0
2404,2814,28,0
2404,457,29,0
2404,461,30,0
2404,2759,31,0
2404,2461,32,0
2404,2463,33,0
2404,2466,34,0
2404,2464,35,0
2404,2101,36,0
2404,2136,37,0
2404,2305,38,0
2404,1997,39,0
2404,1874,40,0
2404,1888,41,0
2404,1873,42,0
2404,2620,43,0
2404,2622,44,0
2404,2624,45,0
2404,2632,46,0
2404,2885,47,0
2404,2884,48,0
2404,2869,49,0
2404,2868,50,0
2404,2619,51,1
2502,2225,1,0
2502,2230,2,0
2502,2228,3,0
2502,1618,4,0
2502,1623,5,0
2502,1016,6,0
2502,1022,7,0
2502,1008,8,0
2502,911,9,0
2502,905,10,0
2502,2712,11,0
2502,2234,12,0
2502,2710,13,0
2502,2711,14,0
2502,2704,15,0
2502,703,16,0
2502,2734,17,0
2502,694,18,0
2502,2834,19,0
2502,2830,20,0
2502,684,21,0
2502,712,22,0
2502,708,23,0
2502,696,24,0
2502,699,25,0
2502,700,26,0
2502,705,27,0
2502,1141,28,1
2503,1141,1,0
2503,704,2,0
2503,706,3,0
2503,697,4,0
2503,695,5,0
2503,713,6,0
2503,711,7,0
2503,682,8,0
2503,688,9,0
2503,692,10,0
2503,2833,11,0
2503,2469,12,0
2503,2470,13,0
2503,2732,14,0
2503,698,15,0
2503,914,16,0
2503,903,17,0
2503,2447,18,0
2503,915,19,0
2503,2235,20,0
2503,906,21,0
2503,912,22,0
2503,1009,23,0
2503,1021,24,0
2503,1015,25,0
2503,1619,26,0
2503,2229,27,0
2503,2231,28,0
2503,2225,29,1
2701,2390,1,0
2701,2115,2,0
2701,2103,3,0
2701,2105,4,0
2701,2097,5,0
2701,1638,6,0
2701,1643,7,0
2701,1639,8,0
2701,1640,9,0
2701,1646,10,0
2701,2291,11,0
2701,141,12,0
2701,1104,13,0
2701,1820,14,0
2701,1818,15,0
2701,1013,16,0
2701,1019,17,0
2701,1005,18,0
2701,1132,19,0
2701,1456,20,0
2701,39,21,0
2701,42,22,0
2701,1093,23,0
2701,1096,24,0
2701,1095,25,0
2701,2789,26,0
2701,176,27,0
2701,2306,28,0
2701,1002,29,0
2701,1011,30,0
2701,1017,31,0
2701,2241,32,0
2701,1009,33,0
2701,1021,34,0
2701,1015,35,0
2701,1619,36,0
2701,2229,37,0
2701,2231,38,0
2701,2225,39,1
2704,2225,1,0
2704,2230,2,0
2704,2228,3,0
2704,1618,4,0
2704,1623,5,0
2704,1016,6,0
2704,1022,7,0
2704,1010,8,0
2704,1018,9,0
2704,1012,10,0
2704,1003,11,0
2704,2786,12,0
2704,2788,13,0
2704,2787,14,0
2704,2852,15,0
2704,2850,16,0
2704,47,17,0
2704,997,18,0
2704,2071,19,0
2704,1455,20,0
2704,1006,21,0
2704,1020,22,0
2704,1014,23,0
2704,1819,24,0
2704,1821,25,0
2704,1173,26,0
2704,1222,27,0
2704,2889,28,0
2704,1996,29,0
2704,1647,30,0
2704,1637,31,0
2704,1644,32,0
2704,1641,33,0
2704,2322,34,0
2704,224,35,0
2704,2415,36,0
2704,321,37,0
2704,322,38,0
2704,2390,39,1
2801,2703,1,0
2801,2508,2,0
2801,2504,3,0
2801,2518,4,0
2801,2829,5,0
2801,2825,6,0
2801,2826,7,0
2801,2822,8,0
2801,2820,9,0
2801,2906,10,0
2801,2903,11,0
2801,2902,12,0
2801,2900,13,0
2801,2899,14,0
2801,2792,15,0
2801,295,16,0
2801,2206,17,0
2801,2597,18,0
2801,2326,19,0
2801,2060,20,1
2804,2060,1,0
2804,2327,2,0
2804,2793,3,0
2804,2790,4,0
2804,2791,5,0
2804,2794,6,0
2804,2898,7,0
2804,2901,8,0
2804,2904,9,0
2804,2905,10,0
2804,2827,11,0
2804,2823,12,0
2804,2824,13,0
2804,2828,14,0
2804,2523,15,0
2804,2522,16,0
2804,2506,17,0
2804,2507,18,0
2804,2691,19,0
2804,2703,20,1
3001,2061,1,0
3001,1941,2,0
3001,672,3,0
3001,250,4,0
3001,253,5,0
3001,252,6,0
3001,1229,7,0
3001,1228,8,0
3001,1231,9,0
3001,1232,10,0
3001,2335,11,0
3001,1402,12,0
3001,2262,13,0
3001,1405,14,0
3001,1413,15,0
3001,653,16,0
3001,652,17,0
3001,651,18,0
3001,988,19,0
3001,989,20,0
3001,2612,21,0
3001,2613,22,0
3001,2611,23,1
3004,2611,1,0
3004,2297,2,0
3004,2300,3,0
3004,2299,4,0
3004,2303,5,0
3004,2075,6,0
3004,2492,7,0
3004,2490,8,0
3004,2488,9,0
3004,1608,10,0
3004,1940,11,0
3004,1935,12,0
3004,2061,13,1
3101,1653,1,0
3101,2614,2,0
3101,2753,3,0
3101,2188,4,0
3101,119,5,0
3101,135,6,0
3101,129,7,0
3101,127,8,0
3101,115,9,0
3101,123,10,0
3101,138,11,0
3101,131,12,0
3101,117,13,0
3101,116,14,0
3101,1635,15,0
3101,1648,16,0
3101,1638,17,0
3101,1643,18,0
3101,1639,19,0
3101,1640,20,0
3101,1646,21,0
3101,2291,22,0
3101,142,23,1
3104,142,1,0
3104,1996,2,0
3104,1647,3,0
3104,1637,4,0
3104,1644,5,0
3104,1641,6,0
3104,2125,7,0
3104,1645,8,0
3104,1636,9,0
3104,136,10,0
3104,121,11,0
3104,130,12,0
3104,137,13,0
3104,122,14,0
3104,114,15,0
3104,126,16,0
3104,132,17,0
3104,128,18,0
3104,134,19,0
3104,120,20,0
3104,2511,21,0
3104,2754,22,0
3104,2615,23,0
3104,1757,24,0
3104,1653,25,1
3301,717,1,0
3301,1428,2,0
3301,1431,3,0
3301,2341,4,0
3301,1423,5,0
3301,226,6,0
3301,1270,7,0
3301,378,8,0
3301,372,9,0
3301,374,10,0
3301,381,11,0
3301,1393,12,0
3301,2290,13,0
3301,2291,14,0
3301,142,15,1
3304,142,1,0
3304,2003,2,0
3304,2004,3,0
3304,1394,4,0
3304,382,5,0
3304,375,6,0
3304,371,7,0
3304,379,8,0
3304,227,9,0
3304,1424,10,0
3304,2342,11,0
3304,1432,12,0
3304,1364,13,0
3304,2730,14,0
3304,717,15,1
3502,287,1,0
3502,2267,2,0
3502,1445,3,0
3502,1447,4,0
3502,1446,5,0
3502,1138,6,0
3502,2666,7,0
3502,2671,8,0
3502,2667,9,0
3502,2668,10,0
3502,2670,11,0
3502,2635,12,0
3502,2677,13,0
3502,2010,14,0
3502,1610,15,0
3502,420,16,0
3502,398,17,0
3502,2731,18,1
3503,2731,1,0
3503,399,2,0
3503,1898,3,0
3503,1896,4,0
3503,1609,5,0
3503,2011,6,0
3503,2009,7,0
3503,97,8,0
3503,95,9,0
3503,101,10,0
3503,93,11,0
3503,284,12,0
3503,287,13,1
3601,2224,1,0
3601,1343,2,0
3601,1352,3,0
3601,1276,4,0
3601,1273,5,0
3601,1275,6,0
3601,1300,7,0
3601,1302,8,0
3601,1315,9,0
3601,1313,10,0
3601,2410,11,0
3601,2394,12,0
3601,2395,13,0
3601,2411,14,0
3601,490,15,0
3601,2393,16,0
3601,2179,17,1
3604,2179,1,0
3604,2745,2,0
3604,1371,3,0
3604,1035,4,0
3604,1036,5,0
3604,1034,6,0
3604,1314,7,0
3604,1301,8,0
3604,1274,9,0
3604,2257,10,0
3604,1277,11,0
3604,1353,12,0
3604,1344,13,0
3604,2224,14,1
3702,1226,1,0
3702,1225,2,0
3702,1227,3,0
3702,1721,4,0
3702,1716,5,0
3702,100,6,0
3702,104,7,0
3702,2315,8,0
3702,581,9,0
3702,606,10,0
3702,607,11,0
3702,570,12,0
3702,539,13,0
3702,556,14,0
3702,2731,15,1
3703,2731,1,0
3703,557,2,0
3703,617,3,0
3703,569,4,0
3703,605,5,0
3703,547,6,0
3703,2314,7,0
3703,2412,8,0
3703,2414,9,0
3703,2413,10,0
3703,1717,11,0
3703,1722,12,0
3703,1718,13,0
3703,1720,14,0
3703,1719,15,0
3703,1226,16,1
9002,2062,1,0
9002,2886,2,0
9002,1931,3,0
9002,1923,4,0
9002,1942,5,0
9002,1937,6,0
9002,1501,7,0
9002,1494,8,0
9002,1476,9,0
9002,1512,10,0
9002,1520,11,0
9002,1143,12,1
9003,1143,1,0
9003,1521,2,0
9003,1513,3,0
9003,1477,4,0
9003,1495,5,0
9003,2742,6,0
9003,1080,7,0
9003,1943,8,0
9003,1924,9,0
9003,1933,10,0
9003,2888,11,0
9003,2062,12,1
9101,2390,1,0
9101,1363,2,0
9101,1327,3,0
9101,1266,4,0
9101,1358,5,0
9101,1333,6,0
9101,1260,7,0
9101,1296,8,0
9101,1309,9,0
9101,2331,10,1
9104,2331,1,0
9104,1308,2,0
9104,1297,3,0
9104,1261,4,0
9104,1334,5,0
9104,1290,6,0
9104,1326,7,0
9104,1328,8,0
9104,1364,9,0
9104,2390,10,1
9302,2296,1,0
9302,1661,2,0
9302,2598,3,0
9302,1063,4,0
9302,1056,5,0
9302,1039,6,0
9302,1049,7,0
9302,1059,8,0
9302,1058,9,0
9302,1048,10,0
9302,2243,11,0
9302,2242,12,0
9302,1051,13,0
9302,1050,14,0
9302,1060,15,0
9302,1071,16,0
9302,608,17,0
9302,579,18,0
9302,2645,19,0
9302,2642,20,0
9302,721,21,0
9302,943,22,0
9302,947,23,0
9302,945,24,0
9302,950,25,0
9302,951,26,0
9302,2892,27,0
9302,2033,28,0
9302,2031,29,0
9302,2022,30,0
9302,2896,31,0
9302,2046,32,0
9302,1991,33,0
9302,2291,34,0
9302,2453,35,0
9302,1988,36,0
9302,2877,37,0
9302,1140,38,1
9303,1140,1,0
9303,2876,2,0
9303,2889,3,0
9303,1996,4,0
9303,2003,5,0
9303,2042,6,0
9303,2047,7,0
9303,2057,8,0
9303,2023,9,0
9303,2032,10,0
9303,2034,11,0
9303,2893,12,0
9303,949,13,0
9303,2236,14,0
9303,946,15,0
9303,948,16,0
9303,944,17,0
9303,2643,18,0
9303,2641,19,0
9303,575,20,0
9303,580,21,0
9303,604,22,0
9303,1061,23,0
9303,1062,24,0
9303,1052,25,0
9303,1053,26,0
9303,296,27,0
9303,295,28,0
9303,2206,29,0
9303,1047,30,0
9303,2296,31,1
9401,1222,1,0
9401,2003,2,0
9401,2042,3,0
9401,2047,4,0
9401,1600,5,0
9401,2735,6,0
9401,1080,7,0
9401,622,8,0
9401,537,9,0
9401,560,10,0
9401,577,11,0
9401,602,12,0
9401,167,13,1
9404,167,1,0
9404,546,2,0
9404,578,3,0
9404,561,4,0
9404,538,5,0
9404,620,6,0
9404,2737,7,0
9404,2336,8,0
9404,2046,9,0
9404,1991,10,0
9404,2785,11,0
9404,2849,12,0
9404,1222,13,1
10202,2737,1,0
10202,2738,2,0
10202,1443,3,0
10202,1603,4,0
10202,2336,5,0
10202,2044,6,0
10202,2043,7,0
10202,2035,8,0
10202,2046,9,0
10202,1991,10,0
10202,1992,11,0
10202,2001,12,0
10202,2290,13,0
10202,2291,14,0
10202,141,15,0
10202,1173,16,0
10202,1222,17,1
10203,1222,1,0
10203,1988,2,0
10203,2772,3,0
10203,2083,4,0
10203,1503,5,0
10203,1497,6,0
10203,1513,7,0
10203,1482,8,0
10203,1515,9,0
10203,1465,10,0
10203,1477,11,0
10203,1487,12,0
10203,1495,13,0
10203,1493,14,0
10203,1463,15,0
10203,1489,16,0
10203,1467,17,0
10203,2742,18,0
10203,1086,19,0
10203,1080,20,0
10203,1939,21,0
10203,1442,22,0
10203,2737,23,1
10402,2684,1,0
10402,325,2,0
10402,323,3,0
10402,1509,4,0
10402,1480,5,0
10402,1490,6,0
10402,1501,7,0
10402,1488,8,0
10402,1483,9,0
10402,1496,10,0
10402,1333,11,0
10402,1356,12,0
10402,1354,13,0
10402,1280,14,0
10402,1320,15,0
10402,1360,16,0
10402,1260,17,0
10402,1285,18,0
10402,1287,19,0
10402,1296,20,0
10402,1346,21,0
10402,1329,22,0
10402,1348,23,0
10402,1293,24,0
10402,1345,25,0
10402,1278,26,0
10402,1289,27,0
10402,1322,28,0
10402,1307,29,0
10402,1309,30,0
10402,2223,31,1
10403,2223,1,0
10403,1336,2,0
10403,1310,3,0
10403,1308,4,0
10403,1362,5,0
10403,1323,6,0
10403,1279,7,0
10403,1319,8,0
10403,1349,9,0
10403,1330,10,0
10403,1347,11,0
10403,1297,12,0
10403,1288,13,0
10403,1286,14,0
10403,1261,15,0
10403,1361,16,0
10403,1321,17,0
10403,1281,18,0
10403,1355,19,0
10403,1357,20,0
10403,1495,21,0
10403,1493,22,0
10403,1463,23,0
10403,1489,24,0
10403,1467,25,0
10403,2741,26,0
10403,2740,27,0
10403,969,28,0
10403,1546,29,0
10403,1538,30,0
10403,1539,31,0
10403,2684,32,1
10602,1501,1,0
10602,1488,2,0
10602,1483,3,0
10602,1496,4,0
10602,1494,5,0
10602,1486,6,0
10602,1476,7,0
10602,1464,8,0
10602,1514,9,0
10602,1506,10,0
10602,1481,11,0
10602,1819,12,0
10602,1821,13,0
10602,1173,14,0
10602,1222,15,1
10603,1222,1,0
10603,1989,2,0
10603,1996,3,0
10603,2003,4,0
10603,2004,5,0
10603,2002,6,0
10603,1993,7,0
10603,2042,8,0
10603,2047,9,0
10603,2049,10,0
10603,2041,11,0
10603,2045,12,0
10603,1600,13,0
10603,1602,14,0
10603,600,15,0
10603,2736,16,0
10603,1501,17,1
34010,1141,1,0
34010,704,2,0
34010,706,3,0
34010,697,4,0
34010,695,5,0
34010,2715,6,0
34010,2713,7,0
34010,2714,8,0
34010,2716,9,0
34010,2706,10,0
34010,2707,11,0
34010,2705,12,0
34010,2708,13,0
34010,2709,14,0
34010,2844,15,0
34010,2847,16,0
34010,2879,17,0
34010,2839,18,0
34010,2842,19,0
34010,2475,20,0
34010,2472,21,0
34010,2779,22,0
34010,90,23,0
34010,2077,24,0
34010,2079,25,0
34010,2082,26,0
34010,2080,27,0
34010,521,28,0
34010,2549,29,0
34010,525,30,0
34010,524,31,0
34010,523,32,0
34010,527,33,0
34010,2086,34,0
34010,2084,35,0
34010,1379,36,0
34010,1817,37,0
34010,509,38,0
34010,1222,39,0
34010,1983,40,0
34010,147,41,0
34010,145,42,0
34010,2190,43,0
34010,149,44,0
34010,150,45,0
34010,2259,46,0
34010,2857,47,0
34010,2861,48,0
34010,2863,49,0
34010,2867,50,0
34010,2854,51,0
34010,2856,52,0
34010,2883,53,0
34010,2881,54,0
34010,2774,55,0
34010,2874,56,0
34010,2872,57,1
34011,1142,1,0
34011,2871,2,0
34011,2873,3,0
34011,2773,4,0
34011,2880,5,0
34011,2882,6,0
34011,2855,7,0
34011,2853,8,0
34011,2866,9,0
34011,2862,10,0
34011,2860,11,0
34011,2859,12,0
34011,2858,13,0
34011,2784,14,0
34011,2782,15,0
34011,2781,16,0
34011,2780,17,0
34011,1984,18,0
34011,2891,19,0
34011,1989,20,0
34011,141,21,0
34011,510,22,0
34011,1816,23,0
34011,1378,24,0
34011,2083,25,0
34011,2085,26,0
34011,526,27,0
34011,520,28,0
34011,519,29,0
34011,522,30,0
34011,2304,31,0
34011,2081,32,0
34011,2076,33,0
34011,89,34,0
34011,33,35,0
34011,2840,36,0
34011,2843,37,0
34011,2841,38,0
34011,2469,39,0
34011,3838,40,0
34011,2846,41,0
34011,2845,42,0
34011,2848,43,0
34011,803,44,0
34011,801,45,0
34011,800,46,0
34011,1385,47,0
34011,1383,48,0
34011,2352,49,0
34011,708,50,0
34011,696,51,0
34011,699,52,0
34011,700,53,0
34011,705,54,1
100101,1143,1,0
100101,1485,2,0
100101,1508,3,0
100101,1518,4,0
100101,1519,5,0
100101,1523,6,0
100101,2084,7,0
100101,1379,8,0
100101,1817,9,0
100101,1173,10,0
100101,1222,11,0
100101,1989,12,0
100101,1996,13,0
100101,1647,14,0
100101,1637,15,0
100101,1644,16,0
100101,1641,17,0
100101,2322,18,0
100101,2098,19,0
100101,2106,20,0
100101,2104,21,0
100101,2116,22,0
100101,2118,23,0
100101,2109,24,0
100101,2123,25,0
100101,2323,26,0
100101,2124,27,0
100101,2101,28,0
100101,2136,29,0
100101,2305,30,0
100101,2436,31,0
100101,1889,32,0
100101,1893,33,0
100101,2114,34,0
100101,2112,35,0
100101,2120,36,0
100101,2121,37,0
100101,1713,38,0
100101,2748,39,0
100101,1668,40,0
100101,2749,41,0
100101,1694,42,0
100101,2337,43,0
100101,1706,44,0
100101,1708,45,0
100101,1710,46,0
100101,1681,47,0
100101,1673,48,0
100101,1691,49,0
100101,1700,50,0
100101,2689,51,0
100101,1954,52,0
100101,1953,53,0
100101,1927,54,0
100101,2733,55,0
100101,297,56,0
100101,298,57,0
100101,2325,58,0
100101,291,59,0
100101,2203,60,0
100101,64,61,0
100101,66,62,0
100101,62,63,0
100101,1666,64,0
100101,1689,65,0
100101,1687,66,0
100101,1685,67,0
100101,1683,68,0
100101,1697,69,0
100101,1420,70,0
100101,1417,71,0
100101,1415,72,0
100101,2264,73,0
100101,1400,74,0
100101,1419,75,0
100101,477,76,0
100101,449,77,0
100101,2453,78,0
100101,909,79,0
100101,921,80,0
100101,926,81,0
100101,895,82,0
100101,928,83,0
100101,893,84,0
100101,900,85,0
100101,919,86,0
100101,922,87,0
100101,924,88,0
100101,916,89,0
100101,898,90,0
100101,907,91,0
100101,913,92,0
100101,911,93,0
100101,905,94,0
100101,752,95,0
100101,750,96,0
100101,1159,97,0
100101,1170,98,0
100101,1171,99,0
100101,176,100,1
100102,176,1,0
100102,2306,2,0
100102,1002,3,0
100102,1011,4,0
100102,1017,5,0
100102,2241,6,0
100102,908,7,0
100102,899,8,0
100102,917,9,0
100102,925,10,0
100102,923,11,0
100102,920,12,0
100102,901,13,0
100102,894,14,0
100102,929,15,0
100102,896,16,0
100102,927,17,0
100102,897,18,0
100102,910,19,0
100102,453,20,0
100102,450,21,0
100102,1410,22,0
100102,1401,23,0
100102,1411,24,0
100102,1418,25,0
100102,1416,26,0
100102,1414,27,0
100102,1698,28,0
100102,1684,29,0
100102,1686,30,0
100102,1688,31,0
100102,1690,32,0
100102,77,33,0
100102,61,34,0
100102,65,35,0
100102,63,36,0
100102,292,37,0
100102,2324,38,0
100102,293,39,0
100102,2205,40,0
100102,294,41,0
100102,1927,42,0
100102,2733,43,0
100102,1926,44,0
100102,1952,45,0
100102,2887,46,0
100102,2878,47,0
100102,1701,48,0
100102,1678,49,0
100102,1692,50,0
100102,1674,51,0
100102,1675,52,0
100102,1680,53,0
100102,1709,54,0
100102,1707,55,0
100102,1695,56,0
100102,1696,57,0
100102,1669,58,0
100102,1714,59,0
100102,2128,60,0
100102,2119,61,0
100102,2113,62,0
100102,2111,63,0
100102,2438,64,0
100102,2139,65,0
100102,2135,66,0
100102,2100,67,0
100102,2102,68,0
100102,2134,69,0
100102,2132,70,0
100102,2122,71,0
100102,2108,72,0
100102,2117,73,0
100102,2115,74,0
100102,2103,75,0
100102,2105,76,0
100102,2097,77,0
100102,1638,78,0
100102,1643,79,0
100102,1639,80,0
100102,1640,81,0
100102,1646,82,0
100102,2291,83,0
100102,141,84,0
100102,1173,85,0
100102,1222,86,0
100102,510,87,0
100102,1816,88,0
100102,1378,89,0
100102,1520,90,0
100102,1516,91,0
100102,1460,92,0
100102,1511,93,0
100102,1143,94,1
