'2',200,54730,0,'Bonaventure',0,8100,0,'Bonaventure',0,2920,0,'Bonaventure',0,7000,0,'Bonaventure',0,3000,0,'Bonaventure',0,6800,0,'Bonaventure',0,3000,0,'Bonaventure',0,7000,0,'Bonaventure',0,3000,0,'Bonaventure',0,7000,0,'Bonaventure',0,3000,0,'Bonaventure',0,7100,0,'Bonaventure',0,3000,0,'Bonaventure',0,7000,0,'Bonaventure',0,3000,0,'Bonaventure',0,7000,0,'Bonaventure',0,3200,0,'Bonaventure',0,7200,0,'Bonaventure',0,7200,0,'Bonaventure',0,3300,0,'Bonaventure',0,7200,0,'Bonaventure',0,3200,0,'Bonaventure',0,7900,0,'Bonaventure',0,3200,0,'Bonaventure',0,7200,0,'Bonaventure',0,3200,0,'Bonaventure',0,7200,0,'Bonaventure',0,3200,0,'Bonaventure',0,7300,0,'Bonaventure',0,7880,0,'Bonaventure',0,4000,0,'Bonaventure',0,8000,0,'Bonaventure',0,8000,0,'Bonaventure',0,9000,0,'Bonaventure',0,4400,0,'Bonaventure',0
'3',200,64930,0,'Bonaventure',0,10000,0,'Bonaventure',0,7200,0,'Bonaventure',0,3000,0,'Bonaventure',0,7000,0,'Bonaventure',0,3000,0,'Bonaventure',0,6720,0,'Bonaventure',0,3000,0,'Bonaventure',0,7000,0,'Bonaventure',0,2500,0,'Bonaventure',0,6500,0,'Bonaventure',0,3100,0,'Bonaventure',0,7000,0,'Bonaventure',0,2500,0,'Bonaventure',0,2500,0,'Bonaventure',0,6900,0,'Bonaventure',0,3000,0,'Bonaventure',0,7000,0,'Bonaventure',0,2500,0,'Bonaventure',0,6500,0,'Bonaventure',0,3000,0,'Bonaventure',0,7000,0,'Bonaventure',0,3000,0,'Bonaventure',0,6880,0,'Bonaventure',0,3000,0,'Bonaventure',0,7000,0,'Bonaventure',0,3000,0,'Bonaventure',0,7000,0,'Bonaventure',0,3000,0,'Bonaventure',0,6800,0,'Bonaventure',0,9900,0,'Bonaventure',0,9900,0,'Bonaventure',0,9900,0,'Bonaventure',0,10500,0,'Bonaventure',0
'30',200,61630,0,'Bonaventure',0,10600,0,'Bonaventure',0,10000,0,'Bonaventure',0,9900,0,'Bonaventure',0,10000,0,'Bonaventure',0,8600,0,'Bonaventure',0,1400,0,'Bonaventure',0,3500,0,'Bonaventure',0,7320,0,'Bonaventure',0,3000,0,'Bonaventure',0,6500,0,'Bonaventure',0,3000,0,'Bonaventure',0,7000,0,'Bonaventure',0,3000,0,'Bonaventure',0,6500,0,'Bonaventure',0,3000,0,'Bonaventure',0,7000,0,'Bonaventure',0,3000,0,'Bonaventure',0,6500,0,'Bonaventure',0,3000,0,'Bonaventure',0,8900,0,'Bonaventure',0,1080,0,'Bonaventure',0,9500,0,'Bonaventure',0,10300,0,'Bonaventure',0,10000,0,'Bonaventure',0,10000,0,'Bonaventure',0
'4',200,61630,0,'Bonaventure',0,10600,0,'Bonaventure',0,10000,0,'Bonaventure',0,9900,0,'Bonaventure',0,10000,0,'Bonaventure',0,8600,0,'Bonaventure',0,1400,0,'Bonaventure',0,3500,0,'Bonaventure',0,7320,0,'Bonaventure',0,3000,0,'Bonaventure',0,6500,0,'Bonaventure',0,3000,0,'Bonaventure',0,7000,0,'Bonaventure',0,3000,0,'Bonaventure',0,6500,0,'Bonaventure',0,3000,0,'Bonaventure',0,7000,0,'Bonaventure',0,3000,0,'Bonaventure',0,6500,0,'Bonaventure',0,3000,0,'Bonaventure',0,8900,0,'Bonaventure',0,1080,0,'Bonaventure',0,9500,0,'Bonaventure',0,10300,0,'Bonaventure',0,10000,0,'Bonaventure',0,10000,0,'Bonaventure',0
'8402',200,195350,0,'Bonaventure',0
'2',700,55720,,'',0,6700,,'',0,2500,,'',0,6130,,'',0,3400,,'',0,6000,,'',0,2000,,'',0,2000,,'',0,6000,,'',0,1800,,'',0,2500,,'',0,7000,,'',0,3000,,'',0,6500,,'',0,3000,,'',0,7000,,'',0,3100,,'',0,7000,,'',0,3000,,'',0,6070,,'',0,1030,,'',0,2500,,'',0,2000,,'',0,6000,,'',0,2000,,'',0,2000,,'',0,6000,,'',0,2100,,'',0,6000,,'',0,2000,,'',0,2500,,'',0,980,,'',0,6300,,'',0,2200,,'',0,6500,,'',0,2500,,'',0,2500,,'',0,6500,,'',0,2500,,'',0,6490,,'',0,3500,,'',0,7000,,'',0,3000,,'',0,7000,,'',0,3000,,'',0,6700,,'',0
'3',700,64900,,'',0,8300,,'',0,9410,,'',0,8000,,'',0,2000,,'',0,2500,,'',0,6500,,'',0,3000,,'',0,7000,,'',0,2500,,'',0,6510,,'',0,3200,,'',0,7000,,'',0,3000,,'',0,6500,,'',0,3000,,'',0,7000,,'',0,3000,,'',0,7000,,'',0,3000,,'',0,7000,,'',0,3000,,'',0,6990,,'',0,2400,,'',0,3000,,'',0,7000,,'',0,3000,,'',0,6500,,'',0,3000,,'',0,6800,,'',0,3000,,'',0,6800,,'',0,3200,,'',0,7000,,'',0,3000,,'',0,7000,,'',0
'30',700,85750,,'',0,6360,,'',0,2140,,'',0,6360,,'',0,3000,,'',0,7000,,'',0,2500,,'',0,2500,,'',0,7000,,'',0,3000,,'',0,7000,,'',0,2500,,'',0,7000,,'',0,3000,,'',0,7000,,'',0,2500,,'',0,7000,,'',0,3000,,'',0,6200,,'',0,2700,,'',0,7000,,'',0,3000,,'',0,7000,,'',0,3000,,'',0,7000,,'',0,3000,,'',0,7000,,'',0,3000,,'',0,6990,,'',0,2900,,'',0,8500,,'',0
'4',700,85750,,'',0,6360,,'',0,2140,,'',0,6360,,'',0,3000,,'',0,7000,,'',0,2500,,'',0,2500,,'',0,7000,,'',0,3000,,'',0,7000,,'',0,2500,,'',0,7000,,'',0,3000,,'',0,7000,,'',0,2500,,'',0,7000,,'',0,3000,,'',0,6200,,'',0,2700,,'',0,7000,,'',0,3000,,'',0,7000,,'',0,3000,,'',0,7000,,'',0,3000,,'',0,7000,,'',0,3000,,'',0,6990,,'',0,2900,,'',0,8500,,'',0
'8402',700,55220,,'',0,18730,,'',0
'2',3700,64340,,'',0,7000,,'',0,3000,,'',0,7000,,'',0,71600,,'',0,3000,,'',0,7000,,'',0,3000,,'',0
