102,1657,1,0
102,452,2,0
102,476,3,0
102,1409,4,0
102,1406,5,0
102,1407,6,0
102,1421,7,0
102,1412,8,0
102,478,9,0
102,463,10,0
102,1077,11,0
102,1078,12,0
102,1090,13,0
102,1087,14,0
102,2333,15,0
102,1787,16,0
102,1784,17,0
102,1780,18,0
102,1785,19,0
102,1777,20,0
102,2008,21,0
102,1986,22,0
102,675,23,0
102,676,24,0
102,678,25,0
102,1806,26,0
102,2502,27,0
102,289,28,0
102,1950,29,0
102,1942,30,0
102,1705,31,0
102,1702,32,0
102,2276,33,0
102,435,34,0
102,804,35,0
102,805,36,0
102,806,37,0
102,1966,38,0
102,1949,39,0
102,1979,40,0
102,1937,41,0
102,1936,42,0
102,532,43,0
102,531,44,0
102,443,45,0
102,432,46,0
102,439,47,0
102,441,48,0
102,1355,49,0
102,1357,50,0
102,1494,51,0
102,1486,52,0
102,1476,53,0
102,1464,54,0
102,1514,55,0
102,1506,56,0
102,1013,57,0
102,1019,58,0
102,1005,59,0
102,1132,60,0
102,1456,61,0
102,995,62,0
102,39,63,0
102,42,64,0
102,1093,65,1
103,1093,1,0
103,1096,2,0
103,1098,3,0
103,1095,4,0
103,1094,5,0
103,1099,6,0
103,1097,7,0
103,302,8,0
103,301,9,0
103,2601,10,0
103,300,11,0
103,1003,12,0
103,999,13,0
103,1007,14,0
103,1024,15,0
103,998,16,0
103,996,17,0
103,997,18,0
103,2071,19,0
103,1455,20,0
103,1006,21,0
103,1020,22,0
103,1014,23,0
103,1515,24,0
103,1465,25,0
103,1477,26,0
103,1487,27,0
103,1333,28,0
103,1356,29,0
103,1354,30,0
103,438,31,0
103,442,32,0
103,440,33,0
103,433,34,0
103,436,35,0
103,434,36,0
103,102836,37,0
103,535,38,0
103,1960,39,0
103,1938,40,0
103,1980,41,0
103,1948,42,0
103,1967,43,0
103,1945,44,0
103,1705,45,0
103,1702,46,0
103,2276,47,0
103,435,48,0
103,804,49,0
103,805,50,0
103,806,51,0
103,1969,52,0
103,1943,53,0
103,1930,54,0
103,1453,55,0
103,1452,56,0
103,1451,57,0
103,674,58,0
103,679,59,0
103,677,60,0
103,188,61,0
103,1985,62,0
103,2007,63,0
103,2292,64,0
103,1776,65,0
103,1781,66,0
103,1779,67,0
103,1783,68,0
103,1786,69,0
103,2449,70,0
103,1422,71,0
103,1399,72,0
103,1408,73,0
103,1089,74,0
103,2334,75,0
103,1088,76,0
103,1083,77,0
103,1079,78,0
103,1082,79,0
103,312,80,0
103,313,81,0
103,1656,82,0
103,2452,83,0
103,1657,84,1
201,1222,1,0
201,1284,2,0
201,142,3,0
201,1989,4,0
201,1996,5,0
201,2003,6,0
201,2004,7,0
201,2002,8,0
201,1993,9,0
201,2042,10,0
201,2047,11,0
201,2048,12,0
201,2049,13,0
201,2041,14,0
201,2045,15,0
201,1600,16,0
201,1602,17,0
201,2736,18,0
201,2735,19,0
201,622,20,0
201,614,21,0
201,552,22,0
201,585,23,0
201,623,24,0
201,537,25,0
201,584,26,0
201,576,27,0
201,596,28,0
201,592,29,0
201,594,30,0
201,560,31,0
201,583,32,0
201,562,33,0
201,540,34,0
201,577,35,0
201,573,36,0
201,571,37,0
201,566,38,0
201,545,39,0
201,602,40,0
201,613,41,0
201,587,42,0
201,559,43,0
201,543,44,0
201,558,45,0
201,550,46,0
201,832,47,0
201,828,48,0
201,838,49,0
201,830,50,0
201,842,51,0
201,1799,52,0
201,1801,53,0
201,1803,54,0
201,1789,55,0
201,2279,56,0
201,1791,57,0
201,417,58,0
201,412,59,0
201,414,60,0
201,420,61,0
201,398,62,0
201,2731,63,0
201,399,64,0
201,421,65,0
201,413,66,0
201,416,67,0
201,1139,68,0
201,1137,69,0
201,1238,70,0
201,290,71,0
201,990,72,0
201,991,73,0
201,992,74,0
201,993,75,0
201,1796,76,0
201,557,77,0
201,617,78,0
201,569,79,0
201,605,80,0
201,547,81,0
201,281,82,1
204,281,1,0
204,285,2,0
204,283,3,0
204,94,4,0
204,102,5,0
204,96,6,0
204,327,7,0
204,329,8,0
204,328,9,0
204,330,10,0
204,606,11,0
204,607,12,0
204,570,13,0
204,539,14,0
204,556,15,0
204,2212,16,0
204,167,17,0
204,551,18,0
204,601,19,0
204,544,20,0
204,582,21,0
204,612,22,0
204,603,23,0
204,546,24,0
204,567,25,0
204,568,26,0
204,572,27,0
204,1796,28,0
204,1797,29,0
204,1790,30,0
204,1798,31,0
204,1792,32,0
204,1793,33,0
204,1788,34,0
204,1794,35,0
204,1804,36,0
204,1802,37,0
204,1800,38,0
204,839,39,0
204,829,40,0
204,836,41,0
204,834,42,0
204,831,43,0
204,833,44,0
204,574,45,0
204,578,46,0
204,542,47,0
204,2219,48,0
204,554,49,0
204,561,50,0
204,595,51,0
204,593,52,0
204,597,53,0
204,565,54,0
204,564,55,0
204,538,56,0
204,624,57,0
204,586,58,0
204,553,59,0
204,615,60,0
204,620,61,0
204,1442,62,0
204,2739,63,0
204,1443,64,0
204,1603,65,0
204,2336,66,0
204,2044,67,0
204,2043,68,0
204,2014,69,0
204,2035,70,0
204,2046,71,0
204,2052,72,0
204,1991,73,0
204,1992,74,0
204,2001,75,0
204,2290,76,0
204,2291,77,0
204,141,78,0
204,1173,79,0
204,1222,80,1
301,2731,1,0
301,399,2,0
301,421,3,0
301,413,4,0
301,416,5,0
301,418,6,0
301,419,7,0
301,396,8,0
301,405,9,0
301,2638,10,0
301,2637,11,0
301,2639,12,0
301,2657,13,0
301,2654,14,0
301,2659,15,0
301,2652,16,0
301,2658,17,0
301,2660,18,0
301,2661,19,0
301,2662,20,0
301,2656,21,0
301,785,22,0
301,101718,23,0
301,1200,24,0
301,1199,25,0
301,1206,26,0
301,1201,27,0
301,1133,28,0
301,1810,29,0
301,1811,30,0
301,1812,31,0
301,1814,32,0
301,1813,33,0
301,837,34,0
301,835,35,0
301,859,36,0
301,861,37,0
301,856,38,0
301,850,39,0
301,884,40,0
301,854,41,0
301,852,42,0
301,880,43,0
301,875,44,0
301,863,45,0
301,846,46,0
301,2318,47,0
301,966,48,0
301,2239,49,0
301,977,50,0
301,1947,51,0
301,1979,52,0
301,1939,53,0
301,1442,54,1
304,2743,1,0
304,968,2,0
304,2238,3,0
304,978,4,0
304,2240,5,0
304,967,6,0
304,2317,7,0
304,845,8,0
304,865,9,0
304,874,10,0
304,879,11,0
304,851,12,0
304,885,13,0
304,883,14,0
304,871,15,0
304,855,16,0
304,860,17,0
304,868,18,0
304,866,19,0
304,867,20,0
304,887,21,0
304,858,22,0
304,848,23,0
304,847,24,0
304,878,25,0
304,2655,26,0
304,2653,27,0
304,2640,28,0
304,2636,29,0
304,2650,30,0
304,2651,31,0
304,2675,32,0
304,2676,33,0
304,2674,34,0
304,2665,35,0
304,2673,36,0
304,2672,37,0
304,2648,38,0
304,2646,39,0
304,2647,40,0
304,406,41,0
304,404,42,0
304,397,43,0
304,395,44,0
304,417,45,0
304,412,46,0
304,414,47,0
304,420,48,0
304,398,49,0
304,2731,50,1
402,2295,1,0
402,1044,2,0
402,1046,3,0
402,1065,4,0
402,1040,5,0
402,1067,6,0
402,2296,7,0
402,1661,8,0
402,1659,9,0
402,671,10,0
402,1168,11,0
402,1056,12,0
402,659,13,0
402,656,14,0
402,654,15,0
402,666,16,0
402,665,17,0
402,662,18,0
402,1691,19,0
402,1237,20,0
402,1235,21,0
402,626,22,0
402,629,23,0
402,1626,24,0
402,1628,25,0
402,2066,26,0
402,390,27,0
402,386,28,0
402,389,29,0
402,1826,30,0
402,1532,31,0
402,1545,32,0
402,1540,33,0
402,1531,34,0
402,1555,35,0
402,1544,36,0
402,1537,37,0
402,1547,38,0
402,970,39,0
402,1478,40,0
402,1490,41,0
402,1501,42,0
402,1488,43,0
402,1483,44,0
402,1496,45,0
402,1333,46,0
402,1356,47,0
402,1354,48,0
402,1280,49,0
402,1320,50,0
402,1360,51,0
402,1260,52,0
402,1285,53,0
402,1287,54,0
402,1296,55,0
402,1346,56,0
402,1329,57,0
402,1348,58,0
402,1293,59,0
402,1345,60,0
402,1278,61,0
402,1289,62,0
402,1322,63,0
402,1307,64,0
402,2258,65,0
402,1309,66,0
402,2223,67,1
403,2223,1,0
403,1336,2,0
403,1310,3,0
403,1308,4,0
403,1362,5,0
403,1323,6,0
403,1279,7,0
403,1319,8,0
403,1349,9,0
403,1330,10,0
403,1347,11,0
403,1297,12,0
403,1288,13,0
403,1286,14,0
403,1261,15,0
403,1361,16,0
403,1321,17,0
403,1281,18,0
403,1355,19,0
403,1357,20,0
403,1495,21,0
403,1493,22,0
403,1463,23,0
403,1489,24,0
403,1467,25,0
403,2741,26,0
403,1491,27,0
403,969,28,0
403,1546,29,0
403,1538,30,0
403,1539,31,0
403,1556,32,0
403,1557,33,0
403,1541,34,0
403,1554,35,0
403,1533,36,0
403,1553,37,0
403,1827,38,0
403,1825,39,0
403,385,40,0
403,384,41,0
403,2067,42,0
403,1627,43,0
403,1625,44,0
403,1852,45,0
403,627,46,0
403,628,47,0
403,1234,48,0
403,1236,49,0
403,100069,50,0
403,663,51,0
403,658,52,0
403,667,53,0
403,655,54,0
403,657,55,0
403,660,56,0
403,668,57,0
403,1057,58,0
403,1169,59,0
403,670,60,0
403,1658,61,0
403,1660,62,0
403,1064,63,0
403,2295,64,0
403,1691,65,0
403,1055,66,0
403,1041,67,0
403,1072,68,0
403,1043,69,0
403,1047,70,0
403,2296,71,1
501,808,1,0
501,809,2,0
501,814,3,0
501,815,4,0
501,812,5,0
501,822,6,0
501,818,7,0
501,810,8,0
501,279,9,0
501,280,10,0
501,819,11,0
501,820,12,0
501,821,13,0
501,807,14,0
501,317,15,0
501,275,16,0
501,278,17,0
501,276,18,0
501,2213,19,0
501,2214,20,0
501,479,21,0
501,466,22,0
501,470,23,0
501,471,24,0
501,1733,25,0
501,1750,26,0
501,1752,27,0
501,1738,28,0
501,1740,29,0
501,1746,30,0
501,2551,31,0
501,1754,32,0
501,245,33,0
501,2196,34,0
501,241,35,0
501,759,36,0
501,765,37,0
501,767,38,0
501,762,39,0
501,2320,40,0
501,1526,41,0
501,1528,42,0
501,796,43,0
501,798,44,0
501,1728,45,0
501,1729,46,0
501,1744,47,0
501,1742,48,0
501,1731,49,0
501,1737,50,0
501,1735,51,0
501,1748,52,0
501,981,53,0
501,1759,54,0
501,1758,55,0
501,1760,56,0
501,2170,57,0
501,2744,58,0
501,2736,59,0
501,2735,60,0
501,2608,61,0
501,1939,62,0
501,1442,63,0
501,2739,64,1
504,2739,1,0
504,2740,2,0
504,1549,3,0
504,1558,4,0
504,2171,5,0
504,980,6,0
504,982,7,0
504,2683,8,0
504,1736,9,0
504,2688,10,0
504,799,11,0
504,797,12,0
504,1529,13,0
504,1527,14,0
504,2272,15,0
504,763,16,0
504,764,17,0
504,766,18,0
504,760,19,0
504,240,20,0
504,2195,21,0
504,244,22,0
504,1732,23,0
504,1743,24,0
504,1745,25,0
504,1749,26,0
504,1730,27,0
504,1755,28,0
504,1747,29,0
504,1741,30,0
504,1739,31,0
504,1751,32,0
504,1753,33,0
504,1734,34,0
504,480,35,0
504,472,36,0
504,468,37,0
504,481,38,0
504,448,39,0
504,458,40,0
504,459,41,0
504,482,42,0
504,811,43,0
504,816,44,0
504,817,45,0
504,808,46,1
602,1373,1,0
602,1854,2,0
602,1856,3,0
602,2423,4,0
602,189,5,0
602,210,6,0
602,930,7,0
602,931,8,0
602,933,9,0
602,941,10,0
602,937,11,0
602,791,12,0
602,792,13,0
602,325,14,0
602,323,15,0
602,1509,16,0
602,1480,17,0
602,1490,18,0
602,1501,19,0
602,1488,20,0
602,1483,21,0
602,1496,22,0
602,1494,23,0
602,1486,24,0
602,1476,25,0
602,1464,26,0
602,1514,27,0
602,1506,28,0
602,1481,29,0
602,1819,30,0
602,1821,31,0
602,1173,32,0
602,1222,33,1
603,1222,1,0
603,1284,2,0
603,1989,3,0
603,141,4,0
603,510,5,0
603,1816,6,0
603,1378,7,0
603,2083,8,0
603,1521,9,0
603,1503,10,0
603,1505,11,0
603,1497,12,0
603,1498,13,0
603,1513,14,0
603,1482,15,0
603,1507,16,0
603,1515,17,0
603,1465,18,0
603,1477,19,0
603,1487,20,0
603,1495,21,0
603,1493,22,0
603,1463,23,0
603,1489,24,0
603,1467,25,0
603,1474,26,0
603,2743,27,0
603,1479,28,0
603,1510,29,0
603,1475,30,0
603,324,31,0
603,326,32,0
603,790,33,0
603,936,34,0
603,940,35,0
603,934,36,0
603,932,37,0
603,192,38,0
603,208,39,0
603,1859,40,0
603,1855,41,0
603,2284,42,0
603,1857,43,0
603,1376,44,0
603,2616,45,0
603,1373,46,1
701,2735,1,0
701,2608,2,0
701,2737,3,0
701,2738,4,0
701,2172,5,0
701,2157,6,0
701,2163,7,0
701,2175,8,0
701,2154,9,0
701,2161,10,0
701,2159,11,0
701,2165,12,0
701,740,13,0
701,736,14,0
701,744,15,0
701,738,16,0
701,733,17,0
701,894,18,0
701,929,19,0
701,309,20,0
701,305,21,0
701,2207,22,0
701,1910,23,0
701,1916,24,0
701,1907,25,0
701,1912,26,0
701,1900,27,0
701,1898,28,0
701,1896,29,0
701,1902,30,0
701,1904,31,0
701,539,32,0
701,556,33,0
701,2212,34,0
701,167,35,1
704,167,1,0
704,557,2,0
704,1906,3,0
704,1903,4,0
704,1905,5,0
704,1897,6,0
704,1899,7,0
704,1913,8,0
704,1908,9,0
704,1918,10,0
704,1915,11,0
704,1911,12,0
704,2208,13,0
704,306,14,0
704,308,15,0
704,928,16,0
704,893,17,0
704,743,18,0
704,734,19,0
704,739,20,0
704,745,21,0
704,737,22,0
704,741,23,0
704,2166,24,0
704,2160,25,0
704,2162,26,0
704,2155,27,0
704,2176,28,0
704,2164,29,0
704,2158,30,0
704,2173,31,0
704,1979,32,0
704,1939,33,0
704,1442,34,0
704,2739,35,0
704,2735,36,1
901,118,1,0
901,268,2,0
901,270,3,0
901,261,4,0
901,272,5,0
901,264,6,0
901,266,7,0
901,757,8,0
901,2343,9,0
901,1125,10,0
901,1123,11,0
901,1119,12,0
901,1121,13,0
901,1127,14,0
901,1109,15,0
901,1107,16,0
901,2248,17,0
901,2127,18,0
901,119,19,0
901,135,20,0
901,125,21,0
901,129,22,0
901,133,23,0
901,127,24,0
901,115,25,0
901,123,26,0
901,138,27,0
901,131,28,0
901,117,29,0
901,116,30,0
901,1635,31,0
901,1648,32,0
901,1638,33,0
901,1643,34,0
901,1639,35,0
901,1640,36,0
901,1646,37,0
901,2003,38,0
901,2004,39,0
901,1394,40,0
901,1390,41,0
901,1392,42,0
901,2141,43,0
901,2143,44,0
901,2146,45,0
901,1606,46,0
901,1570,47,0
901,1600,48,0
901,1602,49,0
901,2736,50,0
901,2735,51,0
901,2608,52,0
901,1939,53,0
901,1442,54,0
901,2739,55,0
901,2291,56,0
901,141,57,0
901,1173,58,0
901,1222,59,1
904,2739,1,0
904,1443,2,0
904,1603,3,0
904,1601,4,0
904,1587,5,0
904,2144,6,0
904,2142,7,0
904,2140,8,0
904,1391,9,0
904,1389,10,0
904,1393,11,0
904,2290,12,0
904,1222,13,0
904,1988,14,0
904,1817,15,0
904,1996,16,0
904,1647,17,0
904,1637,18,0
904,1644,19,0
904,1641,20,0
904,1649,21,0
904,1645,22,0
904,1636,23,0
904,136,24,0
904,121,25,0
904,130,26,0
904,137,27,0
904,122,28,0
904,114,29,0
904,126,30,0
904,132,31,0
904,128,32,0
904,124,33,0
904,134,34,0
904,118,35,0
904,2125,36,0
904,2249,37,0
904,1108,38,0
904,1110,39,0
904,1126,40,0
904,1120,41,0
904,1118,42,0
904,1122,43,0
904,1124,44,0
904,754,45,0
904,756,46,0
904,2107,47,0
904,267,48,0
904,265,49,0
904,273,50,0
904,262,51,0
904,263,52,0
904,271,53,0
904,269,54,0
904,119,55,1
1002,2733,1,0
1002,2327,2,0
1002,1197,3,0
1002,1202,4,0
1002,1204,5,0
1002,1701,6,0
1002,1678,7,0
1002,1692,8,0
1002,1674,9,0
1002,1675,10,0
1002,1680,11,0
1002,1709,12,0
1002,1707,13,0
1002,1695,14,0
1002,1696,15,0
1002,1669,16,0
1002,1714,17,0
1002,2128,18,0
1002,2119,19,0
1002,2113,20,0
1002,2111,21,0
1002,2438,22,0
1002,2139,23,0
1002,2135,24,0
1002,2100,25,0
1002,2102,26,0
1002,2134,27,0
1002,1767,28,0
1002,1764,29,0
1002,248,30,0
1002,246,31,0
1002,242,32,0
1002,240,33,0
1002,2195,34,0
1002,244,35,0
1002,2132,36,0
1002,2122,37,0
1002,2108,38,0
1002,2117,39,0
1002,2115,40,0
1002,2103,41,0
1002,2105,42,0
1002,2097,43,0
1002,2126,44,0
1002,1638,45,0
1002,1643,46,0
1002,1639,47,0
1002,1640,48,0
1002,1646,49,0
1002,2291,50,0
1002,141,51,0
1002,1173,52,0
1002,1222,53,0
1002,510,54,0
1002,1816,55,0
1002,1378,56,0
1002,1520,57,0
1002,1516,58,0
1002,1460,59,0
1002,1511,60,0
1002,1143,61,1
1003,1143,1,0
1003,1485,2,0
1003,1508,3,0
1003,1518,4,0
1003,1519,5,0
1003,1523,6,0
1003,2084,7,0
1003,1379,8,0
1003,1817,9,0
1003,1173,10,0
1003,1222,11,0
1003,1284,12,0
1003,142,13,0
1003,1989,14,0
1003,1996,15,0
1003,1647,16,0
1003,1637,17,0
1003,1644,18,0
1003,1641,19,0
1003,2322,20,0
1003,2098,21,0
1003,2106,22,0
1003,2104,23,0
1003,2116,24,0
1003,2118,25,0
1003,2109,26,0
1003,2123,27,0
1003,1754,28,0
1003,245,29,0
1003,2196,30,0
1003,241,31,0
1003,2198,32,0
1003,243,33,0
1003,247,34,0
1003,249,35,0
1003,2197,36,0
1003,1766,37,0
1003,1768,38,0
1003,2124,39,0
1003,2101,40,0
1003,2136,41,0
1003,2305,42,0
1003,1999,43,0
1003,1889,44,0
1003,1893,45,0
1003,2114,46,0
1003,2112,47,0
1003,2120,48,0
1003,2121,49,0
1003,1713,50,0
1003,1668,51,0
1003,1694,52,0
1003,2337,53,0
1003,1706,54,0
1003,1708,55,0
1003,1710,56,0
1003,1681,57,0
1003,1673,58,0
1003,101092,59,0
1003,1700,60,0
1003,1205,61,0
1003,1203,62,0
1003,1198,63,0
1003,2326,64,0
1003,2733,65,1
1101,2437,1,0
1101,1874,2,0
1101,1888,3,0
1101,1873,4,0
1101,488,5,0
1101,489,6,0
1101,487,7,0
1101,473,8,0
1101,474,9,0
1101,2465,10,0
1101,2467,11,0
1101,2462,12,0
1101,2460,13,0
1101,180,14,0
1101,203,15,0
1101,205,16,0
1101,199,17,0
1101,201,18,0
1101,1670,19,0
1101,647,20,0
1101,644,21,0
1101,649,22,0
1101,646,23,0
1101,2033,24,0
1101,2054,25,0
1101,2031,26,0
1101,2022,27,0
1101,2037,28,0
1101,1759,29,0
1101,1758,30,0
1101,1760,31,0
1101,2170,32,0
1101,2744,33,0
1101,2736,34,0
1101,2735,35,1
1104,2739,1,0
1104,2740,2,0
1104,1549,3,0
1104,1558,4,0
1104,2171,5,0
1104,2293,6,0
1104,2023,7,0
1104,2032,8,0
1104,2055,9,0
1104,1105,10,0
1104,1131,11,0
1104,650,12,0
1104,645,13,0
1104,648,14,0
1104,2220,15,0
1104,202,16,0
1104,200,17,0
1104,204,18,0
1104,183,19,0
1104,223,20,0
1104,2461,21,0
1104,2463,22,0
1104,2466,23,0
1104,2464,24,0
1104,2101,25,0
1104,2136,26,0
1104,2305,27,0
1104,2437,28,1
1202,2610,1,0
1202,2525,2,0
1202,2596,3,0
1202,1713,4,0
1202,1668,5,0
1202,2591,6,0
1202,2590,7,0
1202,2589,8,0
1202,2592,9,0
1202,1878,10,0
1202,1876,11,0
1202,1885,12,0
1202,483,13,0
1202,456,14,0
1202,2026,15,0
1202,2015,16,0
1202,2029,17,0
1202,2033,18,0
1202,2054,19,0
1202,2031,20,0
1202,2022,21,0
1202,2037,22,0
1202,2050,23,0
1202,1600,24,0
1202,1602,25,0
1202,2736,26,0
1202,2735,27,0
1202,2608,28,0
1202,1939,29,0
1202,1442,30,0
1202,2739,31,0
1202,2312,32,1
1203,2739,1,0
1203,1443,2,0
1203,1603,3,0
1203,2057,4,0
1203,2051,5,0
1203,2293,6,0
1203,2023,7,0
1203,2032,8,0
1203,2055,9,0
1203,2034,10,0
1203,2024,11,0
1203,2016,12,0
1203,2027,13,0
1203,457,14,0
1203,461,15,0
1203,1872,16,0
1203,1886,17,0
1203,1877,18,0
1203,1240,19,0
1203,235,20,0
1203,236,21,0
1203,234,22,0
1203,237,23,0
1203,2056,24,0
1203,2594,25,0
1203,2593,26,0
1203,2595,27,0
1203,2528,28,0
1203,2610,29,1
1302,1940,1,0
1302,1935,2,0
1302,2060,3,0
1302,1928,4,0
1302,297,5,0
1302,505,6,0
1302,506,7,0
1302,2068,8,0
1302,2069,9,0
1302,1251,10,0
1302,1257,11,0
1302,1254,12,0
1302,1250,13,0
1302,1249,14,0
1302,1258,15,0
1302,528,16,0
1302,171,17,0
1302,168,18,0
1302,1177,19,0
1302,1175,20,0
1302,1179,21,0
1302,1181,22,0
1302,1185,23,0
1302,1191,24,0
1302,1187,25,0
1302,1194,26,0
1302,1184,27,0
1302,1183,28,0
1302,1189,29,0
1302,1667,30,0
1302,1712,31,0
1302,1704,32,0
1302,1965,33,0
1302,1926,34,0
1302,1952,35,0
1302,1963,36,0
1302,1934,37,0
1302,2428,38,0
1302,1975,39,0
1302,1977,40,0
1302,1971,41,0
1302,1931,42,0
1302,1923,43,0
1302,1962,44,0
1302,1929,45,0
1302,1922,46,0
1302,1961,47,0
1302,1925,48,0
1302,1950,49,0
1302,1942,50,0
1302,1968,51,0
1302,1946,52,0
1302,1944,53,0
1302,1966,54,0
1302,1949,55,0
1302,1979,56,0
1302,1937,57,0
1302,1442,58,0
1302,1501,59,0
1302,1488,60,0
1302,1483,61,0
1302,1496,62,0
1302,1494,63,0
1302,1486,64,0
1302,1476,65,0
1302,1464,66,0
1302,1514,67,0
1302,1506,68,0
1302,1481,69,0
1302,1819,70,0
1302,1821,71,0
1302,510,72,0
1302,1816,73,0
1302,1378,74,0
1302,1520,75,0
1302,1516,76,0
1302,1460,77,0
1302,1511,78,0
1302,1144,79,1
1303,1144,1,0
1303,1485,2,0
1303,1508,3,0
1303,1518,4,0
1303,1519,5,0
1303,1523,6,0
1303,2084,7,0
1303,1379,8,0
1303,1817,9,0
1303,509,10,0
1303,1820,11,0
1303,1818,12,0
1303,1482,13,0
1303,1515,14,0
1303,1465,15,0
1303,1477,16,0
1303,1487,17,0
1303,1495,18,0
1303,1493,19,0
1303,1463,20,0
1303,1489,21,0
1303,1467,22,0
1303,1474,23,0
1303,2608,24,0
1303,1980,25,0
1303,1948,26,0
1303,1967,27,0
1303,1945,28,0
1303,1969,29,0
1303,1943,30,0
1303,1930,31,0
1303,1974,32,0
1303,1955,33,0
1303,1970,34,0
1303,1958,35,0
1303,1924,36,0
1303,1932,37,0
1303,1933,38,0
1303,1972,39,0
1303,1976,40,0
1303,1978,41,0
1303,1956,42,0
1303,1957,43,0
1303,1964,44,0
1303,2689,45,0
1303,1954,46,0
1303,1953,47,0
1303,1703,48,0
1303,1711,49,0
1303,1666,50,0
1303,1188,51,0
1303,1180,52,0
1303,1195,53,0
1303,1193,54,0
1303,1186,55,0
1303,1192,56,0
1303,1190,57,0
1303,1182,58,0
1303,1174,59,0
1303,1176,60,0
1303,1178,61,0
1303,169,62,0
1303,170,63,0
1303,529,64,0
1303,1259,65,0
1303,60,66,0
1303,1255,67,0
1303,1256,68,0
1303,1253,69,0
1303,1252,70,0
1303,2070,71,0
1303,508,72,0
1303,507,73,0
1303,294,74,0
1303,1927,75,0
1303,2060,76,0
1303,955,77,0
1303,954,78,0
1303,1940,79,1
1402,2733,1,0
1402,297,2,0
1402,298,3,0
1402,2325,4,0
1402,291,5,0
1402,2203,6,0
1402,64,7,0
1402,66,8,0
1402,62,9,0
1402,1666,10,0
1402,1689,11,0
1402,1687,12,0
1402,1685,13,0
1402,1683,14,0
1402,1697,15,0
1402,1420,16,0
1402,1417,17,0
1402,1415,18,0
1402,2264,19,0
1402,1400,20,0
1402,1419,21,0
1402,477,22,0
1402,449,23,0
1402,2453,24,0
1402,909,25,0
1402,921,26,0
1402,926,27,0
1402,895,28,0
1402,928,29,0
1402,893,30,0
1402,900,31,0
1402,919,32,0
1402,922,33,0
1402,924,34,0
1402,916,35,0
1402,898,36,0
1402,907,37,0
1402,913,38,0
1402,911,39,0
1402,905,40,0
1402,752,41,0
1402,750,42,0
1402,1159,43,0
1402,1170,44,0
1402,1171,45,0
1402,176,46,1
1403,176,1,0
1403,2306,2,0
1403,1002,3,0
1403,1011,4,0
1403,1017,5,0
1403,2241,6,0
1403,908,7,0
1403,899,8,0
1403,917,9,0
1403,925,10,0
1403,923,11,0
1403,920,12,0
1403,901,13,0
1403,894,14,0
1403,929,15,0
1403,896,16,0
1403,927,17,0
1403,897,18,0
1403,910,19,0
1403,453,20,0
1403,450,21,0
1403,1410,22,0
1403,1401,23,0
1403,1411,24,0
1403,1418,25,0
1403,1416,26,0
1403,1414,27,0
1403,1698,28,0
1403,1684,29,0
1403,1686,30,0
1403,1688,31,0
1403,1690,32,0
1403,77,33,0
1403,61,34,0
1403,65,35,0
1403,63,36,0
1403,292,37,0
1403,2324,38,0
1403,293,39,0
1403,2205,40,0
1403,294,41,0
1403,1927,42,0
1403,2733,43,1
1502,1998,1,0
1502,1889,2,0
1502,1893,3,0
1502,1891,4,0
1502,1884,5,0
1502,1883,6,0
1502,1881,7,0
1502,164,8,0
1502,165,9,0
1502,158,10,0
1502,160,11,0
1502,154,12,0
1502,222,13,0
1502,213,14,0
1502,211,15,0
1502,196,16,0
1502,2194,17,0
1502,184,18,0
1502,331,19,0
1502,334,20,0
1502,339,21,0
1502,340,22,0
1502,336,23,0
1502,304,24,0
1502,303,25,0
1502,1537,26,0
1502,1547,27,0
1502,970,28,0
1502,1478,29,0
1502,1490,30,1
1503,1491,1,0
1503,969,2,0
1503,1546,3,0
1503,1538,4,0
1503,1539,5,0
1503,642,6,0
1503,643,7,0
1503,641,8,0
1503,634,9,0
1503,640,10,0
1503,639,11,0
1503,637,12,0
1503,630,13,0
1503,216,14,0
1503,212,15,0
1503,214,16,0
1503,215,17,0
1503,2605,18,0
1503,223,19,0
1503,155,20,0
1503,152,21,0
1503,161,22,0
1503,156,23,0
1503,153,24,0
1503,163,25,0
1503,1882,26,0
1503,1879,27,0
1503,1875,28,0
1503,1890,29,0
1503,2437,30,0
1503,2577,31,0
1503,715,32,0
1503,716,33,0
1503,501,34,0
1503,502,35,0
1503,503,36,0
1503,504,37,0
1503,1153,38,0
1503,2111,39,0
1503,1998,40,1
1602,2468,1,0
1602,2478,2,0
1602,2476,3,0
1602,2477,4,0
1602,2486,5,0
1602,1454,6,0
1602,1165,7,0
1602,2216,8,0
1602,453,9,0
1602,514,10,0
1602,1400,11,0
1602,2192,12,0
1602,2191,13,0
1602,174,14,0
1602,511,15,0
1602,513,16,0
1602,449,17,0
1602,452,18,0
1602,476,19,0
1602,478,20,0
1602,463,21,0
1602,455,22,0
1602,465,23,0
1602,446,24,0
1602,447,25,0
1602,2426,26,0
1602,103698,27,0
1602,2284,28,0
1602,1857,29,0
1602,2217,30,0
1602,48,31,0
1602,50,32,0
1602,52,33,0
1602,2185,34,0
1602,82,35,0
1602,56,36,0
1602,81,37,0
1602,20,38,0
1602,58,39,0
1602,37,40,0
1602,53,41,0
1602,27,42,0
1602,54,43,0
1602,22,44,0
1602,57,45,0
1602,70,46,0
1602,67,47,0
1602,78,48,0
1602,34,49,0
1602,24,50,0
1602,87,51,0
1602,74,52,0
1602,39,53,0
1602,42,54,0
1602,43,55,0
1602,89,56,0
1602,33,57,0
1602,80,58,0
1602,684,59,0
1602,712,60,0
1602,691,61,0
1602,696,62,0
1602,699,63,0
1602,700,64,0
1602,705,65,0
1602,1145,66,1
1603,1145,1,0
1603,709,2,0
1603,704,3,0
1603,706,4,0
1603,697,5,0
1603,695,6,0
1603,713,7,0
1603,711,8,0
1603,32,9,0
1603,55,10,0
1603,2186,11,0
1603,90,12,0
1603,44,13,0
1603,47,14,0
1603,40,15,0
1603,88,16,0
1603,25,17,0
1603,35,18,0
1603,79,19,0
1603,68,20,0
1603,71,21,0
1603,69,22,0
1603,23,23,0
1603,76,24,0
1603,72,25,0
1603,2690,26,0
1603,73,27,0
1603,28,28,0
1603,36,29,0
1603,38,30,0
1603,59,31,0
1603,21,32,0
1603,29,33,0
1603,84,34,0
1603,85,35,0
1603,83,36,0
1603,86,37,0
1603,49,38,0
1603,447,39,0
1603,2426,40,0
1603,103698,41,0
1603,2284,42,0
1603,1857,43,0
1603,2217,44,0
1603,445,45,0
1603,464,46,0
1603,454,47,0
1603,462,48,0
1603,475,49,0
1603,477,50,0
1603,514,51,0
1603,512,52,0
1603,515,53,0
1603,516,54,0
1603,770,55,0
1603,776,56,0
1603,780,57,0
1603,1420,58,0
1603,1417,59,0
1603,1415,60,0
1603,2264,61,0
1603,1400,62,0
1603,449,63,0
1603,2215,64,0
1603,2392,65,0
1603,2485,66,0
1603,2483,67,0
1603,2484,68,0
1603,2482,69,0
1603,2468,70,1
1701,2533,1,0
1701,2534,2,0
1701,2535,3,0
1701,2538,4,0
1701,2539,5,0
1701,2537,6,0
1701,318,7,0
1701,314,8,0
1701,315,9,0
1701,316,10,0
1701,275,11,0
1701,278,12,0
1701,276,13,0
1701,277,14,0
1701,1592,15,0
1701,1583,16,0
1701,1562,17,0
1701,1581,18,0
1701,1031,19,0
1701,1032,20,0
1701,1026,21,0
1701,1029,22,0
1701,1631,23,0
1701,1629,24,0
1701,1633,25,0
1701,1341,26,0
1701,1324,27,0
1701,1339,28,0
1701,1337,29,0
1701,1311,30,0
1701,1291,31,0
1701,1304,32,0
1701,1294,33,0
1701,1316,34,0
1701,1317,35,0
1701,1268,36,0
1701,1363,37,0
1701,1327,38,0
1701,1263,39,0
1701,1270,40,0
1701,1272,41,0
1701,1266,42,0
1701,1331,43,0
1701,1358,44,0
1701,1262,45,0
1701,1350,46,0
1701,1298,47,0
1701,1333,48,0
1701,1356,49,0
1701,1354,50,0
1701,1280,51,0
1701,1320,52,0
1701,1360,53,0
1701,1260,54,0
1701,1285,55,0
1701,1287,56,0
1701,1296,57,0
1701,1346,58,0
1701,1329,59,0
1701,1348,60,0
1701,1293,61,0
1701,1345,62,0
1701,1278,63,0
1701,1289,64,0
1701,1322,65,0
1701,1307,66,0
1701,1309,67,0
1701,2331,68,0
1701,1343,69,0
1701,1352,70,0
1701,1772,71,0
1701,2600,72,0
1701,1770,73,0
1701,499,74,0
1701,495,75,0
1701,496,76,0
1701,498,77,0
1701,492,78,0
1701,400,79,0
1701,407,80,0
1701,411,81,0
1701,2329,82,0
1701,403,83,0
1701,2212,84,0
1701,167,85,1
1704,167,1,0
1704,402,2,0
1704,394,3,0
1704,410,4,0
1704,409,5,0
1704,494,6,0
1704,493,7,0
1704,497,8,0
1704,2313,9,0
1704,500,10,0
1704,1769,11,0
1704,1771,12,0
1704,1344,13,0
1704,2226,14,0
1704,1336,15,0
1704,1310,16,0
1704,1308,17,0
1704,1362,18,0
1704,1323,19,0
1704,1279,20,0
1704,1319,21,0
1704,1349,22,0
1704,1330,23,0
1704,1347,24,0
1704,1297,25,0
1704,1288,26,0
1704,1286,27,0
1704,1261,28,0
1704,1361,29,0
1704,1321,30,0
1704,1281,31,0
1704,1355,32,0
1704,1357,33,0
1704,1334,34,0
1704,1299,35,0
1704,1351,36,0
1704,1303,37,0
1704,1359,38,0
1704,1290,39,0
1704,1332,40,0
1704,1326,41,0
1704,1267,42,0
1704,1271,43,0
1704,1265,44,0
1704,1264,45,0
1704,1328,46,0
1704,1364,47,0
1704,1269,48,0
1704,1318,49,0
1704,1305,50,0
1704,1295,51,0
1704,1306,52,0
1704,1292,53,0
1704,1030,54,0
1704,1027,55,0
1704,2663,56,0
1704,2664,57,0
1704,1582,58,0
1704,1563,59,0
1704,1584,60,0
1704,1593,61,0
1704,1312,62,0
1704,1338,63,0
1704,1340,64,0
1704,1325,65,0
1704,1634,66,0
1704,1630,67,0
1704,1632,68,0
1704,844,69,0
1704,843,70,0
1704,459,71,0
1704,482,72,0
1704,2536,73,0
1704,2531,74,0
1704,2532,75,0
1704,2543,76,0
1704,2542,77,0
1704,2546,78,0
1704,2545,79,0
1704,2547,80,0
1704,2548,81,0
1704,811,82,0
1704,816,83,0
1704,817,84,0
1704,318,85,1
1901,1653,1,0
1901,2686,2,0
1901,2687,3,0
1901,2398,4,0
1901,2405,5,0
1901,2494,6,0
1901,2396,7,0
1901,2399,8,0
1901,2403,9,0
1901,1030,10,0
1901,1027,11,0
1901,1839,12,0
1901,1849,13,0
1901,1844,14,0
1901,1846,15,0
1901,1837,16,0
1901,1843,17,0
1901,2458,18,0
1901,1834,19,0
1901,1847,20,0
1901,1841,21,0
1901,1084,22,0
1901,1091,23,0
1901,1604,24,0
1901,1567,25,0
1901,1589,26,0
1901,1564,27,0
1901,1588,28,0
1901,1606,29,0
1901,1570,30,0
1901,1600,31,0
1901,1602,32,0
1901,2736,33,0
1901,2735,34,0
1901,2608,35,0
1901,1939,36,0
1901,1442,37,0
1901,2739,38,1
1904,2739,1,0
1904,2740,2,0
1904,1443,3,0
1904,1603,4,0
1904,1601,5,0
1904,1587,6,0
1904,1607,7,0
1904,1569,8,0
1904,1565,9,0
1904,1566,10,0
1904,1590,11,0
1904,1568,12,0
1904,2122,13,0
1904,1092,14,0
1904,1085,15,0
1904,1833,16,0
1904,1848,17,0
1904,1832,18,0
1904,1835,19,0
1904,1836,20,0
1904,1838,21,0
1904,1845,22,0
1904,1850,23,0
1904,1840,24,0
1904,1026,25,0
1904,1029,26,0
1904,2400,27,0
1904,2402,28,0
1904,1028,29,0
1904,2401,30,0
1904,2493,31,0
1904,2404,32,0
1904,2397,33,0
1904,2685,34,0
1904,2419,35,1
2001,224,1,0
2001,2415,2,0
2001,2385,3,0
2001,2575,4,0
2001,2388,5,0
2001,2387,6,0
2001,2409,7,0
2001,2407,8,0
2001,2408,9,0
2001,2701,10,0
2001,2384,11,0
2001,2389,12,0
2001,2417,13,0
2001,2418,14,0
2001,1425,15,0
2001,1428,16,0
2001,2390,17,0
2001,1363,18,0
2001,1431,19,0
2001,2341,20,0
2001,1423,21,0
2001,226,22,0
2001,1270,23,0
2001,378,24,0
2001,372,25,0
2001,374,26,0
2001,381,27,0
2001,1392,28,0
2001,2141,29,0
2001,2143,30,0
2001,2146,31,0
2001,1606,32,0
2001,1570,33,0
2001,1600,34,0
2001,1602,35,0
2001,2736,36,0
2001,2735,37,0
2001,2608,38,0
2001,622,39,0
2001,614,40,0
2001,552,41,0
2001,585,42,0
2001,623,43,0
2001,537,44,0
2001,584,45,0
2001,576,46,0
2001,596,47,0
2001,592,48,0
2001,1435,49,0
2001,1441,50,0
2001,1438,51,0
2001,1436,52,0
2001,1617,53,0
2001,768,54,0
2001,1219,55,0
2001,1217,56,0
2001,1207,57,0
2001,2251,58,0
2001,1215,59,0
2001,1322,60,0
2001,1307,61,0
2001,2258,62,0
2001,1309,63,0
2001,2224,64,1
2004,2224,1,0
2004,1336,2,0
2004,1310,3,0
2004,1308,4,0
2004,1362,5,0
2004,1214,6,0
2004,1216,7,0
2004,1208,8,0
2004,2252,9,0
2004,1218,10,0
2004,1209,11,0
2004,1210,12,0
2004,1440,13,0
2004,1437,14,0
2004,1439,15,0
2004,1434,16,0
2004,595,17,0
2004,593,18,0
2004,597,19,0
2004,565,20,0
2004,564,21,0
2004,538,22,0
2004,624,23,0
2004,586,24,0
2004,553,25,0
2004,615,26,0
2004,620,27,0
2004,1442,28,0
2004,2739,29,0
2004,1443,30,0
2004,1603,31,0
2004,1601,32,0
2004,1587,33,0
2004,2144,34,0
2004,2142,35,0
2004,2140,36,0
2004,1391,37,0
2004,382,38,0
2004,375,39,0
2004,371,40,0
2004,379,41,0
2004,227,42,0
2004,1424,43,0
2004,2342,44,0
2004,1432,45,0
2004,1430,46,0
2004,1429,47,0
2004,1427,48,0
2004,225,49,0
2004,228,50,0
2004,224,51,0
2004,321,52,0
2004,322,53,0
2004,2390,54,1
2102,1490,1,0
2102,1501,2,0
2102,1466,3,0
2102,1488,4,0
2102,1457,5,0
2102,1483,6,0
2102,1496,7,0
2102,1499,8,0
2102,1494,9,0
2102,1486,10,0
2102,1476,11,0
2102,1464,12,0
2102,366,13,0
2102,364,14,0
2102,352,15,0
2102,357,16,0
2102,368,17,0
2102,344,18,0
2102,362,19,0
2102,351,20,0
2102,354,21,0
2102,348,22,0
2102,349,23,0
2102,347,24,0
2102,359,25,0
2102,1164,26,0
2102,1162,27,0
2102,1160,28,0
2102,1156,29,0
2102,1017,30,0
2102,2241,31,0
2102,1009,32,0
2102,1021,33,0
2102,1023,34,0
2102,1015,35,0
2102,2273,36,0
2102,232,37,0
2102,229,38,0
2102,230,39,0
2102,233,40,0
2102,231,41,0
2102,1665,42,0
2102,1663,43,0
2102,1245,44,1
2103,1245,1,0
2103,1246,2,0
2103,1244,3,0
2103,391,4,0
2103,393,5,0
2103,392,6,0
2103,1620,7,0
2103,1624,8,0
2103,1016,9,0
2103,1022,10,0
2103,1008,11,0
2103,1010,12,0
2103,1018,13,0
2103,1157,14,0
2103,1161,15,0
2103,1163,16,0
2103,1155,17,0
2103,356,18,0
2103,350,19,0
2103,361,20,0
2103,355,21,0
2103,2209,22,0
2103,363,23,0
2103,346,24,0
2103,345,25,0
2103,369,26,0
2103,358,27,0
2103,353,28,0
2103,365,29,0
2103,367,30,0
2103,360,31,0
2103,1477,32,0
2103,1487,33,0
2103,1495,34,0
2103,1493,35,0
2103,1484,36,0
2103,1463,37,0
2103,1489,38,0
2103,1467,39,0
2103,1474,40,1
2301,501,1,0
2301,502,2,0
2301,503,3,0
2301,504,4,0
2301,1153,5,0
2301,2111,6,0
2301,2436,7,0
2301,1889,8,0
2301,1893,9,0
2301,2137,10,0
2301,2139,11,0
2301,2135,12,0
2301,2100,13,0
2301,2102,14,0
2301,2134,15,0
2301,1767,16,0
2301,1764,17,0
2301,248,18,0
2301,246,19,0
2301,242,20,0
2301,759,21,0
2301,765,22,0
2301,767,23,0
2301,762,24,0
2301,2320,25,0
2301,1526,26,0
2301,1528,27,0
2301,796,28,0
2301,798,29,0
2301,1735,30,0
2301,1748,31,0
2301,981,32,0
2301,1759,33,0
2301,1758,34,0
2301,1760,35,0
2301,2170,36,0
2301,2744,37,0
2301,2736,38,0
2301,2735,39,0
2301,2608,40,0
2301,1939,41,0
2301,1442,42,0
2301,2739,43,1
2304,2739,1,0
2304,2740,2,0
2304,1549,3,0
2304,1558,4,0
2304,2171,5,0
2304,980,6,0
2304,982,7,0
2304,1736,8,0
2304,2688,9,0
2304,799,10,0
2304,797,11,0
2304,1529,12,0
2304,1527,13,0
2304,2272,14,0
2304,763,15,0
2304,764,16,0
2304,766,17,0
2304,760,18,0
2304,2198,19,0
2304,243,20,0
2304,247,21,0
2304,249,22,0
2304,2197,23,0
2304,1766,24,0
2304,1768,25,0
2304,2101,26,0
2304,2136,27,0
2304,2305,28,0
2304,2437,29,0
2304,2577,30,0
2304,715,31,0
2304,716,32,0
2304,501,33,1
2401,2619,1,0
2401,2629,2,0
2401,2631,3,0
2401,2623,4,0
2401,2621,5,0
2401,2625,6,0
2401,2633,7,0
2401,2438,8,0
2401,1891,9,0
2401,1884,10,0
2401,1883,11,0
2401,1881,12,0
2401,1870,13,0
2401,1871,14,0
2401,2288,15,0
2401,1876,16,0
2401,1885,17,0
2401,483,18,0
2401,456,19,0
2401,2026,20,0
2401,2194,21,0
2401,184,22,0
2401,181,23,0
2401,186,24,0
2401,217,25,0
2401,197,26,0
2401,177,27,0
2401,192,28,0
2401,208,29,0
2401,209,30,0
2401,1859,31,0
2401,1855,32,0
2401,2284,33,1
2404,2284,1,0
2404,1857,2,0
2404,1856,3,0
2404,2423,4,0
2404,189,5,0
2404,210,6,0
2404,193,7,0
2404,195,8,0
2404,198,9,0
2404,218,10,0
2404,187,11,0
2404,182,12,0
2404,185,13,0
2404,216,14,0
2404,2027,15,0
2404,457,16,0
2404,461,17,0
2404,1872,18,0
2404,1886,19,0
2404,1877,20,0
2404,1880,21,0
2404,2286,22,0
2404,2285,23,0
2404,1882,24,0
2404,1879,25,0
2404,1875,26,0
2404,1890,27,0
2404,1997,28,0
2404,1874,29,0
2404,1888,30,0
2404,1873,31,0
2404,2620,32,0
2404,2622,33,0
2404,2624,34,0
2404,2632,35,0
2404,2630,36,0
2404,2627,37,0
2404,2628,38,0
2404,2626,39,0
2404,2617,40,0
2404,2618,41,0
2404,2619,42,1
2502,2225,1,0
2502,2230,2,0
2502,2228,3,0
2502,1618,4,0
2502,1623,5,0
2502,1016,6,0
2502,1022,7,0
2502,1008,8,0
2502,911,9,0
2502,905,10,0
2502,2712,11,0
2502,2234,12,0
2502,2710,13,0
2502,2711,14,0
2502,2704,15,0
2502,100789,16,0
2502,2734,17,0
2502,100790,18,0
2502,1807,19,0
2502,1809,20,0
2502,1808,21,0
2502,803,22,0
2502,801,23,0
2502,800,24,0
2502,1385,25,0
2502,1383,26,0
2502,2352,27,0
2502,708,28,0
2502,696,29,0
2502,699,30,0
2502,700,31,0
2502,705,32,0
2502,1141,33,1
2503,1141,1,0
2503,704,2,0
2503,706,3,0
2503,697,4,0
2503,695,5,0
2503,2715,6,0
2503,2713,7,0
2503,2714,8,0
2503,2716,9,0
2503,2706,10,0
2503,2707,11,0
2503,2705,12,0
2503,2708,13,0
2503,2709,14,0
2503,2717,15,0
2503,2469,16,0
2503,2470,17,0
2503,103934,18,0
2503,698,19,0
2503,914,20,0
2503,903,21,0
2503,2447,22,0
2503,915,23,0
2503,2235,24,0
2503,906,25,0
2503,912,26,0
2503,1009,27,0
2503,1021,28,0
2503,1023,29,0
2503,1015,30,0
2503,2273,31,0
2503,1619,32,0
2503,2229,33,0
2503,2231,34,0
2503,2225,35,1
2602,2296,1,0
2602,1037,2,0
2602,1038,3,0
2602,2598,4,0
2602,1063,5,0
2602,1056,6,0
2602,1039,7,0
2602,1049,8,0
2602,1059,9,0
2602,1058,10,0
2602,1048,11,0
2602,2243,12,0
2602,2242,13,0
2602,1051,14,0
2602,1050,15,0
2602,1060,16,0
2602,1071,17,0
2602,608,18,0
2602,579,19,0
2602,2645,20,0
2602,2642,21,0
2602,2644,22,0
2602,943,23,0
2602,947,24,0
2602,945,25,0
2602,950,26,0
2602,951,27,0
2602,2026,28,0
2602,2015,29,0
2602,2029,30,0
2602,2033,31,0
2602,2054,32,0
2602,2031,33,0
2602,2022,34,0
2602,2037,35,0
2602,979,36,0
2602,983,37,0
2602,974,38,0
2602,970,39,0
2602,968,40,0
2602,2238,41,0
2602,1947,42,0
2602,1979,43,0
2602,1939,44,0
2602,1442,45,1
2603,1491,1,0
2603,969,2,0
2603,971,3,0
2603,984,4,0
2603,2293,5,0
2603,2023,6,0
2603,2032,7,0
2603,2055,8,0
2603,2034,9,0
2603,2024,10,0
2603,2016,11,0
2603,2027,12,0
2603,949,13,0
2603,2236,14,0
2603,946,15,0
2603,948,16,0
2603,944,17,0
2603,2643,18,0
2603,2641,19,0
2603,575,20,0
2603,580,21,0
2603,604,22,0
2603,1061,23,0
2603,1062,24,0
2603,1052,25,0
2603,1053,26,0
2603,296,27,0
2603,295,28,0
2603,2206,29,0
2603,2597,30,0
2603,1047,31,0
2603,2296,32,1
2701,1093,1,0
2701,1096,2,0
2701,1098,3,0
2701,1095,4,0
2701,1094,5,0
2701,1099,6,0
2701,1097,7,0
2701,302,8,0
2701,301,9,0
2701,2601,10,0
2701,1004,11,0
2701,1011,12,0
2701,1017,13,0
2701,2241,14,0
2701,1009,15,0
2701,1021,16,0
2701,1023,17,0
2701,1015,18,0
2701,2273,19,0
2701,1619,20,0
2701,2229,21,0
2701,2231,22,0
2701,2225,23,1
2704,2225,1,0
2704,2230,2,0
2704,2228,3,0
2704,1618,4,0
2704,1623,5,0
2704,1016,6,0
2704,1022,7,0
2704,1008,8,0
2704,1010,9,0
2704,1018,10,0
2704,1012,11,0
2704,1003,12,0
2704,999,13,0
2704,1007,14,0
2704,1024,15,0
2704,998,16,0
2704,996,17,0
2704,39,18,0
2704,42,19,0
2704,1093,20,1
2802,2703,1,0
2802,2508,2,0
2802,2504,3,0
2802,2518,4,0
2802,2529,5,0
2802,2528,6,0
2802,2610,7,0
2802,2525,8,0
2802,2128,9,0
2802,2119,10,0
2802,2113,11,0
2802,2111,12,0
2802,2437,13,1
2803,2437,1,0
2803,2114,2,0
2803,2112,3,0
2803,2120,4,0
2803,2121,5,0
2803,2129,6,0
2803,2526,7,0
2803,2524,8,0
2803,2521,9,0
2803,2523,10,0
2803,2522,11,0
2803,2506,12,0
2803,2507,13,0
2803,2691,14,0
2803,2703,15,1
3001,2061,1,0
3001,1941,2,0
3001,672,3,0
3001,250,4,0
3001,253,5,0
3001,252,6,0
3001,1229,7,0
3001,1228,8,0
3001,1231,9,0
3001,1232,10,0
3001,2335,11,0
3001,1402,12,0
3001,2262,13,0
3001,1405,14,0
3001,1413,15,0
3001,653,16,0
3001,652,17,0
3001,651,18,0
3001,988,19,0
3001,989,20,0
3001,2612,21,0
3001,2613,22,0
3001,2611,23,1
3004,2611,1,0
3004,2297,2,0
3004,2300,3,0
3004,2299,4,0
3004,2303,5,0
3004,2075,6,0
3004,2492,7,0
3004,2490,8,0
3004,2488,9,0
3004,1608,10,0
3004,1940,11,0
3004,1935,12,0
3004,2061,13,1
3101,2419,1,0
3101,2421,2,0
3101,2614,3,0
3101,2188,4,0
3101,2420,5,0
3101,139,6,0
3101,113,7,0
3101,112,8,0
3101,2095,9,0
3101,2096,10,0
3101,2099,11,0
3101,757,12,0
3101,2343,13,0
3101,1125,14,0
3101,1123,15,0
3101,1119,16,0
3101,1121,17,0
3101,1127,18,0
3101,1109,19,0
3101,1107,20,0
3101,2248,21,0
3101,1111,22,0
3101,1113,23,0
3101,1116,24,0
3101,2149,25,0
3101,2151,26,0
3101,2127,27,0
3101,1638,28,0
3101,1643,29,0
3101,1639,30,0
3101,1640,31,0
3101,1646,32,0
3101,2291,33,0
3101,141,34,1
3104,142,1,0
3104,1996,2,0
3104,1647,3,0
3104,1637,4,0
3104,1644,5,0
3104,2152,6,0
3104,2148,7,0
3104,1117,8,0
3104,2599,9,0
3104,1112,10,0
3104,1641,11,0
3104,1642,12,0
3104,2125,13,0
3104,2249,14,0
3104,1108,15,0
3104,1110,16,0
3104,1126,17,0
3104,1120,18,0
3104,1118,19,0
3104,1122,20,0
3104,1124,21,0
3104,754,22,0
3104,756,23,0
3104,2107,24,0
3104,267,25,0
3104,265,26,0
3104,273,27,0
3104,262,28,0
3104,263,29,0
3104,271,30,0
3104,269,31,0
3104,120,32,0
3104,2187,33,0
3104,2511,34,0
3104,2615,35,0
3104,1757,36,0
3104,1653,37,1
3201,141,1,0
3201,510,2,0
3201,1816,3,0
3201,1378,4,0
3201,2083,5,0
3201,2085,6,0
3201,526,7,0
3201,520,8,0
3201,519,9,0
3201,522,10,0
3201,2304,11,0
3201,2081,12,0
3201,2076,13,0
3201,2078,14,0
3201,1093,15,0
3201,1096,16,0
3201,1098,17,0
3201,1095,18,0
3201,1094,19,0
3201,1099,20,0
3201,1097,21,0
3201,302,22,0
3201,1158,23,0
3201,749,24,0
3201,751,25,0
3201,748,26,0
3201,912,27,0
3201,1010,28,1
3204,1010,1,0
3204,1018,2,0
3204,1012,3,0
3204,1003,4,0
3204,999,5,0
3204,1007,6,0
3204,1024,7,0
3204,998,8,0
3204,996,9,0
3204,2307,10,0
3204,39,11,0
3204,42,12,0
3204,43,13,0
3204,2077,14,0
3204,2079,15,0
3204,2082,16,0
3204,2080,17,0
3204,521,18,0
3204,2549,19,0
3204,525,20,0
3204,524,21,0
3204,523,22,0
3204,527,23,0
3204,2086,24,0
3204,2084,25,0
3204,1379,26,0
3204,1817,27,0
3204,509,28,0
3204,142,29,1
3301,717,1,0
3301,1428,2,0
3301,1327,3,0
3301,1263,4,0
3301,1431,5,0
3301,2341,6,0
3301,1423,7,0
3301,226,8,0
3301,1270,9,0
3301,378,10,0
3301,372,11,0
3301,374,12,0
3301,381,13,0
3301,1393,14,0
3301,2290,15,0
3301,2291,16,0
3301,142,17,1
3304,142,1,0
3304,2003,2,0
3304,2004,3,0
3304,1394,4,0
3304,382,5,0
3304,375,6,0
3304,371,7,0
3304,379,8,0
3304,1265,9,0
3304,227,10,0
3304,1424,11,0
3304,2342,12,0
3304,1432,13,0
3304,1264,14,0
3304,1328,15,0
3304,1364,16,0
3304,103933,17,0
3304,717,18,1
3401,141,1,0
3401,510,2,0
3401,1816,3,0
3401,1378,4,0
3401,1983,5,0
3401,147,6,0
3401,145,7,0
3401,2190,8,0
3401,149,9,0
3401,150,10,0
3401,2259,11,0
3401,701,12,0
3401,710,13,0
3401,1142,14,1
3404,1142,1,0
3404,1485,2,0
3404,1508,3,0
3404,1984,4,0
3404,1379,5,0
3404,1817,6,0
3404,509,7,0
3404,141,8,1
3502,1446,1,0
3502,1138,2,0
3502,2666,3,0
3502,2671,4,0
3502,2667,5,0
3502,2668,6,0
3502,2670,7,0
3502,2635,8,0
3502,2677,9,0
3502,2010,10,0
3502,1610,11,0
3502,420,12,0
3502,398,13,0
3502,2731,14,1
3503,2731,1,0
3503,399,2,0
3503,1898,3,0
3503,1896,4,0
3503,1609,5,0
3503,2011,6,0
3503,2009,7,0
3503,99,8,0
3503,97,9,0
3503,95,10,0
3503,101,11,0
3503,93,12,0
3503,284,13,0
3503,287,14,0
3503,2267,15,0
3503,1445,16,0
3503,1447,17,0
3503,1446,18,1
3601,2224,1,0
3601,1343,2,0
3601,1352,3,0
3601,1276,4,0
3601,1273,5,0
3601,1275,6,0
3601,1300,7,0
3601,1302,8,0
3601,1315,9,0
3601,1313,10,0
3601,2410,11,0
3601,2394,12,0
3601,2395,13,0
3601,2411,14,0
3601,490,15,0
3601,2393,16,0
3601,2179,17,1
3604,2179,1,0
3604,2410,2,0
3604,1371,3,0
3604,1035,4,0
3604,1036,5,0
3604,1034,6,0
3604,1314,7,0
3604,1301,8,0
3604,1274,9,0
3604,2257,10,0
3604,1277,11,0
3604,1353,12,0
3604,1344,13,0
3604,2224,14,1
3702,1226,1,0
3702,1225,2,0
3702,1227,3,0
3702,1721,4,0
3702,1716,5,0
3702,100,6,0
3702,104,7,0
3702,2315,8,0
3702,581,9,0
3702,606,10,0
3702,607,11,0
3702,570,12,0
3702,539,13,0
3702,556,14,0
3702,2731,15,1
3703,2731,1,0
3703,557,2,0
3703,617,3,0
3703,569,4,0
3703,605,5,0
3703,547,6,0
3703,2314,7,0
3703,2412,8,0
3703,2414,9,0
3703,2413,10,0
3703,1717,11,0
3703,1722,12,0
3703,1718,13,0
3703,1720,14,0
3703,1719,15,0
3703,1226,16,1
3802,1140,1,0
3802,709,2,0
3802,704,3,0
3802,706,4,0
3802,697,5,0
3802,891,6,0
3802,892,7,0
3802,889,8,0
3802,341,9,0
3802,342,10,0
3802,2309,11,0
3802,2699,12,0
3802,2693,13,0
3802,255,14,0
3802,1773,15,0
3802,2435,16,0
3802,1727,17,0
3802,2434,18,0
3802,1725,19,1
3803,1725,1,0
3803,1726,2,0
3803,1723,3,0
3803,2433,4,0
3803,1724,5,0
3803,1727,6,0
3803,2700,7,0
3803,2698,8,0
3803,2697,9,0
3803,274,10,0
3803,1662,11,0
3803,343,12,0
3803,890,13,0
3803,2233,14,0
3803,696,15,0
3803,699,16,0
3803,700,17,0
3803,705,18,0
3803,1142,19,1
3901,1653,1,0
3901,2614,2,0
3901,2510,3,0
3901,2516,4,0
3901,2514,5,0
3901,701,6,0
3901,710,7,0
3901,1140,8,1
3904,1142,1,0
3904,707,2,0
3904,702,3,0
3904,2512,4,0
3904,2515,5,0
3904,2505,6,0
3904,2517,7,0
3904,2513,8,0
3904,2511,9,0
3904,2615,10,0
3904,1757,11,0
3904,1653,12,1
4001,2470,1,0
4001,2479,2,0
4001,2481,3,0
4001,2480,4,0
4001,2475,5,0
4001,2474,6,0
4001,2472,7,0
4001,2473,8,0
4001,2471,9,0
4001,80,10,0
4001,682,11,0
4001,690,12,0
4001,688,13,0
4001,692,14,0
4001,1807,15,0
4001,1809,16,0
4001,1808,17,0
4001,803,18,0
4001,801,19,0
4001,1385,20,0
4001,1383,21,0
4001,2352,22,0
4001,684,23,0
4001,712,24,0
4001,691,25,0
4001,708,26,0
4001,696,27,0
4001,699,28,0
4001,700,29,0
4001,705,30,0
4001,1141,31,1
4004,1141,1,0
4004,704,2,0
4004,706,3,0
4004,697,4,0
4004,695,5,0
4004,100181,6,0
4004,2713,7,0
4004,2714,8,0
4004,2716,9,0
4004,2706,10,0
4004,2707,11,0
4004,2705,12,0
4004,803,13,0
4004,2709,14,0
4004,2717,15,0
4004,713,16,0
4004,711,17,0
4004,682,18,0
4004,690,19,0
4004,688,20,0
4004,692,21,0
4004,2470,22,1
9002,2062,1,0
9002,1975,2,0
9002,1923,3,0
9002,1942,4,0
9002,1937,5,0
9002,1501,6,0
9002,1494,7,0
9002,1476,8,0
9002,1512,9,0
9002,1520,10,0
9002,1143,11,1
9003,1143,1,0
9003,1521,2,0
9003,1513,3,0
9003,1477,4,0
9003,1495,5,0
9003,1474,6,0
9003,2608,7,0
9003,1943,8,0
9003,1924,9,0
9003,1978,10,0
9003,2062,11,1
9101,2390,1,0
9101,1363,2,0
9101,1327,3,0
9101,1266,4,0
9101,1358,5,0
9101,1333,6,0
9101,1260,7,0
9101,1296,8,0
9101,1309,9,0
9101,2331,10,1
9104,2331,1,0
9104,1308,2,0
9104,1297,3,0
9104,1261,4,0
9104,1334,5,0
9104,1290,6,0
9104,1326,7,0
9104,1328,8,0
9104,1364,9,0
9104,2390,10,1
9202,2284,1,0
9202,56,2,0
9202,53,3,0
9202,27,4,0
9202,67,5,0
9202,24,6,0
9202,39,7,0
9202,43,8,0
9202,684,9,0
9202,1140,10,1
9203,1140,1,0
9203,32,2,0
9203,44,3,0
9203,40,4,0
9203,25,5,0
9203,68,6,0
9203,28,7,0
9203,36,8,0
9203,29,9,0
9203,2284,10,1
