601,'2',642,,19135,31,,,0,74,,19137,31,,,0,35,,19138,31,,,0,65,,19139,31,,,0,25,,19140,31,,,0,65,,19141,31,,,0,30,,19143,31,,,0,65,,19144,31,,,0,30,,19145,31,,,0,70,,19146,31,,,0,25,,19147,31,,,0,30,,19148,31,,,0,70,,19149,31,,,0,30,,19150,31,,,0,70,,19151,31,,,0,25,,19152,31,,,0,71,,19153,31,,,0,30,,19154,31,,,0,70,,19155,31,,,0,30,,19156,31,,,0,70,,19157,31,,,0,25,,19158,31,,,0,70,,19159,31,,,0,29,,19160,31,,,0,70,,19161,31,,,0,25,,19162,31,,,0,65,,19163,31,,,0,25,,19164,31,,,0,25,,19165,31,,,0,61,,19166,31,,,0,25,,19167,31,,,0,69,,19168,31,,,0,35,,19169,31,,,0,81,,19170,31,,,0,30,,19171,31,,,0,80,,19172,31,,,0,20,,19175,31,,,0
601,'3',628,,19222,31,,,0,73,,19223,31,,,0,27,,19221,31,,,0,30,,19177,31,,,0,70,,19220,31,,,0,30,,19178,31,,,0,75,,19179,31,,,0,72,,19180,31,,,0,18,,19181,31,,,0,25,,19182,31,,,0,65,,19183,31,,,0,25,,19184,31,,,0,65,,19185,31,,,0,30,,19186,31,,,0,25,,19187,31,,,0,58,,19188,31,,,0,18,,19189,31,,,0,66,,19190,31,,,0,18,,19191,31,,,0,19,,19192,31,,,0,20,,19194,31,,,0,60,,19195,31,,,0,20,,19196,31,,,0,20,,19197,31,,,0,60,,19198,31,,,0,22,,19199,31,,,0,20,,19200,31,,,0,60,,19201,31,,,0,20,,19202,31,,,0,20,,19203,31,,,0,60,,19204,31,,,0,20,,19205,31,,,0,65,,19206,31,,,0,27,,19207,31,,,0,25,,19208,31,,,0,61,,19209,31,,,0,25,,19210,31,,,0,70,,19211,31,,,0,34,,19213,31,,,0,75,,19214,31,,,0,35,,19215,31,,,0,75,,19216,31,,,0,75,,19217,31,,,0
601,'30',927,,19224,31,,,0,73,,19225,31,,,0,35,,19226,31,,,0,75,,19227,31,,,0,38,,19228,31,,,0,79,,19229,31,,,0,25,,19230,31,,,0,65,,19231,31,,,0,25,,19232,31,,,0,65,,19233,31,,,0,25,,19234,31,,,0,25,,19235,31,,,0,65,,19236,31,,,0,25,,19237,31,,,0,65,,19238,31,,,0,25,,19239,31,,,0,65,,19240,31,,,0,29,,19241,31,,,0,25,,19242,31,,,0,77,,19244,31,,,0,72,,19245,31,,,0,35,,19246,31,,,0,75,,19247,31,,,0,35,,19248,31,,,0,75,,19249,31,,,0,75,,19250,31,,,0,33,,19251,31,,,0,77,,19253,31,,,0
601,'4',927,,19254,31,,,0,73,,19255,31,,,0,35,,19256,31,,,0,75,,19257,31,,,0,38,,19258,31,,,0,79,,19259,31,,,0,25,,19260,31,,,0,65,,19261,31,,,0,25,,19262,31,,,0,65,,19263,31,,,0,25,,19264,31,,,0,25,,19265,31,,,0,65,,19266,31,,,0,25,,19267,31,,,0,65,,19268,31,,,0,25,,19269,31,,,0,65,,19270,31,,,0,29,,19271,31,,,0,25,,19272,31,,,0,77,,19274,31,,,0,72,,19275,31,,,0,35,,19276,31,,,0,75,,19277,31,,,0,35,,19278,31,,,0,75,,19279,31,,,0,75,,19280,31,,,0,33,,19281,31,,,0,77,,19283,31,,,0
2400,'2',615,,22732,19,,,0,22,,22733,19,,,0,70,,22734,19,,,0,32,,22735,19,,,0,70,,22736,19,,,0,30,,22737,19,,,0,70,,22738,19,,,0,29,,22739,19,,,0,70,,22740,19,,,0,30,,22741,19,,,0,70,,22742,19,,,0,30,,22743,19,,,0,70,,22744,19,,,0,30,,22745,19,,,0,70,,22746,19,,,0,30,,22747,19,,,0,70,,22748,19,,,0,31,,22749,19,,,0,70,,22750,19,,,0,30,,22751,19,,,0,70,,22757,19,,,0,35,,22754,19,,,0,73,,22755,19,,,0,33,,22756,19,,,0,72,,22758,19,,,0,33,,22759,19,,,0,72,,22760,19,,,0,30,,22761,19,,,0,70,,22762,19,,,0,30,,22763,19,0,42 20,0
2400,'3',621,,22781,10,,,0,32,,22780,19,,,0,80,,22779,19,,,0,80,,22765,19,,,0,40,,22772,19,,,0,80,,22766,19,,,0,80,,22773,19,,,0,41,,22767,19,,,0,77,,22774,19,,,0,83,,22768,19,,,0,38,,22775,19,,,0,85,,22769,19,,,0,86,,22776,19,,,0,84,,22770,19,,,0,46,,22777,19,,,0,84,,22771,19,,,0,86,,22778,19,,,0,84,,22782,19,,,0,40,,22783,19,,,0,84,,22784,19,,,0,80,,22785,19,,,0
2400,'30',704,,22803,10,,,0,30,,22802,19,,,0,80,,22801,19,,,0,40,,22800,19,,,0,80,,22799,19,,,0,80,,22787,19,,,0,40,,22793,19,,,0,80,,22788,19,,,0,81,,22794,19,,,0,39,,22789,19,,,0,81,,22795,19,,,0,79,,22790,19,,,0,41,,22796,19,,,0,79,,22791,19,,,0,81,,22797,19,,,0,39,,22792,19,,,0
2400,'4',704,,22821,10,,,0,30,,22820,19,,,0,80,,22819,19,,,0,40,,22818,19,,,0,80,,22817,19,,,0,80,,22805,19,,,0,40,,22811,19,,,0,80,,22806,19,,,0,81,,22812,19,,,0,39,,22807,19,,,0,81,,22813,19,,,0,79,,22808,19,,,0,41,,22814,19,,,0,79,,22809,19,,,0,81,,22815,19,,,0,39,,22810,19,,,0
2401,'2',638,,22823,25,,,0,70,,22824,25,,,0,30,,22825,25,,,0,71,,22826,25,,,0,30,,22827,25,,,0,70,,22828,25,,,0,29,,22829,25,,,0,70,,22830,25,,,0,30,,22831,25,,,0,70,,22832,25,,,0,30,,22833,25,,,0,70,,22834,25,,,0,30,,22835,25,,,0,70,,22836,25,,,0,30,,22837,25,,,0,70,,22838,25,,,0,30,,22839,25,,,0,71,,22840,25,,,0,30,,22841,25,,,0,73,,22842,25,,,0,32,,22845,25,,,0,73,,22846,25,,,0,33,,22847,25,,,0,73,,22848,25,,,0,32,,22849,25,,,0,70,,22850,25,,,0,30,,22851,25,,,0,70,,22852,25,,,0,30,,22853,25,,,0,60,,22854,25,,,0
2401,'3',704,,22870,25,,,0,40,,22869,25,,,0,80,,22855,25,,,0,80,,22856,25,,,0,40,,22863,25,,,0,81,,22857,25,,,0,78,,22864,25,,,0,42,,22858,25,,,0,77,,22865,25,,,0,84,,22859,25,,,0,46,,22866,25,,,0,85,,22860,25,,,0,85,,22867,25,,,0,84,,22861,25,,,0,46,,22868,25,,,0,84,,22862,25,,,0,80,,22872,25,,,0,84,,22873,25,,,0,40,,22874,25,,,0,84,,22875,25,,,0
2401,'30',747,,22890,25,,,0,80,,22889,25,,,0,80,,22888,25,,,0,40,,22887,25,,,0,80,,22876,25,,,0,80,,22877,25,,,0,40,,22882,25,,,0,79,,22878,25,,,0,81,,22883,25,,,0,39,,22879,25,,,0,81,,22884,25,,,0,79,,22880,25,,,0,41,,22885,25,,,0,79,,22881,25,,,0,81,,22886,25,,,0,39,,22892,25,,,0
2401,'4',747,,22907,25,,,0,80,,22906,25,,,0,80,,22905,25,,,0,40,,22904,25,,,0,80,,22893,25,,,0,80,,22894,25,,,0,40,,22899,25,,,0,79,,22895,25,,,0,81,,22900,25,,,0,39,,22896,25,,,0,81,,22901,25,,,0,79,,22897,25,,,0,41,,22902,25,,,0,79,,22898,25,,,0,81,,22903,25,,,0,39,,22909,25,,,0
9200,'2',713,,24714,1,,,0,22,,24715,1,,,0,22,,24716,1,,,0,62,,24717,1,,,0,22,,24718,1,,,0,62,,24719,1,,,0,399,,24720,1,,,0,32,,24721,1,,,0,72,,24722,1,,,0,28,,24723,1,,,0,25,,24724,1,,,0,65,,24725,1,,,0,25,,24726,1,,,0,65,,24727,1,,,0,25,,24728,1,,,0,65,,24729,1,,,0,25,,24730,1,,,0,27,,24731,1,,,0,73,,24732,1,,,0,81,,24733,1,,,0
9201,'2',729,,24734,12,4,,0,22,,24735,12,4,,0,62,,24736,12,4,,0,22,,24737,12,4,,0,22,,24738,12,4,,0,62,,24739,12,4,,0,19,,24740,12,4,,0,388,,24741,12,4,,0,32,,24742,12,4,,0,74,,24743,12,4,,0,25,,24744,12,4,,0,60,,24745,12,4,,0,20,,24746,12,4,,0,65,,24747,12,4,,0,25,,24748,12,4,,0,27,,24749,12,4,,0,65,,24750,12,4,,0,25,,24751,12,4,,0,65,,24752,12,4,,0,18,,24753,12,4,,0,32,,24754,12,4,,0,68,,24755,12,4,,0
