1001,'2',609,,20127,46,,,0,16,,20174,46,,,0,16,,20126,46,,,0,16,,20175,46,,,0,56,,20131,46,,,0,18,,20130,46,,,0,16,,20129,46,,,0,55,,20128,46,,,0,17,,20137,46,0,21 3 22,0,16,,20136,46,,,0,14,,20135,46,0,21 3 22,0,59,,20134,46,,,0,23,,20133,46,,,0,75,,20132,46,,,0,30,,20139,46,,,0,20,,20141,46,,,0,73,,20140,46,,,0,30,,20138,46,,,0,71,,20144,46,,,0,72,,20143,46,,,0,30,,20142,46,,,0,75,,20146,46,,,0,18,,20145,46,,,0,23,,20147,46,,,0,57,,20176,46,,,0,17,,20148,46,,,0,21,,20177,46,,,0,11,,20149,46,,,0,56,,20178,46,,,0,15,,20150,46,,,0,16,,20151,46,,,0,59,,20179,46,,,0,23,,20152,46,,,0,12,,20180,46,0,21 3 22,0,12,,20153,46,,,0,61,,20157,46,,,0,16,,20154,46,0,21 3 22,0,12,,20155,46,,,0,11,,20158,46,0,21 3 22,0,64,,20156,46,,,0,15,,20159,46,0,21 3 22,0,26,,20160,46,,,0,66,,20161,46,0,21 3 22,0,17,,20162,46,,,0,73,,20163,46,,,0,33,,20164,46,,,0,61,,20181,46,,,0,30,,20165,46,,,0,77,,20166,46,,,0,25,,20167,46,,,0,68,,20168,46,,,0,30,,20169,46,,,0,71,,20170,46,,,0,35,,20171,46,0,21 3 22,0
1001,'3',703,,20196,46,,,0,30,,20195,46,,,0,75,,20199,46,,,0,30,,20200,46,,,0,70,,20201,46,,,0,25,,20202,46,,,0,70,,20203,46,,,0,30,,20204,46,,,0,25,,20205,46,,,0,70,,20206,46,,,0,29,,20207,46,,,0,70,,20208,46,,,0,30,,20209,46,,,0,70,,20210,46,,,0,30,,20211,46,,,0,55,,20212,46,,,0,30,,20213,46,,,0,70,,20214,46,,,0,30,,20215,46,,,0,70,,20216,46,,,0,30,,20217,46,,,0,70,,20218,46,,,0,30,,20219,46,,,0,71,,20220,46,,,0,30,,20221,46,,,0,70,,20222,46,,,0,30,,20223,46,,,0,65,,20224,46,,,0,25,,20225,46,,,0,70,,20226,46,,,0,25,,20227,46,,,0,30,,20228,46,,,0,65,,20229,46,,,0,30,,20233,46,,,0,70,,20234,46,,,0,25,,20235,46,,,0,57,,20232,46,0,21 3 22,0,30,,20236,46,,,0,24,,20230,46,0,21 3 22,0
1001,'30',730,,20237,46,,,0,71,,20274,46,,,0,24,,20238,46,,,0,27,,20273,46,,,0,61,,20239,46,,,0,20,,20240,46,,,0,70,,20241,46,,,0,25,,20242,46,,,0,30,,20243,46,,,0,70,,20244,46,,,0,30,,20246,46,,,0,70,,20247,46,,,0,25,,20248,46,,,0,70,,20249,46,,,0,30,,20250,46,,,0,70,,20251,46,,,0,30,,20252,46,,,0,70,,20253,46,,,0,30,,20254,46,,,0,70,,20255,46,,,0,30,,20256,46,,,0,65,,20257,46,,,0,30,,20258,46,,,0,68,,20269,46,,,0,29,,20259,46,,,0,65,,20262,46,,,0,30,,20263,46,,,0,70,,20264,46,,,0,30,,20265,46,,,0,72,,20266,46,,,0,28,,20267,46,,,0,60,,20268,46,,,0,25,,20270,46,,,0,30,,20261,46,0,21 3 22,0,70,,20260,46,0,21 3 22,0
1001,'4',730,,20275,46,,,0,71,,20312,46,,,0,24,,20276,46,,,0,27,,20311,46,,,0,61,,20277,46,,,0,20,,20278,46,,,0,70,,20279,46,,,0,25,,20280,46,,,0,30,,20281,46,,,0,70,,20282,46,,,0,30,,20284,46,,,0,70,,20285,46,,,0,25,,20286,46,,,0,70,,20287,46,,,0,30,,20288,46,,,0,70,,20289,46,,,0,30,,20290,46,,,0,70,,20291,46,,,0,30,,20292,46,,,0,70,,20293,46,,,0,30,,20294,46,,,0,65,,20295,46,,,0,30,,20296,46,,,0,68,,20307,46,,,0,29,,20297,46,,,0,65,,20300,46,,,0,30,,20301,46,,,0,70,,20302,46,,,0,30,,20303,46,,,0,72,,20304,46,,,0,28,,20305,46,,,0,60,,20306,46,,,0,25,,20308,46,,,0,30,,20299,46,0,21 3 22,0,70,,20298,46,0,21 3 22,0
1300,'2',623,,20581,18,,,0,77,,20583,40,,,0,29,,20585,40,,,0,25,,20587,40,,,0,70,,20589,40,,,0,30,,20591,40,,,0,71,,20593,40,,,0,30,,20595,40,,,0,65,,20597,40,,,0,30,,20599,40,,,0,70,,20601,40,,,0,30,,20603,40,,,0,67,,20605,40,,,0,31,,20607,40,,,0,70,,20609,40,,,0,30,,20611,40,,,0,71,,20613,40,,,0,30,,20615,40,,,0,70,,20617,40,,,0,30,,20619,40,,,0,71,,20621,40,,,0,30,,20623,40,,,0,70,,20625,40,,,0,30,,20627,40,,,0,66,,20629,40,,,0,35,,20635,40,,,0,80,,20636,40,,,0,80,,20637,40,,,0,40,,20638,40,,,0,59,,20634,40,,,0,93,,20642,40,,,0,52,,20643,40,,,0,103,,20644,40,,,0,154,,20645,40,,,0
1300,'3',718,,20652,40,,,0,112,,20654,40,,,0,27,,20655,40,,,0,72,,20656,40,,,0,16,,20660,40,,,0,72,,20661,40,,,0,30,,20667,40,,,0,70,,20668,40,,,0,30,,20669,40,,,0,73,,20670,40,,,0,15,,20666,40,,,0,70,,20680,40,,,0,30,,20681,40,,,0,71,,20682,40,,,0,29,,20683,40,,,0,70,,20684,40,,,0,30,,20685,40,,,0,70,,20686,40,,,0,30,,20687,40,,,0,65,,20688,40,,,0,30,,20689,40,,,0,70,,20690,40,,,0,13,,20693,40,,,0,30,,20718,40,,,0,15,,20698,40,,,0,75,,20699,40,,,0,75,,20700,40,,,0,40,,20701,40,,,0,59,,20705,40,,,0,93,,20706,40,,,0,55,,20707,40,,,0,89,,20708,40,,,0,90,,20711,40,,,0
1300,'30',716,,20741,40,,,0,116,,20742,40,,,0,110,,20729,40,,,0,85,,20728,40,,,0,100,,20727,40,,,0,96,,20726,40,,,0,101,,20725,40,,,0,100,,20724,40,,,0,100,,20723,40,,,0,100,,20722,40,,,0,100,,20721,40,,,0,95,,20720,40,,,0,97,,20719,40,,,0,84,,20748,40,,,0,100,,20749,40,,,0,131,,20751,40,,,0
1300,'4',716,,20774,40,,,0,116,,20775,40,,,0,110,,20762,40,,,0,85,,20761,40,,,0,100,,20760,40,,,0,96,,20759,40,,,0,101,,20758,40,,,0,100,,20757,40,,,0,100,,20756,40,,,0,100,,20755,40,,,0,100,,20754,40,,,0,95,,20753,40,,,0,97,,20752,40,,,0,84,,20781,40,,,0,100,,20782,40,,,0,131,,20784,40,,,0
9000,'2',654,,24336,13,,,0,75,,24337,13,,,0,15,,24343,13,,,0,58,,24344,13,,,0,15,,24338,13,,,0,15,,24339,13,,,0,15,,24345,13,,,0,55,,24340,13,,,0,15,,24346,13,,,0,13,,24341,13,,,0,15,,24347,13,,,0,12,,24342,13,,,0,55,,24348,13,,,0,15,,24334,13,,,0,15,,24349,13,,,0,15,,24333,13,,,0,55,,24350,13,,,0,15,,24332,13,,,0,15,,24351,13,,,0,15,,24331,13,,,0,55,,24330,13,,,0,15,,24329,13,,,0,15,,24352,13,,,0,16,,24328,13,,,0,55,,24327,13,,,0,15,,24326,13,,,0,15,,24353,13,,,0,15,,24325,13,,,0,55,,24324,13,,,0,16,,24323,13,,,0,15,,24354,13,,,0,59,,24322,13,,,0,15,,24321,13,,,0,15,,24320,13,,,0,15,,24355,13,,,0,55,,24319,13,,,0,15,,24318,13,,,0,22,,24317,13,,,0,15,,24356,13,,,0,55,,24360,13,,,0,15,,24316,13,,,0,15,,24315,13,,,0,15,,24314,13,,,0,55,,24313,13,,,0,15,,24357,13,,,0,32,,24359,13,,,0,70,,24335,13,,,0,30,,24358,13,,,0,70,,24361,13,,,0,30,,24362,13,,,0
9000,'3',838,,24383,13,,,0,70,,24384,13,,,0,30,,24385,13,,,0,70,,24386,13,,,0,31,,24387,13,,,0,65,,24382,13,,,0,25,,24381,13,,,0,25,,24380,13,,,0,66,,24379,13,,,0,25,,24378,13,,,0,65,,24377,13,,,0,25,,24376,13,,,0,65,,24375,13,,,0,26,,24374,13,,,0,25,,24373,13,,,0,65,,24372,13,,,0,25,,24371,13,,,0,65,,24370,13,,,0,25,,24369,13,,,0,25,,24368,13,,,0,65,,24367,13,,,0,25,,24366,13,,,0,65,,24365,13,,,0
9000,'4',1019,,24389,13,,,0,20,,24390,13,,,0,20,,24391,13,,,0,60,,24392,13,,,0,20,,24393,13,,,0,20,,24394,13,,,0,60,,24395,13,,,0,21,,24396,13,,,0,16,,24397,13,,,0,56,,24398,13,,,0,16,,24399,13,,,0,16,,24400,13,,,0,56,,24401,13,,,0,16,,24402,13,,,0,16,,24403,13,,,0,16,,24404,13,,,0,56,,24405,13,,,0,16,,24406,13,,,0,16,,24407,13,,,0,16,,24408,13,,,0,56,,24409,13,,,0,16,,24410,13,,,0,16,,24411,13,,,0,16,,24412,13,,,0,61,,24413,13,,,0,17,,24414,13,,,0,20,,24415,13,,,0,70,,24416,13,,,0,25,,24417,13,,,0,65,,24418,13,,,0,10,,24388,13,,,0
