9200,'2',739,,24714,12,4,,0,62,,24715,12,4,,0,22,,24716,12,4,,0,22,,24717,12,4,,0,62,,24718,12,4,,0,22,,24719,12,4,,0,399,,24720,12,4,,0,72,,24721,12,4,,0,34,,24722,12,4,,0,68,,24723,12,4,,0,25,,24724,12,4,,0,25,,24725,12,4,,0,65,,24726,12,4,,0,27,,24727,12,4,,0,65,,24728,12,4,,0,25,,24729,12,4,,0,25,,24730,12,4,,0,67,,24731,12,4,,0,29,,24732,12,4,,0,81,,24733,12,4,,0
9201,'2',700,,24734,1,,,0,22,,24735,1,,,0,22,,24736,1,,,0,62,,24737,1,,,0,22,,24738,1,,,0,22,,24739,1,,,0,62,,24740,1,,,0,388,,24741,1,,,0,32,,24742,1,,,0,72,,24743,1,,,0,25,,24744,1,,,0,20,,24745,1,,,0,60,,24746,1,,,0,25,,24747,1,,,0,25,,24748,1,,,0,65,,24749,1,,,0,25,,24750,1,,,0,65,,24751,1,,,0,25,,24752,1,,,0,62,,24753,1,,,0,32,,24754,1,,,0,68,,24755,1,,,0
9300,'2',634,,24756,37,4,,0,96,,24757,37,4,,0,74,,24758,37,4,,0,30,,24780,37,4,,0,87,,24759,37,4,,0,23,,24760,37,4,,0,68,,24761,37,4,,0,35,,24762,37,4,,0,75,,24763,37,4,,0,25,,24764,37,4,,0,70,,24765,37,4,,0,32,,24766,37,4,,0,68,,24767,37,4,,0,30,,24768,37,4,,0,72,,24769,37,4,,0,34,,24770,37,4,,0,53,,24772,37,4,,0,10,,24771,37,4,,0,37,,24773,37,4,,0,69,,24774,37,4,,0,33,,24775,37,4,,0,70,,24776,37,4,,0,33,,24777,37,4,,0,63,,24778,37,4,,0,22,,24782,37,4,,0,66,,24783,37,4,,0,25,,24786,37,4,,0,70,,24779,37,4,,0,36,,24784,37,4,,0,66,,24787,37,4,,0,27,,24781,37,4,,0,74,,24789,37,4,,0,98,,24785,37,4,,0,29,,24790,37,4,,0,95,,24788,37,4,,0
9300,'3',847,,24792,37,4,,0,65,,24793,37,4,,0,25,,24794,37,4,,0,65,,24795,37,4,,0,25,,24796,37,4,,0,18,,24797,37,4,,0,70,,24798,37,4,,0,30,,24799,37,4,,0,70,,24800,37,4,,0,30,,24801,37,4,,0,69,,24802,37,4,,0,39,,24803,37,4,,0,70,,24804,37,4,,0,31,,24805,37,4,,0,80,,24806,37,4,,0,70,,24807,37,4,,0,30,,24808,37,4,,0,75,,24809,37,4,,0,35,,24810,37,4,,0,70,,24811,37,4,,0,28,,24812,37,4,,0,62,,24813,37,4,,0,25,,24814,37,4,,0,22,,24815,37,4,,0,65,,24816,37,4,,0,25,,24817,37,4,,0,65,,24818,37,4,,0,25,,24819,37,4,,0,27,,24820,37,4,,0,65,,24821,37,4,,0,81,,24822,37,4,,0,25,,24823,37,4,,0,25,,24824,37,4,,0
9300,'30',830,,24852,37,4,,0,28,,24827,37,4,,0,75,,24828,37,4,,0,75,,24829,37,4,,0,35,,24830,37,4,,0,75,,24831,37,4,,0,35,,24832,37,4,,0,75,,24833,37,4,,0,77,,24834,37,4,,0,37,,24835,37,4,,0,77,,24836,37,4,,0,37,,24837,37,4,,0,77,,24838,37,4,,0,77,,24839,37,4,,0,37,,24840,37,4,,0,77,,24841,37,4,,0,77,,24842,37,4,,0,37,,24843,37,4,,0,77,,24844,37,4,,0,37,,24845,37,4,,0,77,,24846,37,4,,0,77,,24847,37,4,,0,37,,24848,37,4,,0,77,,24849,37,4,,0,32,,24850,37,4,,0
9300,'4',830,,24878,37,4,,0,28,,24853,37,4,,0,75,,24854,37,4,,0,75,,24855,37,4,,0,35,,24856,37,4,,0,75,,24857,37,4,,0,35,,24858,37,4,,0,75,,24859,37,4,,0,77,,24860,37,4,,0,37,,24861,37,4,,0,77,,24862,37,4,,0,37,,24863,37,4,,0,77,,24864,37,4,,0,77,,24865,37,4,,0,37,,24866,37,4,,0,77,,24867,37,4,,0,77,,24868,37,4,,0,37,,24869,37,4,,0,77,,24870,37,4,,0,37,,24871,37,4,,0,77,,24872,37,4,,0,77,,24873,37,4,,0,37,,24874,37,4,,0,77,,24875,37,4,,0,32,,24876,37,4,,0
9301,'2',635,,24881,1,,,0,10,,24905,1,,,0,88,,24882,1,,,0,77,,24883,1,,,0,30,,24904,1,,,0,87,,24884,1,,,0,28,,24885,1,,,0,65,,24886,1,,,0,30,,24887,1,,,0,74,,24888,1,,,0,27,,24889,1,,,0,70,,24890,1,,,0,30,,24891,1,,,0,70,,24892,1,,,0,21,,24894,1,,,0,5,,24893,1,,,0,72,,24895,1,,,0,34,,24896,1,,,0,57,,24897,1,,,0,27,,24898,1,,,0,64,,24899,1,,,0,27,,24900,1,,,0,72,,24901,1,,,0,32,,24907,1,,,0,75,,24902,1,,,0,36,,24903,1,,,0,71,,24910,1,,,0,30,,24911,1,,,0,62,,24906,1,,,0,42,,24908,1,,,0,97,,24909,1,,,0,65,,24913,1,,,0,100,,24912,1,,,0,30,,24914,1,,,0
9301,'3',808,,24915,1,,,0,25,,24916,1,,,0,25,,24917,1,,,0,65,,24918,1,,,0,25,,24919,1,,,0,70,,24920,1,,,0,30,,24921,1,,,0,70,,24922,1,,,0,30,,24923,1,,,0,70,,24924,1,,,0,30,,24925,1,,,0,70,,24926,1,,,0,40,,24927,1,,,0,70,,24928,1,,,0,30,,24929,1,,,0,80,,24930,1,,,0,70,,24931,1,,,0,30,,24932,1,,,0,71,,24933,1,,,0,25,,24934,1,,,0,25,,24935,1,,,0,65,,24936,1,,,0,25,,24937,1,,,0,65,,24938,1,,,0,25,,24939,1,,,0,65,,24940,1,,,0,25,,24941,1,,,0,25,,24942,1,,,0,65,,24943,1,,,0,25,,24944,1,,,0,65,,24945,1,,,0,25,,24946,1,,,0,75,,24947,1,,,0,25,,24948,1,,,0,25,,24949,1,,,0
9301,'30',830,,24950,1,,,0,71,,24951,1,,,0,35,,24952,1,,,0,75,,24953,1,,,0,35,,24954,1,,,0,75,,24955,1,,,0,35,,24956,1,,,0,77,,24957,1,,,0,77,,24958,1,,,0,37,,24959,1,,,0,77,,24960,1,,,0,77,,24961,1,,,0,37,,24962,1,,,0,77,,24963,1,,,0,37,,24964,1,,,0,77,,24965,1,,,0,77,,24966,1,,,0,37,,24967,1,,,0,77,,24968,1,,,0,37,,24969,1,,,0,77,,24970,1,,,0,77,,24971,1,,,0,37,,24972,1,,,0,77,,24973,1,,,0
9301,'4',830,,24975,1,,,0,71,,24976,1,,,0,35,,24977,1,,,0,75,,24978,1,,,0,35,,24979,1,,,0,75,,24980,1,,,0,35,,24981,1,,,0,77,,24982,1,,,0,77,,24983,1,,,0,37,,24984,1,,,0,77,,24985,1,,,0,77,,24986,1,,,0,37,,24987,1,,,0,77,,24988,1,,,0,37,,24989,1,,,0,77,,24990,1,,,0,77,,24991,1,,,0,37,,24992,1,,,0,77,,24993,1,,,0,37,,24994,1,,,0,77,,24995,1,,,0,77,,24996,1,,,0,37,,24997,1,,,0,77,,24998,1,,,0
