3100,'2',633,,14907,1,,,0,88,,14908,1,,,0,33,,14909,1,,,0,68,,14910,1,,,0,28,,14911,1,,,0,68,,14912,1,,,0,23,,14913,1,,,0,67,,14914,1,,,0,27,,14915,1,,,0,67,,14916,1,,,0,27,,14917,1,,,0,27,,14918,1,,,0,67,,14919,1,,,0,28,,14920,1,,,0,67,,14921,1,,,0,27,,14922,1,,,0,67,,14923,1,,,0,32,,14924,1,,,0,70,,14925,1,,,0,30,,14926,1,,,0,70,,14927,1,,,0,30,,14928,1,,,0,70,,14929,1,,,0,27,,14930,1,,,0,70,,14931,1,,,0,30,,14932,1,,,0,70,,14933,1,,,0,30,,14934,1,,,0,70,,14935,1,,,0,30,,14936,1,,,0,70,,14937,1,,,0,30,,14938,1,,,0,70,,14939,1,,,0,30,,14940,1,,,0
3100,'3',800,,14970,1,,,0,25,,14969,1,,,0,24,,14968,1,,,0,65,,14941,1,,,0,25,,14967,1,,,0,65,,14942,1,,,0,25,,14943,1,,,0,25,,14944,1,,,0,65,,14945,1,,,0,25,,14946,1,,,0,65,,14947,1,,,0,25,,14948,1,,,0,25,,14949,1,,,0,65,,14950,1,,,0,25,,14951,1,,,0,67,,14952,1,,,0,27,,14953,1,,,0,67,,14954,1,,,0,27,,14955,1,,,0,67,,14956,1,,,0,27,,14957,1,,,0,27,,14958,1,,,0,67,,14959,1,,,0,27,,14960,1,,,0,66,,14971,1,,,0,25,,14961,1,,,0,66,,14972,1,,,0,25,,14962,1,,,0,66,,14973,1,,,0,26,,14963,1,,,0,25,,14974,1,,,0,65,,14964,1,,,0,24,,14975,1,,,0,62,,14965,1,,,0,21,,14976,1,,,0,21,,14966,1,,,0,66,,14977,1,,,0
3100,'30',850,,14978,1,,,0,65,,14979,1,,,0,25,,14980,1,,,0,65,,14981,1,,,0,25,,14982,1,,,0,25,,14983,1,,,0,65,,14984,1,,,0,25,,14985,1,,,0,65,,14986,1,,,0,25,,14992,1,,,0,65,,14993,1,,,0,25,,14994,1,,,0,25,,14995,1,,,0,65,,14996,1,,,0,25,,14997,1,,,0,65,,14998,1,,,0,25,,14999,1,,,0,25,,14987,1,,,0,65,,15000,1,,,0,25,,14988,1,,,0,65,,15001,1,,,0,25,,14989,1,,,0,65,,15002,1,,,0,25,,14990,1,,,0,25,,15003,1,,,0,65,,14991,1,,,0,25,,15004,1,,,0
3100,'4',850,,15005,1,,,0,65,,15006,1,,,0,25,,15007,1,,,0,65,,15008,1,,,0,25,,15009,1,,,0,25,,15010,1,,,0,65,,15011,1,,,0,25,,15012,1,,,0,65,,15013,1,,,0,25,,15019,1,,,0,65,,15020,1,,,0,25,,15021,1,,,0,25,,15022,1,,,0,65,,15023,1,,,0,25,,15024,1,,,0,65,,15025,1,,,0,25,,15026,1,,,0,25,,15014,1,,,0,65,,15027,1,,,0,25,,15015,1,,,0,65,,15028,1,,,0,25,,15016,1,,,0,65,,15029,1,,,0,25,,15017,1,,,0,25,,15030,1,,,0,65,,15018,1,,,0,25,,15031,1,,,0
3101,'2',631,,15032,23,4,,0,88,,15033,23,4,,0,33,,15034,23,4,,0,68,,15035,23,4,,0,28,,15036,23,4,,0,68,,15037,23,4,,0,23,,15038,23,4,,0,67,,15039,23,4,,0,27,,15040,23,4,,0,67,,15041,23,4,,0,27,,15042,23,4,,0,27,,15043,23,4,,0,67,,15044,23,4,,0,28,,15045,23,4,,0,67,,15046,23,4,,0,27,,15047,23,4,,0,67,,15048,23,4,,0,32,,15049,23,4,,0,70,,15050,23,4,,0,30,,15051,23,4,,0,70,,15052,23,4,,0,29,,15053,23,4,,0,70,,15054,23,4,,0,30,,15055,23,4,,0,70,,15056,23,4,,0,27,,15057,23,4,,0,70,,15058,23,4,,0,30,,15059,23,4,,0,70,,15060,23,4,,0,30,,15061,23,4,,0,63,,15062,23,4,,0,30,,15063,23,4,,0,70,,15064,23,4,,0,30,,15065,23,4,,0,70,,15066,23,4,,0
3101,'3',822,,15095,23,4,,0,25,,15094,23,4,,0,65,,15067,23,4,,0,25,,15093,23,4,,0,65,,15068,23,4,,0,26,,15069,23,4,,0,24,,15070,23,4,,0,65,,15071,23,4,,0,25,,15072,23,4,,0,65,,15073,23,4,,0,25,,15074,23,4,,0,25,,15075,23,4,,0,65,,15076,23,4,,0,25,,15077,23,4,,0,65,,15078,23,4,,0,28,,15079,23,4,,0,67,,15080,23,4,,0,27,,15081,23,4,,0,67,,15082,23,4,,0,27,,15083,23,4,,0,27,,15084,23,4,,0,67,,15085,23,4,,0,27,,15086,23,4,,0,66,,15096,23,4,,0,25,,15087,23,4,,0,66,,15097,23,4,,0,26,,15088,23,4,,0,26,,15098,23,4,,0,65,,15089,23,4,,0,25,,15099,23,4,,0,65,,15090,23,4,,0,25,,15100,23,4,,0,21,,15091,23,4,,0,62,,15101,23,4,,0,22,,15092,23,4,,0,65,,15102,23,4,,0,25,,15103,23,4,,0
3101,'30',848,,15104,23,4,,0,65,,15119,23,4,,0,25,,15105,23,4,,0,65,,15120,23,4,,0,25,,15106,23,4,,0,25,,15121,23,4,,0,65,,15107,23,4,,0,25,,15122,23,4,,0,66,,15108,23,4,,0,26,,15123,23,4,,0,65,,15109,23,4,,0,25,,15124,23,4,,0,25,,15110,23,4,,0,65,,15125,23,4,,0,25,,15111,23,4,,0,65,,15126,23,4,,0,25,,15112,23,4,,0,25,,15127,23,4,,0,65,,15113,23,4,,0,25,,15128,23,4,,0,65,,15114,23,4,,0,25,,15129,23,4,,0,65,,15115,23,4,,0,25,,15130,23,4,,0,25,,15116,23,4,,0,65,,15131,23,4,,0,25,,15117,23,4,,0,65,,15132,23,4,,0,25,,15118,23,4,,0
3101,'4',848,,15133,23,4,,0,65,,15148,23,4,,0,25,,15134,23,4,,0,65,,15149,23,4,,0,25,,15135,23,4,,0,25,,15150,23,4,,0,65,,15136,23,4,,0,25,,15151,23,4,,0,66,,15137,23,4,,0,26,,15152,23,4,,0,65,,15138,23,4,,0,25,,15153,23,4,,0,25,,15139,23,4,,0,65,,15154,23,4,,0,25,,15140,23,4,,0,65,,15155,23,4,,0,25,,15141,23,4,,0,25,,15156,23,4,,0,65,,15142,23,4,,0,25,,15157,23,4,,0,65,,15143,23,4,,0,25,,15158,23,4,,0,65,,15144,23,4,,0,25,,15159,23,4,,0,25,,15145,23,4,,0,65,,15160,23,4,,0,25,,15146,23,4,,0,65,,15161,23,4,,0,25,,15147,23,4,,0
3300,'2',716,,15163,1,,,0,35,,15164,1,,,0,75,,15165,1,,,0,74,,15166,1,,,0,34,,15167,1,,,0,75,,15168,1,,,0,35,,15169,1,,,0,75,,15170,1,,,0,35,,15171,1,,,0,75,,15172,1,,,0,76,,15173,1,,,0,35,,15174,1,,,0,76,,15175,1,,,0,41,,15176,1,,,0,80,,15177,1,,,0,81,,15178,1,,,0,39,,15179,1,,,0,80,,15180,1,,,0,77,,15181,1,,,0,34,,15182,1,,,0,75,,15183,1,,,0,35,,15184,1,,,0,75,,15185,1,,,0,74,,15186,1,,,0,34,,15187,1,,,0,75,,15188,1,,,0
3301,'2',716,,15189,15,4,,0,35,,15190,15,4,,0,75,,15191,15,4,,0,74,,15192,15,4,,0,34,,15193,15,4,,0,75,,15194,15,4,,0,35,,15195,15,4,,0,75,,15196,15,4,,0,35,,15197,15,4,,0,75,,15198,15,4,,0,76,,15199,15,4,,0,35,,15200,15,4,,0,76,,15201,15,4,,0,41,,15202,15,4,,0,80,,15203,15,4,,0,81,,15204,15,4,,0,39,,15206,15,4,,0,80,,15207,15,4,,0,77,,15208,15,4,,0,34,,15209,15,4,,0,75,,15210,15,4,,0,35,,15211,15,4,,0,75,,15212,15,4,,0,74,,15205,15,4,,0,34,,15214,15,4,,0,75,,15215,15,4,,0
