1000,'2',621,,2584,,,0,15,,2585,,,0,15,,2586,,,0,55,,2587,,,0,15,,2595,,,0,15,,2596,,,0,20,,2594,,,0,55,,2597,,,0,20,,2588,,,0,19,,2634,,,0,57,,2589,,,0,14,,2635,,,0,15,,2593,,,0,18,,2592,,,0,69,,2590,,,0,30,,2601,,,0,70,,2600,,,0,30,,2599,,,0,71,,2598,,,0,32,,2605,,,0,52,,2606,,,0,28,,2604,,,0,13,,2638,,,0,57,,2603,,,0,19,,2602,,,0,12,,2639,,,0,21,,2608,,,0,63,,2607,,,0,18,,2636,,,0,16,,2609,,,0,55,,2637,,,0,19,,2610,,,0,18,,2617,,,0,12,,2611,,,0,58,,2612,,,0,17,,2613,,,0,17,,2614,,,0,56,,2615,,,0,15,,2640,,,0,12,,2616,,,0,73,,2618,,,0,12,,2619,,,0,33,,2620,,,0,73,,2621,,,0,30,,2622,,,0,70,,2623,,,0,75,,2624,,,0,23,,2625,,,0,78,,2626,,,0,33,,2627,,,0,70,,2628,,,0,35,,2629,,,0,75,,2630,,,0,30,,2631,,,0
1000,'3',628,,2646,,,0,75,,2643,,,0,35,,2644,,,0,76,,2645,,,0,37,,2647,,,0,70,,2648,,,0,15,,2649,,,0,71,,2650,,,0,32,,2651,,,0,70,,2652,,,0,30,,2653,,,0,71,,2654,,,0,41,,2655,,,0,70,,2656,,,0,30,,2657,,,0,70,,2658,,,0,31,,2659,,,0,70,,2660,,,0,30,,2661,,,0,65,,2662,,,0,12,,2663,,,0,30,,2664,,,0,70,,2665,,,0,30,,2666,,,0,66,,2667,,,0,28,,2668,,,0,65,,2669,,,0,30,,2670,,,0,70,,2671,,,0,30,,2672,,,0,69,,2673,,,0,30,,2677,,,0,64,,2678,,,0,25,,2679,,,0,65,,2680,,,0,25,,2681,,,0,30,,2682,,,0,61,,2683,,,0,87,,2684,,,0
1000,'30',722,,2685,,,0,37,,2721,,,0,60,,2686,,,0,36,,2720,,,0,60,,2687,,,0,30,,2688,,,0,70,,2689,,,0,30,,2690,,,0,65,,2691,,,0,25,,2692,,,0,65,,2693,,,0,28,,2694,,,0,31,,2695,,,0,70,,2696,,,0,30,,2697,,,0,70,,2698,,,0,30,,2699,,,0,70,,2700,,,0,30,,2701,,,0,70,,2702,,,0,30,,2703,,,0,69,,2704,,,0,29,,2707,,,0,70,,2708,,,0,30,,2709,,,0,70,,2710,,,0,30,,2711,,,0,66,,2712,,,0,30,,2713,,,0,70,,2714,,,0,26,,2715,,,0,70,,2716,,,0,32,,2717,,,0,70,,2718,,,0
1000,'4',722,,2722,,,0,37,,2758,,,0,60,,2723,,,0,36,,2757,,,0,60,,2724,,,0,30,,2725,,,0,70,,2726,,,0,30,,2727,,,0,65,,2728,,,0,25,,2729,,,0,65,,2730,,,0,28,,2731,,,0,31,,2732,,,0,70,,2733,,,0,30,,2734,,,0,70,,2735,,,0,30,,2736,,,0,70,,2737,,,0,30,,2738,,,0,70,,2739,,,0,30,,2740,,,0,69,,2741,,,0,29,,2744,,,0,70,,2745,,,0,30,,2746,,,0,70,,2747,,,0,30,,2748,,,0,66,,2749,,,0,30,,2750,,,0,70,,2751,,,0,26,,2752,,,0,70,,2753,,,0,32,,2754,,,0,70,,2755,,,0
2701,'2',544,,6043,,,0,92,,5972,,,0,65,,5973,,,0,13,,5974,,,0,13,,5975,,,0,13,,5976,,,0,13,,5977,,,0,53,,5978,,,0,8,,5979,,,0,13,,5980,,,0,13,,5981,,,0,12,,5982,,,0,54,,5983,,,0,13,,5984,,,0,13,,5985,,,0,13,,5986,,,0,13,,5987,,,0,53,,5988,,,0,13,,5989,,,0,13,,5990,,,0,13,,5991,,,0,53,,5992,,,0,13,,5993,,,0,13,,5994,,,0,13,,5995,,,0,12,,5996,,,0,52,,5997,,,0,12,,5998,,,0,12,,5999,,,0,12,,6000,,,0,12,,6001,,,0,52,,6002,,,0,12,,6003,,,0,12,,6004,,,0,12,,6005,,,0,12,,6006,,,0,53,,6007,,,0,13,,6008,,,0,13,,6009,,,0,13,,6010,,,0,13,,6011,,,0,53,,6012,,,0,9,,6013,,,0,12,,6014,,,0,12,,6015,,,0,11,,6016,,,0,51,,6017,,,0,11,,6018,,,0,11,,6019,,,0,11,,6020,,,0,11,,6021,,,0,51,,6022,,,0,11,,6023,,,0,11,,6024,,,0,11,,6025,,,0,7,,6026,,,0,14,,6027,,,0,51,,6028,,,0,13,,6029,,,0,11,,6030,,,0,11,,6031,,,0,17,,6032,,,0,57,,6033,,,0,17,,6034,,,0,17,,6035,,,0,57,,6036,,,0,17,,6037,,,0,17,,6038,,,0,64,,6039,,,0,27,,6040,,,0,27,,6041,,,0,67,,6042,,,0
2701,'3',851,,6044,,,0,83,,6054,,,0,70,,6045,,,0,104,,6055,,,0,33,,6046,,,0,72,,6063,,,0,32,,6056,,,0,72,,6047,,,0,32,,6064,,,0,71,,6057,,,0,34,,6048,,,0,72,,6065,,,0,30,,6058,,,0,74,,6049,,,0,72,,6066,,,0,30,,6059,,,0,76,,6050,,,0,45,,6060,,,0,85,,6051,,,0,85,,6061,,,0,84,,6052,,,0,40,,6062,,,0,80,,6053,,,0,80,,6067,,,0
2701,'30',833,,6068,,,0,85,,6069,,,0,85,,6075,,,0,45,,6070,,,0,85,,6076,,,0,85,,6071,,,0,88,,6077,,,0,32,,6078,,,0,72,,6072,,,0,32,,6080,,,0,72,,6079,,,0,32,,6073,,,0,72,,6081,,,0,32,,6083,,,0,71,,6074,,,0,37,,6082,,,0,85,,6084,,,0,85,,6085,,,0
2701,'4',833,,6086,,,0,85,,6087,,,0,85,,6093,,,0,45,,6088,,,0,85,,6094,,,0,85,,6089,,,0,88,,6095,,,0,32,,6096,,,0,72,,6090,,,0,32,,6098,,,0,72,,6097,,,0,32,,6091,,,0,72,,6099,,,0,32,,6101,,,0,71,,6092,,,0,37,,6100,,,0,85,,6102,,,0,85,,6103,,,0
12700,'3302',604,,8344,,,0,27,,8345,,,0,70,,8346,,,0,18,,8347,,,0,12,,8348,,,0,24,,8349,,,0,52,,8350,,,0,24,,8351,,,0,12,,8352,,,0,64,,8353,,,0,12,,8354,,,0,24,,8355,,,0,12,,8356,,,0,64,,8357,,,0,12,,8358,,,0,24,,8359,,,0,52,,8360,,,0,24,,8361,,,0,12,,8362,,,0,64,,8363,,,0,12,,8364,,,0,24,,8365,,,0,12,,8366,,,0,64,,8367,,,0,12,,8368,,,0,24,,8369,,,0,58,,8370,,,0,24,,8371,,,0,64,,8372,,,0,24,,8373,,,0,31,,8374,,,0,60,,8375,,,0,30,,8376,,,0,60,,8377,,,0,30,,8378,,,0,20,,8379,,,0,65,,8380,,,0,20,,8381,,,0,60,,8382,,,0,20,,8383,,,0,20,,8384,,,0,60,,8385,,,0,20,,8386,,,0,20,,8387,,,0,60,,8388,,,0,15,,8389,,,0,30,,8390,,,0,70,,8391,,,0,30,,8392,,,0,70,,8393,,,0,30,,8394,,,0
12700,'3602',743,,8395,,,0,76,,8396,,,0,36,,8397,,,0,76,,8398,,,0,76,,8399,,,0,36,,8400,,,0,76,,8401,,,0,36,,8402,,,0,76,,8403,,,0,76,,8404,,,0,36,,8405,,,0,63,,8406,,,0,19,,8407,,,0,24,,8408,,,0,64,,8409,,,0,24,,8410,,,0,69,,8411,,,0,20,,8412,,,0,10,,8413,,,0,20,,8414,,,0,60,,8415,,,0,10,,8416,,,0,20,,8417,,,0,60,,8418,,,0
12700,'3903',601,,8462,,,0,30,,8463,,,0,70,,8464,,,0,30,,8465,,,0,70,,8466,,,0,30,,8419,,,0,70,,8420,,,0,30,,8421,,,0,70,,8422,,,0,25,,8423,,,0,20,,8424,,,0,60,,8425,,,0,20,,8426,,,0,20,,8427,,,0,61,,8428,,,0,20,,8429,,,0,20,,8430,,,0,60,,8431,,,0,20,,8432,,,0,20,,8433,,,0,60,,8434,,,0,20,,8435,,,0,20,,8436,,,0,60,,8437,,,0,20,,8438,,,0,20,,8439,,,0,60,,8440,,,0,20,,8441,,,0,20,,8442,,,0,60,,8443,,,0,20,,8444,,,0,20,,8445,,,0,59,,8446,,,0,20,,8447,,,0,20,,8448,,,0,60,,8449,,,0,20,,8450,,,0,20,,8451,,,0,60,,8452,,,0,20,,8453,,,0,20,,8454,,,0,55,,8455,,,0,30,,8456,,,0,70,,8457,,,0,30,,8458,,,0,70,,8459,,,0,30,,8460,,,0,70,,8461,,,0
12700,'6404',701,,8499,,,0,30,,8500,,,0,70,,8501,,,0,30,,8502,,,0,70,,8503,,,0,20,,8467,,,0,20,,8468,,,0,60,,8469,,,0,20,,8470,,,0,20,,8471,,,0,60,,8472,,,0,20,,8473,,,0,20,,8474,,,0,60,,8475,,,0,20,,8476,,,0,20,,8477,,,0,60,,8478,,,0,20,,8479,,,0,20,,8480,,,0,60,,8481,,,0,20,,8482,,,0,20,,8483,,,0,60,,8484,,,0,20,,8485,,,0,20,,8486,,,0,60,,8487,,,0,20,,8488,,,0,20,,8489,,,0,60,,8490,,,0,35,,8491,,,0,75,,8492,,,0,35,,8493,,,0,75,,8494,,,0,35,,8495,,,0,75,,8496,,,0,75,,8497,,,0,35,,8498,,,0,75,,8504,,,0,35,,8505,,,0
