'2',3400,64900,4,'',0,8000,4,'',0,8300,4,'',0,4200,4,'',0,7900,4,'',0,8200,4,'',0,4000,4,'',0,8000,4,'',0,8100,4,'',0,8400,4,'',0,4000,4,'',0,8000,4,'',0,8000,4,'',0,4000,4,'',0,8000,4,'',0,8000,4,'',0,4000,4,'',0,8000,4,'',0,8000,4,'',0,4000,4,'',0,8000,4,'',0,8000,4,'',0,4000,4,'',0,7500,4,'',0,4000,4,'',0,8000,4,'',0,8000,4,'',0
'2',3401,53500,0,'Masonville',0,7700,0,'Masonville',0,4000,0,'Masonville',0,8000,0,'Masonville',0,8200,0,'Masonville',0,4200,0,'Masonville',0,8100,0,'Masonville',0,8000,0,'Masonville',0,8500,0,'Masonville',0,4000,0,'Masonville',0,8000,0,'Masonville',0,8000,0,'Masonville',0,3800,0,'Masonville',0,8000,0,'Masonville',0,8000,0,'Masonville',0,4000,0,'Masonville',0,8000,0,'Masonville',0,8000,0,'Masonville',0,4000,0,'Masonville',0,8000,0,'Masonville',0,8200,0,'Masonville',0,4000,0,'Masonville',0,8000,0,'Masonville',0,7800,0,'Masonville',0,4200,0,'Masonville',0,8000,0,'Masonville',0,8000,0,'Masonville',0,4000,0,'Masonville',0
'3',3400,83500,4,'',0,8000,4,'',0,4000,4,'',0,8400,4,'',0,8200,4,'',0,8000,4,'',0,4000,4,'',0,8000,4,'',0,8000,4,'',0,4000,4,'',0,8200,4,'',0,8000,4,'',0,4000,4,'',0,8000,4,'',0,8000,4,'',0,4000,4,'',0,8200,4,'',0,8000,4,'',0,4000,4,'',0,8000,4,'',0,3100,4,'',0,8000,4,'',0,8000,4,'',0
'3',3401,80400,0,'Masonville',0,3600,0,'Masonville',0,8000,0,'Masonville',0,8000,0,'Masonville',0,4500,0,'Masonville',0,8500,0,'Masonville',0,8000,0,'Masonville',0,4000,0,'Masonville',0,8000,0,'Masonville',0,8000,0,'Masonville',0,4000,0,'Masonville',0,8000,0,'Masonville',0,8000,0,'Masonville',0,4000,0,'Masonville',0,8000,0,'Masonville',0,8000,0,'Masonville',0,4000,0,'Masonville',0,8000,0,'Masonville',0,8000,0,'Masonville',0,4000,0,'Masonville',0,8000,0,'Masonville',0,8000,0,'Masonville',0,4000,0,'Masonville',0
'30',3400,105200,4,'',0,8000,4,'',0,8000,4,'',0,4000,4,'',0,8000,4,'',0,8000,4,'',0,3500,4,'',0,8000,4,'',0,8000,4,'',0,4000,4,'',0,8000,4,'',0,8000,4,'',0,4000,4,'',0,8000,4,'',0,8000,4,'',0,4000,4,'',0,8000,4,'',0
'30',3401,105900,0,'Masonville',0,8000,0,'Masonville',0,8000,0,'Masonville',0,4000,0,'Masonville',0,8000,0,'Masonville',0,8000,0,'Masonville',0,4000,0,'Masonville',0,8000,0,'Masonville',0,8000,0,'Masonville',0,4000,0,'Masonville',0,8000,0,'Masonville',0,8000,0,'Masonville',0,4000,0,'Masonville',0,8000,0,'Masonville',0,8000,0,'Masonville',0
'4',3400,105200,4,'',0,8000,4,'',0,8000,4,'',0,4000,4,'',0,8000,4,'',0,8000,4,'',0,3500,4,'',0,8000,4,'',0,8000,4,'',0,4000,4,'',0,8000,4,'',0,8000,4,'',0,4000,4,'',0,8000,4,'',0,8000,4,'',0,4000,4,'',0,8000,4,'',0
'4',3401,105900,0,'Masonville',0,8000,0,'Masonville',0,8000,0,'Masonville',0,4000,0,'Masonville',0,8000,0,'Masonville',0,8000,0,'Masonville',0,4000,0,'Masonville',0,8000,0,'Masonville',0,8000,0,'Masonville',0,4000,0,'Masonville',0,8000,0,'Masonville',0,8000,0,'Masonville',0,4000,0,'Masonville',0,8000,0,'Masonville',0,8000,0,'Masonville',0
'5',3400,105200,4,'',0,8000,4,'',0,8000,4,'',0,4000,4,'',0,8000,4,'',0,8000,4,'',0,3500,4,'',0,8000,4,'',0,8000,4,'',0,4000,4,'',0,8000,4,'',0,8000,4,'',0,4000,4,'',0,8000,4,'',0,8000,4,'',0,4000,4,'',0,8000,4,'',0
'5',3401,105900,0,'Masonville',0,8000,0,'Masonville',0,8000,0,'Masonville',0,4000,0,'Masonville',0,8000,0,'Masonville',0,8000,0,'Masonville',0,4000,0,'Masonville',0,8000,0,'Masonville',0,8000,0,'Masonville',0,4000,0,'Masonville',0,8000,0,'Masonville',0,8000,0,'Masonville',0,4000,0,'Masonville',0,8000,0,'Masonville',0,8000,0,'Masonville',0
'6',3400,105200,4,'',0,8000,4,'',0,8000,4,'',0,4000,4,'',0,8000,4,'',0,8000,4,'',0,3500,4,'',0,8000,4,'',0,8000,4,'',0,4000,4,'',0,8000,4,'',0,8000,4,'',0,4000,4,'',0,8000,4,'',0,8000,4,'',0,4000,4,'',0,8000,4,'',0
'6',3401,105900,0,'Masonville',0,8000,0,'Masonville',0,8000,0,'Masonville',0,4000,0,'Masonville',0,8000,0,'Masonville',0,8000,0,'Masonville',0,4000,0,'Masonville',0,8000,0,'Masonville',0,8000,0,'Masonville',0,4000,0,'Masonville',0,8000,0,'Masonville',0,8000,0,'Masonville',0,4000,0,'Masonville',0,8000,0,'Masonville',0,8000,0,'Masonville',0
'8',3400,64900,4,'',0,8000,4,'',0,8300,4,'',0,4200,4,'',0,7900,4,'',0,8200,4,'',0,4000,4,'',0,8000,4,'',0,8100,4,'',0,8400,4,'',0,4000,4,'',0,8000,4,'',0,8000,4,'',0,4000,4,'',0,8000,4,'',0,8000,4,'',0,4000,4,'',0,8000,4,'',0,8000,4,'',0,4000,4,'',0,8000,4,'',0,8000,4,'',0,4000,4,'',0,7500,4,'',0,4000,4,'',0,8000,4,'',0,8000,4,'',0,4000,4,'',0,8000,4,'',0
'8',3401,53500,0,'Masonville',0,7700,0,'Masonville',0,4000,0,'Masonville',0,8000,0,'Masonville',0,8200,0,'Masonville',0,4200,0,'Masonville',0,8100,0,'Masonville',0,8000,0,'Masonville',0,8500,0,'Masonville',0,4000,0,'Masonville',0,8000,0,'Masonville',0,8000,0,'Masonville',0,3800,0,'Masonville',0,8000,0,'Masonville',0,8000,0,'Masonville',0,4000,0,'Masonville',0,8000,0,'Masonville',0,8000,0,'Masonville',0,4000,0,'Masonville',0,8000,0,'Masonville',0,8200,0,'Masonville',0,4000,0,'Masonville',0,8000,0,'Masonville',0,7800,0,'Masonville',0,4200,0,'Masonville',0,8000,0,'Masonville',0,8000,0,'Masonville',0,4000,0,'Masonville',0,8000,0,'Masonville',0,3300,0,'Alumni Hall',0
