701,'2',645,,2072,,,0,60,,2073,,,0,38,,2074,,,0,65,,2075,,,0,20,,2076,,,0,20,,2077,,,0,60,,2078,,,0,19,,2079,,,0,30,,2080,,,0,55,,2081,,,0,30,,2082,,,0,70,,2083,,,0,30,,2084,,,0,71,,2085,,,0,31,,2086,,,0,70,,2087,,,0,30,,2088,,,0,70,,2089,,,0,25,,2090,,,0,20,,2091,,,0,60,,2092,,,0,20,,2093,,,0,20,,2094,,,0,63,,2095,,,0,20,,2096,,,0,60,,2097,,,0,20,,2098,,,0,20,,2099,,,0,60,,2100,,,0,15,,2101,,,0,25,,2102,,,0,65,,2103,,,0,25,,2104,,,0,25,,2105,,,0,65,,2106,,,0,30,,2107,,,0,78,,2108,,,0,70,,2109,,,0,30,,2110,,,0,70,,2111,,,0,30,,2112,,,0,70,,2113,,,0
701,'3',646,,2156,,,0,77,,2157,,,0,30,,2155,,,0,73,,2119,,,0,30,,2120,,,0,65,,2121,,,0,30,,2122,,,0,71,,2123,,,0,25,,2124,,,0,65,,2125,,,0,30,,2126,,,0,71,,2127,,,0,25,,2128,,,0,65,,2129,,,0,30,,2130,,,0,70,,2131,,,0,29,,2132,,,0,70,,2133,,,0,30,,2134,,,0,70,,2135,,,0,30,,2136,,,0,70,,2137,,,0,30,,2138,,,0,70,,2139,,,0,30,,2140,,,0,70,,2141,,,0,25,,2142,,,0,25,,2143,,,0,70,,2144,,,0,25,,2145,,,0,61,,2146,,,0,29,,2147,,,0,70,,2148,,,0,30,,2149,,,0,70,,2150,,,0,30,,2151,,,0,70,,2152,,,0
701,'30',917,,2158,,,0,25,,2159,,,0,75,,2160,,,0,20,,2161,,,0,65,,2162,,,0,30,,2163,,,0,70,,2164,,,0,27,,2165,,,0,25,,2166,,,0,70,,2167,,,0,30,,2168,,,0,70,,2169,,,0,25,,2170,,,0,70,,2171,,,0,30,,2172,,,0,70,,2173,,,0,30,,2174,,,0,69,,2175,,,0,30,,2176,,,0,70,,2177,,,0,30,,2178,,,0,70,,2180,,,0,30,,2181,,,0,70,,2182,,,0,30,,2183,,,0,70,,2184,,,0,30,,2185,,,0,67,,2188,,,0,30,,2189,,,0,70,,2186,,,0
701,'4',917,,2190,,,0,25,,2191,,,0,75,,2192,,,0,20,,2193,,,0,65,,2194,,,0,30,,2195,,,0,70,,2196,,,0,27,,2197,,,0,25,,2198,,,0,70,,2199,,,0,30,,2200,,,0,70,,2201,,,0,25,,2202,,,0,70,,2203,,,0,30,,2204,,,0,70,,2205,,,0,30,,2206,,,0,69,,2207,,,0,30,,2208,,,0,70,,2209,,,0,30,,2210,,,0,70,,2212,,,0,30,,2213,,,0,70,,2214,,,0,30,,2215,,,0,70,,2216,,,0,30,,2217,,,0,67,,2220,,,0,30,,2221,,,0,70,,2218,,,0
1001,'2',552,,2760,,,0,56,,2807,,,0,16,,2759,,,0,16,,2808,,,0,16,,2764,,,0,57,,2763,,,0,16,,2762,,,0,15,,2761,,,0,57,,2770,0,21 3 22,0,16,,2769,,,0,14,,2768,0,21 3 22,0,18,,2767,,,0,62,,2766,,,0,35,,2765,,,0,70,,2772,,,0,20,,2774,,,0,73,,2773,,,0,30,,2771,,,0,70,,2777,,,0,32,,2776,,,0,70,,2775,,,0,35,,2779,,,0,58,,2778,,,0,23,,2780,,,0,17,,2809,,,0,57,,2781,,,0,19,,2810,,,0,13,,2782,,,0,14,,2811,,,0,55,,2783,,,0,18,,2784,,,0,19,,2812,,,0,61,,2785,,,0,12,,2813,0,21 3 22,0,17,,2786,,,0,18,,2790,,,0,54,,2787,0,21 3 22,0,17,,2788,,,0,11,,2791,0,21 3 22,0,24,,2789,,,0,55,,2792,0,21 3 22,0,28,,2793,,,0,64,,2794,0,21 3 22,0,17,,2795,,,0,33,,2796,,,0,73,,2797,,,0,24,,2814,,,0,70,,2798,,,0,37,,2799,,,0,65,,2800,,,0,28,,2801,,,0,70,,2802,,,0,31,,2803,,,0,75,,2804,0,21 3 22,0
1001,'3',649,,2819,,,0,70,,2818,,,0,33,,2822,,,0,69,,2823,,,0,30,,2824,,,0,65,,2825,,,0,29,,2826,,,0,68,,2827,,,0,25,,2828,,,0,70,,2829,,,0,29,,2830,,,0,69,,2831,,,0,30,,2832,,,0,70,,2833,,,0,30,,2834,,,0,15,,2835,,,0,70,,2836,,,0,30,,2837,,,0,70,,2838,,,0,30,,2839,,,0,70,,2840,,,0,30,,2841,,,0,70,,2842,,,0,35,,2843,,,0,70,,2844,,,0,30,,2845,,,0,70,,2846,,,0,25,,2847,,,0,65,,2848,,,0,32,,2849,,,0,66,,2850,,,0,30,,2851,,,0,65,,2852,,,0,30,,2856,,,0,70,,2857,,,0,25,,2858,,,0,17,,2855,0,21 3 22,0,72,,2859,,,0,24,,2853,0,21 3 22,0
1001,'30',712,,2860,,,0,31,,2897,,,0,64,,2861,,,0,27,,2896,,,0,21,,2862,,,0,60,,2863,,,0,30,,2864,,,0,65,,2865,,,0,30,,2866,,,0,70,,2867,,,0,29,,2869,,,0,69,,2870,,,0,25,,2871,,,0,70,,2872,,,0,30,,2873,,,0,70,,2874,,,0,30,,2875,,,0,70,,2876,,,0,30,,2877,,,0,70,,2878,,,0,30,,2879,,,0,67,,2880,,,0,30,,2881,,,0,28,,2892,,,0,69,,2882,,,0,25,,2885,,,0,70,,2886,,,0,30,,2887,,,0,70,,2888,,,0,32,,2889,,,0,68,,2890,,,0,20,,2891,,,0,67,,2893,,,0,30,,2884,0,21 3 22,0,70,,2883,0,21 3 22,0
1001,'4',712,,2898,,,0,31,,2935,,,0,64,,2899,,,0,27,,2934,,,0,21,,2900,,,0,60,,2901,,,0,30,,2902,,,0,65,,2903,,,0,30,,2904,,,0,70,,2905,,,0,29,,2907,,,0,69,,2908,,,0,25,,2909,,,0,70,,2910,,,0,30,,2911,,,0,70,,2912,,,0,30,,2913,,,0,70,,2914,,,0,30,,2915,,,0,70,,2916,,,0,30,,2917,,,0,67,,2918,,,0,30,,2919,,,0,28,,2930,,,0,69,,2920,,,0,25,,2923,,,0,70,,2924,,,0,30,,2925,,,0,70,,2926,,,0,32,,2927,,,0,68,,2928,,,0,20,,2929,,,0,67,,2931,,,0,30,,2922,0,21 3 22,0,70,,2921,0,21 3 22,0
2400,'2',628,,5366,,,0,22,,5367,,,0,70,,5368,,,0,34,,5369,,,0,70,,5370,,,0,30,,5371,,,0,70,,5372,,,0,28,,5373,,,0,70,,5374,,,0,30,,5375,,,0,70,,5376,,,0,30,,5377,,,0,70,,5378,,,0,30,,5379,,,0,70,,5380,,,0,30,,5381,,,0,70,,5382,,,0,36,,5383,,,0,70,,5384,,,0,73,,5385,,,0,31,,5391,,,0,76,,5388,,,0,33,,5389,,,0,73,,5390,,,0,26,,5392,,,0,69,,5393,,,0,32,,5394,,,0,70,,5395,,,0,30,,5396,,,0,70,,5397,0,43 20,0
2400,'3',634,,5415,,,0,71,,5414,,,0,40,,5413,,,0,80,,5399,,,0,80,,5406,,,0,40,,5400,,,0,80,,5407,,,0,82,,5401,,,0,37,,5408,,,0,83,,5402,,,0,80,,5409,,,0,45,,5403,,,0,84,,5410,,,0,84,,5404,,,0,86,,5411,,,0,44,,5405,,,0,86,,5412,,,0,84,,5416,,,0,80,,5417,,,0,44,,5418,,,0,80,,5419,,,0
2400,'30',717,,5437,,,0,30,,5436,,,0,80,,5435,,,0,80,,5434,,,0,40,,5433,,,0,80,,5421,,,0,80,,5427,,,0,40,,5422,,,0,82,,5428,,,0,79,,5423,,,0,41,,5429,,,0,79,,5424,,,0,81,,5430,,,0,39,,5425,,,0,81,,5431,,,0,79,,5426,,,0
2400,'4',717,,5455,,,0,30,,5454,,,0,80,,5453,,,0,80,,5452,,,0,40,,5451,,,0,80,,5439,,,0,80,,5445,,,0,40,,5440,,,0,82,,5446,,,0,79,,5441,,,0,41,,5447,,,0,79,,5442,,,0,81,,5448,,,0,39,,5443,,,0,81,,5449,,,0,79,,5444,,,0
