'2',2400,61300,4,'',0,3000,4,'',0,7000,4,'',0,3000,4,'',0,7100,4,'',0,3000,4,'',0,7000,4,'',0,3000,4,'',0,7000,4,'',0,3000,4,'',0,7000,4,'',0,3000,4,'',0,7000,4,'',0,3000,4,'',0,7000,4,'',0,3000,4,'',0,7000,4,'',0,3000,4,'',0,7100,4,'',0,3000,4,'',0,7300,4,'',0,3100,4,'',0,7500,4,'',0,3300,4,'',0,7500,4,'',0,6900,4,'',0,2900,4,'',0,7200,4,'',0,3000,4,'',0,2000,4,'',0
'2',2401,61300,,'',0,3000,,'',0,7000,,'',0,3100,,'',0,7000,,'',0,3000,,'',0,7000,,'',0,3000,,'',0,7000,,'',0,3000,,'',0,7000,,'',0,3000,,'',0,7000,,'',0,3000,,'',0,7000,,'',0,3000,,'',0,7000,,'',0,3100,,'',0,7000,,'',0,3000,,'',0,7300,,'',0,3300,,'',0,7300,,'',0,3300,,'',0,7500,,'',0,7000,,'',0,3000,,'',0,7000,,'',0,3000,,'',0,2000,,'',0
'3',2400,64200,4,'',0,8000,4,'',0,8000,4,'',0,4000,4,'',0,8000,4,'',0,8000,4,'',0,4000,4,'',0,8200,4,'',0,7600,4,'',0,4400,4,'',0,8600,4,'',0,8500,4,'',0,8500,4,'',0,4400,4,'',0,8600,4,'',0,8400,4,'',0,4000,4,'',0,8400,4,'',0,8000,4,'',0,8400,4,'',0,4000,4,'',0
'3',2401,64200,,'',0,8000,,'',0,8000,,'',0,4000,,'',0,8000,,'',0,8000,,'',0,4000,,'',0,8200,,'',0,7600,,'',0,4400,,'',0,8600,,'',0,8500,,'',0,8500,,'',0,4400,,'',0,8600,,'',0,8400,,'',0,4000,,'',0,8400,,'',0,8000,,'',0,8400,,'',0
'30',2400,72700,4,'',0,8000,4,'',0,4000,4,'',0,8000,4,'',0,8000,4,'',0,4000,4,'',0,8000,4,'',0,8000,4,'',0,4100,4,'',0,7900,4,'',0,8100,4,'',0,3900,4,'',0,8100,4,'',0,7900,4,'',0,4100,4,'',0,7900,4,'',0
'30',2401,72700,,'',0,8000,,'',0,4000,,'',0,8000,,'',0,8000,,'',0,4000,,'',0,8000,,'',0,8000,,'',0,4100,,'',0,7900,,'',0,8100,,'',0,3900,,'',0,8100,,'',0,7900,,'',0,4100,,'',0,7900,,'',0
'4',2400,72700,4,'',0,8000,4,'',0,4000,4,'',0,8000,4,'',0,8000,4,'',0,4000,4,'',0,8000,4,'',0,8000,4,'',0,4100,4,'',0,7900,4,'',0,8100,4,'',0,3900,4,'',0,8100,4,'',0,7900,4,'',0,4100,4,'',0,7900,4,'',0
'4',2401,72700,,'',0,8000,,'',0,4000,,'',0,8000,,'',0,8000,,'',0,4000,,'',0,8000,,'',0,8000,,'',0,4100,,'',0,7900,,'',0,8100,,'',0,3900,,'',0,8100,,'',0,7900,,'',0,4100,,'',0,7900,,'',0
'5',2400,72700,4,'',0,8000,4,'',0,4000,4,'',0,8000,4,'',0,8000,4,'',0,4000,4,'',0,8000,4,'',0,8000,4,'',0,4100,4,'',0,7900,4,'',0,8100,4,'',0,3900,4,'',0,8100,4,'',0,7900,4,'',0,4100,4,'',0,7900,4,'',0
'5',2401,72700,,'',0,8000,,'',0,4000,,'',0,8000,,'',0,8000,,'',0,4000,,'',0,8000,,'',0,8000,,'',0,4100,,'',0,7900,,'',0,8100,,'',0,3900,,'',0,8100,,'',0,7900,,'',0,4100,,'',0,7900,0,'Commissioners & Highbury',0
'6',2400,80700,4,'',0,4000,4,'',0,8000,4,'',0,8000,4,'',0,4000,4,'',0,8000,4,'',0,8000,4,'',0,4100,4,'',0,7900,4,'',0,8100,4,'',0,3900,4,'',0,8100,4,'',0,7900,4,'',0,4100,4,'',0,7900,4,'',0
'6',2401,80700,,'',0,4000,,'',0,8000,,'',0,8000,,'',0,4000,,'',0,8000,,'',0,8000,,'',0,4100,,'',0,7900,,'',0,8100,,'',0,3900,,'',0,8100,,'',0,7900,,'',0,4100,,'',0,7900,0,'Commissioners & Highbury',0
'8',2400,61300,4,'',0,3000,4,'',0,7000,4,'',0,3000,4,'',0,7100,4,'',0,3000,4,'',0,7000,4,'',0,3000,4,'',0,7000,4,'',0,3000,4,'',0,7000,4,'',0,3000,4,'',0,7000,4,'',0,3000,4,'',0,7000,4,'',0,3000,4,'',0,7000,4,'',0,3000,4,'',0,7100,4,'',0,3000,4,'',0,7300,4,'',0,3100,4,'',0,7500,4,'',0,3300,4,'',0,7500,4,'',0,6900,4,'',0,2900,4,'',0,7200,4,'',0,3000,4,'',0,2000,4,'',0
'8',2401,61300,,'',0,3000,,'',0,7000,,'',0,3100,,'',0,7000,,'',0,3000,,'',0,7000,,'',0,3000,,'',0,7000,,'',0,3000,,'',0,7000,,'',0,3000,,'',0,7000,,'',0,3000,,'',0,7000,,'',0,3000,,'',0,7000,,'',0,3100,,'',0,7000,,'',0,3000,,'',0,7300,,'',0,3300,,'',0,7300,,'',0,3300,,'',0,7500,,'',0,7000,,'',0,3000,,'',0,7000,,'',0,3000,,'',0,2000,,'',0
