700,'2',606,,19286,4,,,0,27,,19287,4,,,0,25,,19288,4,,,0,60,,19289,4,,,0,20,,19290,4,,,0,20,,19291,4,,,0,60,,19292,4,,,0,21,,19293,4,,,0,66,,19294,4,,,0,30,,19295,4,,,0,70,,19296,4,,,0,25,,19297,4,,,0,70,,19298,4,,,0,30,,19299,4,,,0,29,,19300,4,,,0,70,,19301,4,,,0,30,,19302,4,,,0,70,,19304,4,,,0,25,,19305,4,,,0,60,,19306,4,,,0,20,,19307,4,,,0,20,,19308,4,,,0,60,,19309,4,,,0,20,,19310,4,,,0,19,,19311,4,,,0,60,,19312,4,,,0,20,,19313,4,,,0,25,,19314,4,,,0,55,,19315,4,,,0,20,,19316,4,,,0,68,,19317,4,,,0,25,,19318,4,,,0,25,,19319,4,,,0,65,,19320,4,,,0,25,,19321,4,,,0,65,,19322,4,,,0,25,,19323,4,,,0,79,,19324,4,,,0,30,,19325,4,,,0,70,,19326,4,,,0,30,,19327,4,,,0,70,,19328,4,,,0,27,,19329,4,,,0
700,'3',611,,19365,4,,,0,29,,19366,4,,,0,70,,19364,4,,,0,39,,19330,4,,,0,66,,19363,4,,,0,30,,19331,4,,,0,65,,19332,4,,,0,25,,19333,4,,,0,71,,19334,4,,,0,30,,19335,4,,,0,65,,19336,4,,,0,25,,19337,4,,,0,29,,19338,4,,,0,70,,19339,4,,,0,30,,19340,4,,,0,65,,19341,4,,,0,30,,19342,4,,,0,70,,19343,4,,,0,30,,19344,4,,,0,70,,19345,4,,,0,30,,19346,4,,,0,70,,19347,4,,,0,30,,19348,4,,,0,70,,19349,4,,,0,26,,19350,4,,,0,71,,19351,4,,,0,30,,19352,4,,,0,70,,19353,4,,,0,25,,19354,4,,,0,70,,19355,4,,,0,31,,19356,4,,,0,71,,19357,4,,,0,28,,19358,4,,,0,72,,19359,4,,,0,30,,19360,4,,,0,70,,19361,4,,,0,30,,19362,4,,,0
700,'30',841,,19368,4,,,0,85,,19370,4,,,0,30,,19371,4,,,0,70,,19372,4,,,0,25,,19373,4,,,0,65,,19374,4,,,0,29,,19375,4,,,0,70,,19376,4,,,0,30,,19377,4,,,0,65,,19378,4,,,0,30,,19379,4,,,0,70,,19380,4,,,0,30,,19381,4,,,0,65,,19382,4,,,0,30,,19383,4,,,0,70,,19384,4,,,0,22,,19385,4,,,0,30,,19386,4,,,0,70,,19387,4,,,0,30,,19388,4,,,0,70,,19389,4,,,0,30,,19390,4,,,0,70,,19391,4,,,0,30,,19392,4,,,0,70,,19393,4,,,0,30,,19394,4,,,0,70,,19395,4,,,0,73,,19397,4,,,0,45,,19396,4,,,0
700,'4',841,,19399,4,,,0,85,,19401,4,,,0,30,,19402,4,,,0,70,,19403,4,,,0,25,,19404,4,,,0,65,,19405,4,,,0,29,,19406,4,,,0,70,,19407,4,,,0,30,,19408,4,,,0,65,,19409,4,,,0,30,,19410,4,,,0,70,,19411,4,,,0,30,,19412,4,,,0,65,,19413,4,,,0,30,,19414,4,,,0,70,,19415,4,,,0,22,,19416,4,,,0,30,,19417,4,,,0,70,,19418,4,,,0,30,,19419,4,,,0,70,,19420,4,,,0,30,,19421,4,,,0,70,,19422,4,,,0,30,,19423,4,,,0,70,,19424,4,,,0,30,,19425,4,,,0,70,,19426,4,,,0,73,,19428,4,,,0,45,,19427,4,,,0
1000,'2',612,,19941,52,,,0,15,,19942,52,,,0,15,,19943,67,,,0,15,,19944,52,,,0,55,,19952,67,,,0,15,,19953,52,,,0,20,,19951,67,,,0,55,,19954,52,,,0,17,,19945,67,,,0,19,,19991,67,,,0,17,,19946,67,,,0,54,,19992,67,,,0,15,,19950,67,,,0,18,,19949,67,,,0,69,,19947,67,,,0,30,,19958,67,,,0,70,,19957,67,,,0,30,,19956,67,,,0,71,,19955,67,,,0,32,,19962,67,,,0,13,,19963,52,,,0,67,,19961,67,,,0,13,,19995,52,,,0,17,,19960,67,,,0,59,,19959,67,,,0,15,,19996,52,,,0,18,,19965,67,,,0,63,,19964,67,,,0,18,,19993,67,,,0,16,,19966,67,,,0,15,,19994,67,,,0,59,,19967,67,,,0,17,,19974,67,,,0,13,,19968,67,,,0,57,,19969,67,,,0,16,,19970,67,,,0,18,,19971,67,,,0,15,,19972,67,,,0,55,,19997,67,,,0,12,,19973,67,,,0,33,,19975,67,,,0,56,,19976,67,,,0,33,,19977,67,,,0,73,,19978,67,,,0,30,,19979,67,,,0,70,,19980,67,,,0,35,,19981,67,,,0,64,,19982,67,,,0,38,,19983,67,,,0,73,,19984,67,,,0,30,,19985,67,,,0,75,,19986,67,,,0,75,,19987,67,,,0,30,,19988,67,,,0
1000,'3',619,,20013,52,,,0,35,,20010,52,,,0,75,,20011,67,,,0,76,,20012,67,,,0,37,,20014,67,,,0,70,,20015,67,,,0,15,,20016,67,,,0,30,,20017,67,,,0,72,,20018,67,,,0,30,,20019,67,,,0,70,,20020,67,,,0,30,,20021,67,,,0,80,,20022,67,,,0,70,,20023,67,,,0,30,,20024,67,,,0,70,,20025,67,,,0,31,,20026,67,,,0,70,,20027,67,,,0,30,,20028,67,,,0,65,,20029,67,,,0,12,,20030,67,,,0,30,,20031,67,,,0,70,,20032,67,,,0,30,,20033,67,,,0,68,,20034,67,,,0,28,,20035,67,,,0,65,,20036,67,,,0,30,,20037,67,,,0,70,,20038,67,,,0,30,,20039,67,,,0,69,,20040,67,,,0,30,,20044,67,,,0,65,,20045,67,,,0,25,,20046,67,,,0,25,,20047,67,,,0,65,,20048,67,,,0,30,,20049,67,,,0,62,,20050,67,,,0,47,,20051,67,,,0
1000,'30',713,,20052,52,,,0,37,,20088,67,,,0,60,,20053,67,,,0,36,,20087,67,,,0,60,,20054,67,,,0,30,,20055,67,,,0,70,,20056,67,,,0,30,,20057,67,,,0,65,,20058,67,,,0,25,,20059,67,,,0,25,,20060,67,,,0,66,,20061,67,,,0,31,,20062,67,,,0,70,,20063,67,,,0,30,,20064,67,,,0,70,,20065,67,,,0,30,,20066,67,,,0,70,,20067,67,,,0,30,,20068,67,,,0,70,,20069,67,,,0,30,,20070,67,,,0,70,,20071,67,,,0,29,,20074,67,,,0,70,,20075,67,,,0,30,,20076,67,,,0,70,,20077,67,,,0,30,,20078,67,,,0,66,,20079,67,,,0,30,,20080,67,,,0,70,,20081,67,,,0,27,,20082,67,,,0,70,,20083,67,,,0,32,,20084,67,,,0,70,,20085,67,,,0
1000,'4',713,,20089,52,,,0,37,,20125,67,,,0,60,,20090,67,,,0,36,,20124,67,,,0,60,,20091,67,,,0,30,,20092,67,,,0,70,,20093,67,,,0,30,,20094,67,,,0,65,,20095,67,,,0,25,,20096,67,,,0,25,,20097,67,,,0,66,,20098,67,,,0,31,,20099,67,,,0,70,,20100,67,,,0,30,,20101,67,,,0,70,,20102,67,,,0,30,,20103,67,,,0,70,,20104,67,,,0,30,,20105,67,,,0,70,,20106,67,,,0,30,,20107,67,,,0,70,,20108,67,,,0,29,,20111,67,,,0,70,,20112,67,,,0,30,,20113,67,,,0,70,,20114,67,,,0,30,,20115,67,,,0,66,,20116,67,,,0,30,,20117,67,,,0,70,,20118,67,,,0,27,,20119,67,,,0,70,,20120,67,,,0,32,,20121,67,,,0,70,,20122,67,,,0
2401,'2',624,,22823,11,,,0,30,,22824,11,,,0,69,,22825,11,,,0,31,,22826,11,,,0,70,,22827,11,,,0,30,,22828,11,,,0,70,,22829,11,,,0,30,,22830,11,,,0,70,,22831,11,,,0,30,,22832,11,,,0,70,,22833,11,,,0,30,,22834,11,,,0,70,,22835,11,,,0,30,,22836,11,,,0,70,,22837,11,,,0,30,,22838,11,,,0,68,,22839,11,,,0,31,,22840,11,,,0,70,,22841,11,,,0,30,,22842,11,,,0,75,,22845,11,,,0,73,,22846,11,,,0,33,,22847,11,,,0,73,,22848,11,,,0,36,,22849,11,,,0,70,,22850,11,,,0,30,,22851,11,,,0,70,,22852,11,,,0,30,,22853,11,,,0,60,,22854,11,,,0
2401,'3',652,,22870,11,,,0,80,,22869,11,,,0,80,,22855,11,,,0,40,,22856,11,,,0,80,,22863,11,,,0,80,,22857,11,,,0,38,,22864,11,,,0,82,,22858,11,,,0,75,,22865,11,,,0,44,,22859,11,,,0,86,,22866,11,,,0,87,,22860,11,,,0,85,,22867,11,,,0,44,,22861,11,,,0,86,,22868,11,,,0,84,,22862,11,,,0,80,,22872,11,,,0,44,,22873,11,,,0,80,,22874,11,,,0,84,,22875,11,,,0
2401,'30',734,,22890,11,,,0,80,,22889,11,,,0,40,,22888,11,,,0,80,,22887,11,,,0,80,,22876,11,,,0,40,,22877,11,,,0,80,,22882,11,,,0,80,,22878,11,,,0,41,,22883,11,,,0,79,,22879,11,,,0,81,,22884,11,,,0,39,,22880,11,,,0,81,,22885,11,,,0,79,,22881,11,,,0,41,,22886,11,,,0,79,,22892,11,,,0
2401,'4',734,,22907,11,,,0,80,,22906,11,,,0,40,,22905,11,,,0,80,,22904,11,,,0,80,,22893,11,,,0,40,,22894,11,,,0,80,,22899,11,,,0,80,,22895,11,,,0,41,,22900,11,,,0,79,,22896,11,,,0,81,,22901,11,,,0,39,,22897,11,,,0,81,,22902,11,,,0,79,,22898,11,,,0,41,,22903,11,,,0,79,,22909,11,,,0
