'2',200,60100,4,'',0,3200,4,'',0,7000,4,'',0,2700,4,'',0,7000,4,'',0,3000,4,'',0,7000,4,'',0,3000,4,'',0,7000,4,'',0,3000,4,'',0,7000,4,'',0,3000,4,'',0,7000,4,'',0,3200,4,'',0,2700,4,'',0,7000,4,'',0,3000,4,'',0,7000,4,'',0,3000,4,'',0,6800,4,'',0,2900,4,'',0,7600,4,'',0,7400,4,'',0,3000,4,'',0,6800,4,'',0,3000,4,'',0,2300,4,'',0,6700,4,'',0,3000,4,'',0,7000,4,'',0,3000,4,'',0,6900,4,'',0,7900,4,'',0,4000,4,'',0,7800,4,'',0,8300,4,'',0,2000,4,'',0,3500,4,'',0
'2',201,60300,,'',0,3000,,'',0,7000,,'',0,3000,,'',0,7000,,'',0,2900,,'',0,7000,,'',0,3000,,'',0,7000,,'',0,3000,,'',0,7000,,'',0,3000,,'',0,7000,,'',0,3000,,'',0,7000,,'',0,2700,,'',0,3000,,'',0,7000,,'',0,3000,,'',0,6800,,'',0,3000,,'',0,7500,,'',0,7400,,'',0,3000,,'',0,6800,,'',0,3000,,'',0,2500,,'',0,6700,0,'Hale & Brydges',0,2800,,'',0,7300,,'',0,2700,0,'Hale & Brydges',0,7000,,'',0,8000,,'',0,4000,,'',0,7600,,'',0,8300,,'',0,5600,,'',0
'3',200,63700,4,'',0,9900,4,'',0,6700,4,'',0,2500,4,'',0,2500,4,'',0,7000,4,'',0,2700,4,'',0,7000,4,'',0,3000,4,'',0,7000,4,'',0,2600,4,'',0,6500,4,'',0,3000,4,'',0,7000,4,'',0,3000,4,'',0,6500,4,'',0,2500,4,'',0,7000,4,'',0,3000,4,'',0,7000,4,'',0,2500,4,'',0,3000,4,'',0,6500,4,'',0,3300,4,'',0,6500,4,'',0,3000,4,'',0,7000,4,'',0,3000,4,'',0,7000,4,'',0,8100,4,'',0,1600,4,'',0,8400,4,'',0,5900,4,'',0,10000,4,'',0,14900,4,'',0
'3',201,63700,,'',0,9900,,'',0,6700,,'',0,2500,,'',0,2500,,'',0,7000,,'',0,2700,,'',0,7000,,'',0,3000,,'',0,7000,,'',0,2600,,'',0,6500,,'',0,3000,,'',0,7000,,'',0,3000,,'',0,6500,,'',0,2500,,'',0,7000,,'',0,3000,,'',0,7000,,'',0,2500,,'',0,3000,,'',0,6500,,'',0,3300,,'',0,6500,,'',0,3000,,'',0,7000,,'',0,3000,,'',0,7000,,'',0,8100,,'',0,1600,0,'Hale & Brydges',0,8400,,'',0,5900,,'',0,10000,,'',0,14900,0,'Hale & Brydges',0
'30',200,70400,4,'',0,10000,4,'',0,10500,4,'',0,5000,4,'',0,9000,4,'',0,9000,4,'',0,7000,4,'',0,3000,4,'',0,7000,4,'',0,3000,4,'',0,7000,4,'',0,3000,4,'',0,7000,4,'',0,3000,4,'',0,7000,4,'',0,3000,4,'',0,7000,4,'',0,3300,4,'',0,6000,4,'',0,3000,4,'',0,9000,4,'',0,9000,4,'',0,9000,4,'',0,5000,4,'',0,8500,4,'',0,9900,4,'',0
'30',201,70400,,'',0,10000,,'',0,10500,,'',0,5000,,'',0,9000,,'',0,9000,,'',0,7000,,'',0,3000,,'',0,7000,,'',0,3000,,'',0,7000,,'',0,3000,,'',0,7000,,'',0,3000,,'',0,7000,,'',0,3000,,'',0,7000,,'',0,3300,,'',0,6000,0,'Hale & Brydges',0,3000,,'',0,9000,,'',0,9000,,'',0,9000,,'',0,5000,,'',0,8500,,'',0,9900,0,'Hale & Brydges',0
'4',200,70400,4,'',0,10000,4,'',0,10500,4,'',0,5000,4,'',0,9000,4,'',0,9000,4,'',0,7000,4,'',0,3000,4,'',0,7000,4,'',0,3000,4,'',0,7000,4,'',0,3000,4,'',0,7000,4,'',0,3000,4,'',0,7000,4,'',0,3000,4,'',0,7000,4,'',0,3300,4,'',0,6000,4,'',0,3000,4,'',0,9000,4,'',0,9000,4,'',0,9000,4,'',0,5000,4,'',0,8500,4,'',0,9900,4,'',0
'4',201,70400,,'',0,10000,,'',0,10500,,'',0,5000,,'',0,9000,,'',0,9000,,'',0,7000,,'',0,3000,,'',0,7000,,'',0,3000,,'',0,7000,,'',0,3000,,'',0,7000,,'',0,3000,,'',0,7000,,'',0,3000,,'',0,7000,,'',0,3300,,'',0,6000,0,'Hale & Brydges',0,3000,,'',0,9000,,'',0,9000,,'',0,9000,,'',0,5000,,'',0,8500,,'',0,9900,0,'Hale & Brydges',0
'5',200,70400,4,'',0,10000,4,'',0,10100,4,'',0,10000,4,'',0,10000,4,'',0,2400,4,'',0,3000,4,'',0,7000,4,'',0,3000,4,'',0,7000,4,'',0,2500,4,'',0,7000,4,'',0,3000,4,'',0,7000,4,'',0,2500,4,'',0,7000,4,'',0,3000,4,'',0,7000,4,'',0,2300,4,'',0,8300,4,'',0,3100,4,'',0,7100,4,'',0,10000,4,'',0,10000,4,'',0,11000,4,'',0,9900,4,'',0
'5',201,70400,,'',0,10000,,'',0,10100,,'',0,10000,,'',0,10000,,'',0,2400,,'',0,3000,,'',0,7000,,'',0,3000,,'',0,7000,,'',0,2500,,'',0,7000,,'',0,3000,,'',0,7000,,'',0,2500,,'',0,7000,,'',0,3000,,'',0,7000,,'',0,2300,,'',0,8300,,'',0,3100,0,'Hale & Brydges',0,7100,,'',0,10000,,'',0,10000,,'',0,11000,,'',0,9900,0,'Hale & Brydges',0
'6',200,80400,4,'',0,10100,4,'',0,10000,4,'',0,10000,4,'',0,2400,4,'',0,3000,4,'',0,7000,4,'',0,3000,4,'',0,7000,4,'',0,2500,4,'',0,7000,4,'',0,3000,4,'',0,7000,4,'',0,2500,4,'',0,7000,4,'',0,3000,4,'',0,7000,4,'',0,2300,4,'',0,8300,4,'',0,3100,4,'',0,7100,4,'',0,10000,4,'',0,10000,4,'',0,11000,4,'',0,9900,4,'',0
'6',201,80400,,'',0,10100,,'',0,10000,,'',0,10000,,'',0,2400,,'',0,3000,,'',0,7000,,'',0,3000,,'',0,7000,,'',0,2500,,'',0,7000,,'',0,3000,,'',0,7000,,'',0,2500,,'',0,7000,,'',0,3000,,'',0,7000,,'',0,2300,,'',0,8300,,'',0,3100,0,'Hale & Brydges',0,7100,,'',0,10000,,'',0,10000,,'',0,11000,,'',0,9900,0,'Hale & Brydges',0
'8',200,60100,4,'',0,3200,4,'',0,7000,4,'',0,2700,4,'',0,7000,4,'',0,3000,4,'',0,7000,4,'',0,3000,4,'',0,7000,4,'',0,3000,4,'',0,7000,4,'',0,3000,4,'',0,7000,4,'',0,3200,4,'',0,2700,4,'',0,7000,4,'',0,3000,4,'',0,7000,4,'',0,3000,4,'',0,6800,4,'',0,2900,4,'',0,7600,4,'',0,7400,4,'',0,3000,4,'',0,6800,4,'',0,3000,4,'',0,2300,4,'',0,6700,4,'',0,3000,4,'',0,7000,4,'',0,3000,4,'',0,6900,4,'',0,7900,4,'',0,4000,4,'',0,7800,4,'',0,8300,4,'',0,2000,4,'',0,3500,4,'',0
'8',201,60300,,'',0,3000,,'',0,7000,,'',0,3000,,'',0,7000,,'',0,2900,,'',0,7000,,'',0,3000,,'',0,7000,,'',0,3000,,'',0,7000,,'',0,3000,,'',0,7000,,'',0,3000,,'',0,7000,,'',0,2700,,'',0,3000,,'',0,7000,,'',0,3000,,'',0,6800,,'',0,3000,,'',0,7500,,'',0,7400,,'',0,3000,,'',0,6800,,'',0,3000,,'',0,2500,,'',0,6700,0,'Hale & Brydges',0,2800,,'',0,7300,,'',0,2700,0,'Hale & Brydges',0,7000,,'',0,8000,,'',0,4000,,'',0,7600,,'',0,8300,,'',0,5600,,'',0
