701,'2',635,,19429,36,,,0,20,,19430,36,,,0,76,,19431,36,,,0,25,,19432,36,,,0,60,,19433,36,,,0,20,,19434,36,,,0,20,,19435,36,,,0,60,,19436,36,,,0,30,,19437,36,,,0,55,,19438,36,,,0,30,,19439,36,,,0,70,,19440,36,,,0,30,,19441,36,,,0,70,,19442,36,,,0,30,,19443,36,,,0,70,,19444,36,,,0,30,,19445,36,,,0,70,,19446,36,,,0,25,,19447,36,,,0,20,,19448,36,,,0,60,,19449,36,,,0,20,,19450,36,,,0,20,,19451,36,,,0,62,,19452,36,,,0,20,,19453,36,,,0,20,,19454,36,,,0,60,,19455,36,,,0,20,,19456,36,,,0,20,,19457,36,,,0,58,,19458,36,,,0,25,,19459,36,,,0,25,,19460,36,,,0,65,,19461,36,,,0,25,,19462,36,,,0,65,,19463,36,,,0,30,,19464,36,,,0,79,,19465,36,,,0,30,,19466,36,,,0,70,,19467,36,,,0,30,,19468,36,,,0,70,,19469,36,,,0,30,,19470,36,,,0
701,'3',635,,19513,36,,,0,76,,19514,36,,,0,31,,19512,36,,,0,73,,19476,36,,,0,30,,19477,36,,,0,65,,19478,36,,,0,30,,19479,36,,,0,70,,19480,36,,,0,25,,19481,36,,,0,65,,19482,36,,,0,30,,19483,36,,,0,70,,19484,36,,,0,25,,19485,36,,,0,25,,19486,36,,,0,70,,19487,36,,,0,30,,19488,36,,,0,70,,19489,36,,,0,30,,19490,36,,,0,70,,19491,36,,,0,30,,19492,36,,,0,70,,19493,36,,,0,30,,19494,36,,,0,70,,19495,36,,,0,30,,19496,36,,,0,70,,19497,36,,,0,30,,19498,36,,,0,65,,19499,36,,,0,25,,19500,36,,,0,70,,19501,36,,,0,25,,19502,36,,,0,22,,19503,36,,,0,69,,19504,36,,,0,30,,19505,36,,,0,70,,19506,36,,,0,30,,19507,36,,,0,70,,19508,36,,,0,30,,19509,36,,,0
701,'30',905,,19515,36,,,0,25,,19516,36,,,0,75,,19517,36,,,0,20,,19518,36,,,0,25,,19519,36,,,0,70,,19520,36,,,0,30,,19521,36,,,0,66,,19522,36,,,0,25,,19523,36,,,0,70,,19524,36,,,0,30,,19525,36,,,0,70,,19526,36,,,0,25,,19527,36,,,0,70,,19528,36,,,0,30,,19529,36,,,0,70,,19530,36,,,0,30,,19531,36,,,0,70,,19532,36,,,0,30,,19533,36,,,0,70,,19534,36,,,0,30,,19535,36,,,0,70,,19537,36,,,0,30,,19538,36,,,0,70,,19539,36,,,0,30,,19540,36,,,0,70,,19541,36,,,0,30,,19542,36,,,0,68,,19545,36,,,0,30,,19546,36,,,0,70,,19543,36,,,0
701,'4',905,,19547,36,,,0,25,,19548,36,,,0,75,,19549,36,,,0,20,,19550,36,,,0,25,,19551,36,,,0,70,,19552,36,,,0,30,,19553,36,,,0,66,,19554,36,,,0,25,,19555,36,,,0,70,,19556,36,,,0,30,,19557,36,,,0,70,,19558,36,,,0,25,,19559,36,,,0,70,,19560,36,,,0,30,,19561,36,,,0,70,,19562,36,,,0,30,,19563,36,,,0,70,,19564,36,,,0,30,,19565,36,,,0,70,,19566,36,,,0,30,,19567,36,,,0,70,,19569,36,,,0,30,,19570,36,,,0,70,,19571,36,,,0,30,,19572,36,,,0,70,,19573,36,,,0,30,,19574,36,,,0,68,,19577,36,,,0,30,,19578,36,,,0,70,,19575,36,,,0
1200,'2',635,,20313,8,,,0,69,,20314,8,,,0,29,,20315,8,,,0,70,,20316,8,,,0,30,,20317,8,,,0,70,,20318,8,,,0,30,,20319,8,,,0,70,,20320,8,,,0,30,,20321,8,,,0,70,,20322,8,,,0,30,,20323,8,,,0,70,,20324,8,,,0,30,,20325,8,,,0,70,,20326,8,,,0,30,,20327,8,,,0,70,,20328,8,,,0,31,,20329,8,,,0,25,,20330,8,,,0,56,,20331,8,,,0,25,,20332,8,,,0,65,,20333,8,,,0,26,,20334,8,,,0,27,,20335,8,,,0,65,,20336,8,,,0,25,,20337,8,,,0,63,,20338,8,,,0,25,,20339,8,,,0,68,,20340,8,,,0,30,,20341,8,,,0,70,,20342,8,,,0,30,,20343,8,,,0,69,,20348,8,,,0,30,,20344,8,,,0,70,,20345,8,,,0,30,,20349,8,,,0,70,,20346,8,,,0,30,,20350,8,,,0,69,,20347,8,,,0
1200,'3',635,,20351,8,,,0,70,,20383,8,,,0,30,,20352,8,,,0,70,,20382,8,,,0,30,,20353,8,,,0,70,,20381,8,,,0,25,,20354,8,,,0,25,,20380,8,,,0,71,,20355,8,,,0,30,,20379,8,,,0,70,,20356,8,,,0,30,,20378,8,,,0,70,,20357,8,,,0,75,,20358,8,,,0,35,,20359,8,,,0,75,,20360,8,,,0,35,,20361,8,,,0,75,,20362,8,,,0,35,,20363,8,,,0,75,,20364,8,,,0,75,,20365,8,,,0,35,,20366,8,,,0,64,,20367,8,,,0,33,,20368,8,,,0,67,,20369,8,,,0,33,,20370,8,,,0,67,,20371,8,,,0,33,,20372,8,,,0,67,,20373,8,,,0,33,,20374,8,,,0,67,,20375,8,,,0,33,,20376,8,,,0,67,,20377,8,,,0,33,,20384,8,,,0,67,,20385,8,,,0
1200,'30',836,,20414,8,,,0,70,,20399,8,,,0,30,,20401,8,,,0,23,,20387,8,,,0,70,,20402,8,,,0,30,,20398,8,,,0,70,,20403,8,,,0,24,,20397,8,,,0,70,,20404,8,,,0,24,,20396,8,,,0,64,,20413,8,,,0,31,,20395,8,,,0,64,,20408,8,,,0,30,,20394,8,,,0,70,,20409,8,,,0,30,,20393,8,,,0,70,,20410,8,,,0,30,,20392,8,,,0,70,,20411,8,,,0,30,,20391,8,,,0,70,,20412,8,,,0,30,,20390,8,,,0,70,,20405,8,,,0,30,,20389,8,,,0,70,,20406,8,,,0,30,,20386,8,,,0,70,,20407,8,,,0,30,,20388,8,,,0
1200,'4',836,,20443,8,,,0,70,,20428,8,,,0,30,,20430,8,,,0,23,,20416,8,,,0,70,,20431,8,,,0,30,,20427,8,,,0,70,,20432,8,,,0,24,,20426,8,,,0,70,,20433,8,,,0,24,,20425,8,,,0,64,,20442,8,,,0,31,,20424,8,,,0,64,,20437,8,,,0,30,,20423,8,,,0,70,,20438,8,,,0,30,,20422,8,,,0,70,,20439,8,,,0,30,,20421,8,,,0,70,,20440,8,,,0,30,,20420,8,,,0,70,,20441,8,,,0,30,,20419,8,,,0,70,,20434,8,,,0,30,,20418,8,,,0,70,,20435,8,,,0,30,,20415,8,,,0,70,,20436,8,,,0,30,,20417,8,,,0
9301,'2',649,,24881,10,,,0,61,,24905,10,,,0,48,,24882,10,,,0,77,,24883,10,,,0,70,,24904,10,,,0,42,,24884,10,,,0,68,,24885,10,,,0,25,,24886,10,,,0,70,,24887,10,,,0,33,,24888,10,,,0,67,,24889,10,,,0,30,,24890,10,,,0,70,,24891,10,,,0,30,,24892,10,,,0,63,,24894,10,,,0,5,,24893,10,,,0,32,,24895,10,,,0,74,,24896,10,,,0,17,,24897,10,,,0,71,,24898,10,,,0,24,,24899,10,,,0,27,,24900,10,,,0,72,,24901,10,,,0,32,,24907,10,,,0,69,,24902,10,,,0,76,,24903,10,,,0,31,,24910,10,,,0,70,,24911,10,,,0,22,,24906,10,,,0,82,,24908,10,,,0,97,,24909,10,,,0,25,,24913,10,,,0,100,,24912,10,,,0,30,,24914,10,,,0
9301,'3',823,,24915,10,,,0,25,,24916,10,,,0,65,,24917,10,,,0,25,,24918,10,,,0,65,,24919,10,,,0,30,,24920,10,,,0,70,,24921,10,,,0,30,,24922,10,,,0,70,,24923,10,,,0,39,,24924,10,,,0,70,,24925,10,,,0,30,,24926,10,,,0,80,,24927,10,,,0,28,,24928,10,,,0,70,,24929,10,,,0,80,,24930,10,,,0,30,,24931,10,,,0,70,,24932,10,,,0,31,,24933,10,,,0,25,,24934,10,,,0,65,,24935,10,,,0,24,,24936,10,,,0,65,,24937,10,,,0,25,,24938,10,,,0,65,,24939,10,,,0,25,,24940,10,,,0,25,,24941,10,,,0,65,,24942,10,,,0,20,,24943,10,,,0,65,,24944,10,,,0,25,,24945,10,,,0,25,,24946,10,,,0,75,,24947,10,,,0,25,,24948,10,,,0,65,,24949,10,,,0
9301,'30',843,,24950,10,,,0,71,,24951,10,,,0,35,,24952,10,,,0,75,,24953,10,,,0,35,,24954,10,,,0,75,,24955,10,,,0,76,,24956,10,,,0,37,,24957,10,,,0,77,,24958,10,,,0,77,,24959,10,,,0,37,,24960,10,,,0,77,,24961,10,,,0,37,,24962,10,,,0,77,,24963,10,,,0,77,,24964,10,,,0,37,,24965,10,,,0,77,,24966,10,,,0,37,,24967,10,,,0,77,,24968,10,,,0,77,,24969,10,,,0,37,,24970,10,,,0,77,,24971,10,,,0,77,,24972,10,,,0,37,,24973,10,,,0
9301,'4',843,,24975,10,,,0,71,,24976,10,,,0,35,,24977,10,,,0,75,,24978,10,,,0,35,,24979,10,,,0,75,,24980,10,,,0,76,,24981,10,,,0,37,,24982,10,,,0,77,,24983,10,,,0,77,,24984,10,,,0,37,,24985,10,,,0,77,,24986,10,,,0,37,,24987,10,,,0,77,,24988,10,,,0,77,,24989,10,,,0,37,,24990,10,,,0,77,,24991,10,,,0,37,,24992,10,,,0,77,,24993,10,,,0,77,,24994,10,,,0,37,,24995,10,,,0,77,,24996,10,,,0,77,,24997,10,,,0,37,,24998,10,,,0
