400,'2',601,,18433,7,4,,0,48,,18458,55,4,,0,97,,18456,55,4,,0,70,,18454,55,4,,0,30,,18452,55,4,,0,69,,18450,55,4,,0,40,,18448,55,4,,0,80,,18446,55,4,,0,80,,18444,55,4,,0,40,,18442,55,4,,0,81,,18440,55,4,,0,80,,18438,55,4,,0,40,,18436,55,4,,0,74,,18460,55,4,,0,25,,18469,55,4,,0,70,,18470,55,4,,0,30,,18471,55,4,,0,71,,18472,55,4,,0,30,,18473,55,4,,0,65,,18474,55,4,,0,25,,18475,55,4,,0,64,,18476,55,4,,0,38,,18478,55,4,,0,75,,18479,55,4,,0,80,,18480,55,4,,0,40,,18481,55,4,,0,71,,18486,55,4,,0,94,,18487,55,4,,0,100,,18488,55,4,,0,109,,18492,55,4,,0,101,,18493,55,4,,0
400,'3',634,,18495,55,4,,0,85,,18497,55,4,,0,102,,18498,55,4,,0,100,,18499,55,4,,0,99,,18500,55,4,,0,100,,18501,55,4,,0,100,,18502,55,4,,0,96,,18503,55,4,,0,43,,18515,55,4,,0,91,,18516,55,4,,0,90,,18517,55,4,,0,90,,18518,55,4,,0,90,,18519,55,4,,0,90,,18522,55,4,,0,49,,18523,55,4,,0,90,,18524,55,4,,0,90,,18525,55,4,,0,85,,18531,55,4,,0,105,,18532,55,4,,0,100,,18533,55,4,,0,96,,18520,55,4,,0
400,'30',718,,18567,55,4,,0,120,,18569,55,4,,0,120,,18540,55,4,,0,95,,18542,55,4,,0,100,,18544,55,4,,0,98,,18546,55,4,,0,100,,18548,55,4,,0,100,,18550,55,4,,0,100,,18552,55,4,,0,100,,18554,55,4,,0,100,,18556,55,4,,0,102,,18558,55,4,,0,100,,18560,55,4,,0,100,,18562,55,4,,0,100,,18564,55,4,,0,95,,18566,55,4,,0
400,'4',718,,18600,55,4,,0,120,,18602,55,4,,0,120,,18573,55,4,,0,95,,18575,55,4,,0,100,,18577,55,4,,0,98,,18579,55,4,,0,100,,18581,55,4,,0,100,,18583,55,4,,0,100,,18585,55,4,,0,100,,18587,55,4,,0,100,,18589,55,4,,0,102,,18591,55,4,,0,100,,18593,55,4,,0,100,,18595,55,4,,0,100,,18597,55,4,,0,95,,18599,55,4,,0
401,'2',601,,18629,1,0,13 40 41,0,53,,18627,1,0,13 40 41,0,97,,18623,1,0,13 40 41,0,70,,18621,1,0,13 40 41,0,31,,18619,1,0,13 40 41,0,71,,18617,1,0,13 40 41,0,80,,18615,1,0,13 40 41,0,40,,18613,1,0,13 40 41,0,81,,18611,1,0,13 40 41,0,79,,18609,1,0,13 40 41,0,40,,18607,1,0,13 40 41,0,79,,18605,1,0,13 40 41,0,35,,18634,1,0,13 40 41,0,74,,18635,1,0,13 40 41,0,70,,18636,1,0,13 40 41,0,30,,18637,1,0,13 40 41,0,70,,18638,1,0,13 40 41,0,30,,18639,1,0,13 40 41,0,70,,18640,1,0,13 40 41,0,25,,18641,1,0,13 40 41,0,20,,18668,1,0,47 3 48,0,65,,18656,1,0,13 40 41,0,40,,18657,1,0,13 40 41,0,80,,18658,1,0,13 40 41,0,80,,18659,1,0,13 40 41,0,32,,18670,1,0,47 3 48,0,72,,18660,1,0,13 40 41,0,100,,18661,1,0,13 40 41,0,102,,18662,1,0,13 40 41,0,117,,18666,1,0,13 40 41,0,84,,18667,1,0,47 3 48,0
401,'3',636,,18673,1,0,13 40 41,0,90,,18674,1,0,13 40 41,0,99,,18675,1,0,13 40 41,0,100,,18676,1,0,13 40 41,0,99,,18677,1,0,13 40 41,0,100,,18678,1,0,13 40 41,0,100,,18679,1,0,13 40 41,0,93,,18692,1,0,13 40 41,0,90,,18693,1,0,13 40 41,0,50,,18694,1,0,13 40 41,0,90,,18695,1,0,13 40 41,0,90,,18696,1,0,13 40 41,0,90,,18704,1,0,13 40 41,0,90,,18705,1,0,13 40 41,0,90,,18706,1,0,13 40 41,0,50,,18707,1,0,13 40 41,0,91,,18708,1,0,13 40 41,0,87,,18713,1,0,13 40 41,0,100,,18714,1,0,13 40 41,0,101,,18715,1,0,13 40 41,0,97,,18698,1,0,13 40 41,0
401,'30',723,,18747,1,0,13 40 41,0,128,,18717,1,0,13 40 41,0,155,,18719,1,0,13 40 41,0,94,,18721,1,0,13 40 41,0,56,,18723,1,0,13 40 41,0,101,,18725,1,0,13 40 41,0,100,,18727,1,0,13 40 41,0,100,,18729,1,0,13 40 41,0,100,,18731,1,0,13 40 41,0,100,,18733,1,0,13 40 41,0,100,,18735,1,0,13 40 41,0,100,,18737,1,0,13 40 41,0,100,,18739,1,0,13 40 41,0,102,,18741,1,0,13 40 41,0,99,,18743,1,0,13 40 41,0,90,,18745,1,0,47 3 48,0
401,'4',723,,18780,1,0,13 40 41,0,128,,18750,1,0,13 40 41,0,155,,18752,1,0,13 40 41,0,94,,18754,1,0,13 40 41,0,56,,18756,1,0,13 40 41,0,101,,18758,1,0,13 40 41,0,100,,18760,1,0,13 40 41,0,100,,18762,1,0,13 40 41,0,100,,18764,1,0,13 40 41,0,100,,18766,1,0,13 40 41,0,100,,18768,1,0,13 40 41,0,100,,18770,1,0,13 40 41,0,100,,18772,1,0,13 40 41,0,102,,18774,1,0,13 40 41,0,99,,18776,1,0,13 40 41,0,90,,18778,1,0,47 3 48,0
9300,'2',600,,24756,1,,,0,45,,24757,1,,,0,65,,24758,1,,,0,30,,24780,1,,,0,87,,24759,1,,,0,80,,24760,1,,,0,28,,24761,1,,,0,75,,24762,1,,,0,35,,24763,1,,,0,65,,24764,1,,,0,30,,24765,1,,,0,70,,24766,1,,,0,28,,24767,1,,,0,72,,24768,1,,,0,30,,24769,1,,,0,70,,24770,1,,,0,13,,24772,1,,,0,10,,24771,1,,,0,77,,24773,1,,,0,29,,24774,1,,,0,61,,24775,1,,,0,30,,24776,1,,,0,73,,24777,1,,,0,23,,24778,1,,,0,24,,24782,1,,,0,80,,24783,1,,,0,25,,24786,1,,,0,70,,24779,1,,,0,76,,24784,1,,,0,26,,24787,1,,,0,27,,24781,1,,,0,79,,24789,1,,,0,98,,24785,1,,,0,69,,24790,1,,,0,55,,24788,1,,,0,60,,24791,1,0,56 4 57,0
9300,'3',800,,24792,1,,,0,25,,24793,1,,,0,25,,24794,1,,,0,65,,24795,1,,,0,25,,24796,1,,,0,18,,24797,1,,,0,70,,24798,1,,,0,30,,24799,1,,,0,70,,24800,1,,,0,30,,24801,1,,,0,70,,24802,1,,,0,79,,24803,1,,,0,30,,24804,1,,,0,70,,24805,1,,,0,40,,24806,1,,,0,70,,24807,1,,,0,30,,24808,1,,,0,75,,24809,1,,,0,35,,24810,1,,,0,70,,24811,1,,,0,28,,24812,1,,,0,65,,24813,1,,,0,25,,24814,1,,,0,62,,24815,1,,,0,25,,24816,1,,,0,25,,24817,1,,,0,65,,24818,1,,,0,25,,24819,1,,,0,65,,24820,1,,,0,25,,24821,1,,,0,16,,24825,1,0,56 4 57,0,65,,24822,1,,,0,25,,24823,1,,,0,65,,24824,1,,,0,35,,24826,1,0,56 4 57,0
9300,'30',801,,24852,1,,,0,25,,24827,1,,,0,75,,24828,1,,,0,35,,24829,1,,,0,75,,24830,1,,,0,35,,24831,1,,,0,75,,24832,1,,,0,34,,24833,1,,,0,77,,24834,1,,,0,77,,24835,1,,,0,37,,24836,1,,,0,77,,24837,1,,,0,77,,24838,1,,,0,37,,24839,1,,,0,77,,24840,1,,,0,36,,24841,1,,,0,77,,24842,1,,,0,77,,24843,1,,,0,37,,24844,1,,,0,77,,24845,1,,,0,37,,24846,1,,,0,77,,24847,1,,,0,77,,24848,1,,,0,39,,24849,1,,,0,73,,24850,1,,,0,32,,24851,1,0,56 4 57,0
9300,'4',801,,24878,1,,,0,25,,24853,1,,,0,75,,24854,1,,,0,35,,24855,1,,,0,75,,24856,1,,,0,35,,24857,1,,,0,75,,24858,1,,,0,34,,24859,1,,,0,77,,24860,1,,,0,77,,24861,1,,,0,37,,24862,1,,,0,77,,24863,1,,,0,77,,24864,1,,,0,37,,24865,1,,,0,77,,24866,1,,,0,36,,24867,1,,,0,77,,24868,1,,,0,77,,24869,1,,,0,37,,24870,1,,,0,77,,24871,1,,,0,37,,24872,1,,,0,77,,24873,1,,,0,77,,24874,1,,,0,39,,24875,1,,,0,73,,24876,1,,,0,32,,24877,1,0,56 4 57,0
9301,'2',600,,24879,6,4,,0,45,,24880,6,4,,0,59,,24881,32,4,,0,29,,24905,32,4,,0,88,,24882,32,4,,0,37,,24883,32,4,,0,70,,24904,32,4,,0,77,,24884,32,4,,0,28,,24885,32,4,,0,25,,24886,32,4,,0,70,,24887,32,4,,0,73,,24888,32,4,,0,27,,24889,32,4,,0,30,,24890,32,4,,0,70,,24891,32,4,,0,30,,24892,32,4,,0,65,,24894,32,4,,0,5,,24893,32,4,,0,72,,24895,32,4,,0,34,,24896,32,4,,0,17,,24897,32,4,,0,74,,24898,32,4,,0,24,,24899,32,4,,0,67,,24900,32,4,,0,32,,24901,32,4,,0,72,,24907,32,4,,0,24,,24902,32,4,,0,76,,24903,32,4,,0,31,,24910,32,4,,0,70,,24911,32,4,,0,22,,24906,32,4,,0,80,,24908,32,4,,0,97,,24909,32,4,,0,25,,24913,32,4,,0,100,,24912,32,4,,0,70,,24914,32,4,,0
9301,'3',840,,24915,32,4,,0,65,,24916,32,4,,0,25,,24917,32,4,,0,25,,24918,32,4,,0,65,,24919,32,4,,0,33,,24920,32,4,,0,70,,24921,32,4,,0,30,,24922,32,4,,0,70,,24923,32,4,,0,79,,24924,32,4,,0,30,,24925,32,4,,0,70,,24926,32,4,,0,40,,24927,32,4,,0,70,,24928,32,4,,0,30,,24929,32,4,,0,80,,24930,32,4,,0,30,,24931,32,4,,0,70,,24932,32,4,,0,31,,24933,32,4,,0,65,,24934,32,4,,0,25,,24935,32,4,,0,62,,24936,32,4,,0,25,,24937,32,4,,0,25,,24938,32,4,,0,65,,24939,32,4,,0,25,,24940,32,4,,0,65,,24941,32,4,,0,25,,24942,32,4,,0,16,,24943,32,4,,0,65,,24944,32,4,,0,25,,24945,32,4,,0,65,,24946,32,4,,0,35,,24947,32,4,,0,65,,24948,32,4,,0,25,,24949,32,4,,0
9301,'30',826,,24974,6,4,,0,32,,24950,32,4,,0,71,,24951,32,4,,0,75,,24952,32,4,,0,35,,24953,32,4,,0,75,,24954,32,4,,0,35,,24955,32,4,,0,77,,24956,32,4,,0,77,,24957,32,4,,0,37,,24958,32,4,,0,77,,24959,32,4,,0,37,,24960,32,4,,0,77,,24961,32,4,,0,77,,24962,32,4,,0,37,,24963,32,4,,0,76,,24964,32,4,,0,37,,24965,32,4,,0,77,,24966,32,4,,0,77,,24967,32,4,,0,37,,24968,32,4,,0,77,,24969,32,4,,0,77,,24970,32,4,,0,37,,24971,32,4,,0,76,,24972,32,4,,0,37,,24973,32,4,,0
9301,'4',826,,24999,6,4,,0,32,,24975,32,4,,0,71,,24976,32,4,,0,75,,24977,32,4,,0,35,,24978,32,4,,0,75,,24979,32,4,,0,35,,24980,32,4,,0,77,,24981,32,4,,0,77,,24982,32,4,,0,37,,24983,32,4,,0,77,,24984,32,4,,0,37,,24985,32,4,,0,77,,24986,32,4,,0,77,,24987,32,4,,0,37,,24988,32,4,,0,76,,24989,32,4,,0,37,,24990,32,4,,0,77,,24991,32,4,,0,77,,24992,32,4,,0,37,,24993,32,4,,0,77,,24994,32,4,,0,77,,24995,32,4,,0,37,,24996,32,4,,0,76,,24997,32,4,,0,37,,24998,32,4,,0
