'2',2500,62900,4,'',0,2200,4,'',0,6800,4,'',0,2800,4,'',0,6600,4,'',0,2000,4,'',0,2000,4,'',0,6000,4,'',0,2000,4,'',0,2000,4,'',0,6000,4,'',0,2000,4,'',0,2000,4,'',0,6000,4,'',0,2000,4,'',0,2000,4,'',0,6000,4,'',0,2000,4,'',0,2000,4,'',0,6000,4,'',0,2000,4,'',0,2000,4,'',0,6000,4,'',0,2500,4,'',0,2000,4,'',0,6000,4,'',0,2000,4,'',0,2000,4,'',0,6000,4,'',0,2200,4,'',0,6100,4,'',0,2100,4,'',0,2100,4,'',0,6100,4,'',0,2100,4,'',0,1400,4,'',0,2000,4,'',0,6000,4,'',0,2000,4,'',0,2000,4,'',0,6000,4,'',0,2000,4,'',0,1400,4,'',0,6000,4,'',0,1900,4,'',0,2500,4,'',0,6500,4,'',0,2500,4,'',0,6500,4,'',0,2500,4,'',0,6500,4,'',0
'2',2501,60600,,'',0,2400,,'',0,7000,,'',0,2000,,'',0,2000,,'',0,6000,,'',0,2000,,'',0,2000,,'',0,6000,,'',0,2000,,'',0,2000,,'',0,6000,,'',0,2000,,'',0,2000,,'',0,6000,,'',0,2000,,'',0,2000,,'',0,6000,,'',0,2000,,'',0,2000,,'',0,6000,,'',0,2000,,'',0,2000,,'',0,6000,,'',0,2000,,'',0,2000,,'',0,6000,,'',0,2000,,'',0,2000,,'',0,6100,,'',0,2100,,'',0,2100,,'',0,6100,,'',0,2100,,'',0,2100,,'',0,6000,,'',0,2000,,'',0,2000,,'',0,6000,,'',0,2000,,'',0,2000,,'',0,6000,,'',0,2000,,'',0,2000,,'',0,7000,,'',0,2400,,'',0,6500,,'',0,2500,,'',0,2500,,'',0,6500,,'',0,2100,,'',0
'3',2500,64500,4,'',0,6300,4,'',0,2400,4,'',0,2500,4,'',0,6600,4,'',0,2400,4,'',0,6700,4,'',0,2600,4,'',0,7000,4,'',0,2300,4,'',0,7000,4,'',0,2700,4,'',0,7000,4,'',0,2800,4,'',0,2500,4,'',0,7000,4,'',0,2500,4,'',0,7000,4,'',0,2700,4,'',0,7000,4,'',0,3000,4,'',0,7000,4,'',0,3000,4,'',0,7000,4,'',0,3000,4,'',0,6900,4,'',0,2800,4,'',0,7000,4,'',0,3000,4,'',0,6800,4,'',0,2700,4,'',0,6800,4,'',0,2500,4,'',0,2500,4,'',0,6500,4,'',0,2500,4,'',0,6500,4,'',0
'3',2501,62000,,'',0,2500,,'',0,6600,,'',0,2500,,'',0,6500,,'',0,2600,,'',0,2700,,'',0,6700,,'',0,2500,,'',0,7000,,'',0,2500,,'',0,7000,,'',0,2400,,'',0,6600,,'',0,3000,,'',0,2500,,'',0,7000,,'',0,2600,,'',0,6900,,'',0,3000,,'',0,7000,,'',0,3000,,'',0,7000,,'',0,3000,,'',0,7000,,'',0,3000,,'',0,7000,,'',0,3000,,'',0,6400,,'',0,3100,,'',0,6700,,'',0,2900,,'',0,6700,,'',0,2700,,'',0,6500,,'',0,2500,,'',0,2500,,'',0,6200,,'',0
'30',2500,90700,4,'',0,2500,4,'',0,7000,4,'',0,3000,4,'',0,7000,4,'',0,3000,4,'',0,7000,4,'',0,3000,4,'',0,7000,4,'',0,3000,4,'',0,7000,4,'',0,3000,4,'',0,7000,4,'',0,3000,4,'',0,2700,4,'',0,6700,4,'',0,2700,4,'',0,6700,4,'',0,2200,4,'',0,6700,4,'',0,2700,4,'',0,6400,4,'',0,3000,4,'',0,2800,4,'',0,7000,4,'',0,7300,4,'',0,3000,4,'',0,7000,4,'',0,2500,4,'',0,3000,4,'',0
'30',2501,91000,,'',0,3500,,'',0,6500,,'',0,3000,,'',0,7000,,'',0,3000,,'',0,7000,,'',0,3000,,'',0,7000,,'',0,3000,,'',0,7000,,'',0,3000,,'',0,6800,,'',0,2700,,'',0,6700,,'',0,2700,,'',0,2700,,'',0,6700,,'',0,2700,,'',0,6700,,'',0,2700,,'',0,6500,,'',0,3000,,'',0,7000,,'',0,3000,,'',0,7200,,'',0,3100,,'',0,6900,,'',0,1500,,'',0,8200,,'',0
'4',2500,90700,4,'',0,2500,4,'',0,7000,4,'',0,3000,4,'',0,7000,4,'',0,3000,4,'',0,7000,4,'',0,3000,4,'',0,7000,4,'',0,3000,4,'',0,7000,4,'',0,3000,4,'',0,7000,4,'',0,3000,4,'',0,2700,4,'',0,6700,4,'',0,2700,4,'',0,6700,4,'',0,2200,4,'',0,6700,4,'',0,2700,4,'',0,6400,4,'',0,3000,4,'',0,2800,4,'',0,7000,4,'',0,7300,4,'',0,3000,4,'',0,7000,4,'',0,2500,4,'',0,3000,4,'',0
'4',2501,91000,,'',0,3500,,'',0,6500,,'',0,3000,,'',0,7000,,'',0,3000,,'',0,7000,,'',0,3000,,'',0,7000,,'',0,3000,,'',0,7000,,'',0,3000,,'',0,6800,,'',0,2700,,'',0,6700,,'',0,2700,,'',0,2700,,'',0,6700,,'',0,2700,,'',0,6700,,'',0,2700,,'',0,6500,,'',0,3000,,'',0,7000,,'',0,3000,,'',0,7200,,'',0,3100,,'',0,6900,,'',0,1500,,'',0,8200,,'',0
'5',2500,90700,4,'',0,2500,4,'',0,7000,4,'',0,3000,4,'',0,7000,4,'',0,3000,4,'',0,7000,4,'',0,3000,4,'',0,7000,4,'',0,3000,4,'',0,7000,4,'',0,3000,4,'',0,7000,4,'',0,3000,4,'',0,2700,4,'',0,6700,4,'',0,2700,4,'',0,6700,4,'',0,2200,4,'',0,6700,4,'',0,2700,4,'',0,6400,4,'',0,3000,4,'',0,2800,4,'',0,7000,4,'',0,7300,4,'',0,3000,4,'',0,7000,4,'',0,2500,4,'',0,3000,4,'',0
'5',2501,91000,,'',0,3500,,'',0,6500,,'',0,3000,,'',0,7000,,'',0,3000,,'',0,7000,,'',0,3000,,'',0,7000,,'',0,3000,,'',0,7000,,'',0,3000,,'',0,6800,,'',0,2700,,'',0,6700,,'',0,2700,,'',0,2700,,'',0,6700,,'',0,2700,,'',0,6700,,'',0,2700,,'',0,6500,,'',0,3000,,'',0,7000,,'',0,3000,,'',0,7200,,'',0,3100,,'',0,6900,,'',0,1500,,'',0,8200,,'',0
'6',2500,90900,4,'',0,4500,4,'',0,8500,4,'',0,8500,4,'',0,9000,4,'',0,8600,4,'',0,10000,4,'',0,5000,4,'',0,9200,4,'',0,9000,4,'',0,9000,4,'',0,9500,4,'',0,8500,4,'',0,4500,4,'',0,9000,4,'',0,9000,4,'',0,9000,4,'',0,8900,4,'',0
'6',2501,91500,,'',0,8500,,'',0,4500,,'',0,8500,,'',0,8500,,'',0,10000,,'',0,9000,,'',0,5000,,'',0,9000,,'',0,9000,,'',0,10000,,'',0,8500,,'',0,8500,,'',0,5000,,'',0,9000,,'',0,8500,,'',0,9000,,'',0,8800,,'',0
'8',2500,62900,4,'',0,2200,4,'',0,6800,4,'',0,2800,4,'',0,6600,4,'',0,2000,4,'',0,2000,4,'',0,6000,4,'',0,2000,4,'',0,2000,4,'',0,6000,4,'',0,2000,4,'',0,2000,4,'',0,6000,4,'',0,2000,4,'',0,2000,4,'',0,6000,4,'',0,2000,4,'',0,2000,4,'',0,6000,4,'',0,2000,4,'',0,2000,4,'',0,6000,4,'',0,2500,4,'',0,2000,4,'',0,6000,4,'',0,2000,4,'',0,2000,4,'',0,6000,4,'',0,2200,4,'',0,6100,4,'',0,2100,4,'',0,2100,4,'',0,6100,4,'',0,2100,4,'',0,1400,4,'',0,2000,4,'',0,6000,4,'',0,2000,4,'',0,2000,4,'',0,6000,4,'',0,2000,4,'',0,1400,4,'',0,6000,4,'',0,1900,4,'',0,2500,4,'',0,6500,4,'',0,2500,4,'',0,6500,4,'',0,2500,4,'',0,6500,4,'',0,2500,4,'',0,2500,4,'',0,6500,4,'',0
'8',2501,60600,,'',0,2400,,'',0,7000,,'',0,2000,,'',0,2000,,'',0,6000,,'',0,2000,,'',0,2000,,'',0,6000,,'',0,2000,,'',0,2000,,'',0,6000,,'',0,2000,,'',0,2000,,'',0,6000,,'',0,2000,,'',0,2000,,'',0,6000,,'',0,2000,,'',0,2000,,'',0,6000,,'',0,2000,,'',0,2000,,'',0,6000,,'',0,2000,,'',0,2000,,'',0,6000,,'',0,2000,,'',0,2000,,'',0,6100,,'',0,2100,,'',0,2100,,'',0,6100,,'',0,2100,,'',0,2100,,'',0,6000,,'',0,2000,,'',0,2000,,'',0,6000,,'',0,2000,,'',0,2000,,'',0,6000,,'',0,2000,,'',0,2000,,'',0,7000,,'',0,2400,,'',0,6500,,'',0,2500,,'',0,2500,,'',0,6500,,'',0,2500,,'',0,6500,,'',0,2500,,'',0,6500,,'',0,2000,,'',0
'2',3400,60000,,'',0,4000,,'',0,7000,,'',0,4000,,'',0,8200,,'',0,8300,,'',0,4000,,'',0,8000,,'',0,8000,,'',0,8500,,'',0,4000,,'',0,8000,,'',0,8000,,'',0,4000,,'',0,8000,,'',0,8000,,'',0,4000,,'',0,8000,,'',0,8000,,'',0,4000,,'',0,8000,,'',0,8000,,'',0,4000,,'',0,8000,,'',0,8000,,'',0,4000,,'',0,8000,,'',0,3100,0,'Stackhouse & Fanshawe Pk Rd',0,8000,0,'Stackhouse & Fanshawe Pk Rd',0
'2',3401,62500,4,'',0,8400,4,'',0,4100,4,'',0,8000,4,'',0,8300,4,'',0,4100,4,'',0,8100,4,'',0,8000,4,'',0,8500,4,'',0,4000,4,'',0,8000,4,'',0,8000,4,'',0,4000,4,'',0,8000,4,'',0,8000,4,'',0,4000,4,'',0,8000,4,'',0,8000,4,'',0,4000,4,'',0,8000,4,'',0,3700,4,'',0,7800,4,'',0,8000,4,'',0,3500,4,'',0,8000,4,'',0,8000,4,'',0,4100,4,'',0,8000,4,'',0
'3',3400,75000,,'',0,8000,,'',0,8000,,'',0,4000,,'',0,8000,,'',0,8000,,'',0,4000,,'',0,8000,,'',0,8000,,'',0,4000,,'',0,8000,,'',0,8000,,'',0,4000,,'',0,8000,,'',0,8000,,'',0,4000,,'',0,8000,,'',0,8000,,'',0,4000,,'',0,8000,,'',0,8000,,'',0,4000,,'',0,8000,,'',0
'3',3401,85300,4,'',0,7600,4,'',0,8100,4,'',0,4000,4,'',0,8500,4,'',0,8500,4,'',0,8100,4,'',0,4000,4,'',0,8000,4,'',0,8000,4,'',0,4000,4,'',0,8000,4,'',0,8000,4,'',0,4000,4,'',0,7800,4,'',0,4000,4,'',0,8000,4,'',0,7900,4,'',0,4000,4,'',0,7900,4,'',0,8000,4,'',0,4000,4,'',0,8000,4,'',0
'30',3400,100000,,'',0,4000,,'',0,8000,,'',0,8000,,'',0,4000,,'',0,8000,,'',0,8000,,'',0,4000,,'',0,8000,,'',0,8000,,'',0,4000,,'',0,8000,,'',0,8000,,'',0,4000,,'',0,8000,,'',0,8000,,'',0,4000,,'',0
'30',3401,115000,4,'',0,8000,4,'',0,8000,4,'',0,4000,4,'',0,8000,4,'',0,8000,4,'',0,4000,4,'',0,8000,4,'',0,7800,4,'',0,4000,4,'',0,8000,4,'',0,8000,4,'',0,4000,4,'',0,8000,4,'',0,8000,4,'',0
'4',3400,100000,,'',0,4000,,'',0,8000,,'',0,8000,,'',0,4000,,'',0,8000,,'',0,8000,,'',0,4000,,'',0,8000,,'',0,8000,,'',0,4000,,'',0,8000,,'',0,8000,,'',0,4000,,'',0,8000,,'',0,8000,,'',0,4000,,'',0
'4',3401,115000,4,'',0,8000,4,'',0,8000,4,'',0,4000,4,'',0,8000,4,'',0,8000,4,'',0,4000,4,'',0,8000,4,'',0,7800,4,'',0,4000,4,'',0,8000,4,'',0,8000,4,'',0,4000,4,'',0,8000,4,'',0,8000,4,'',0
'5',3400,100000,,'',0,4000,,'',0,8000,,'',0,8000,,'',0,4000,,'',0,8000,,'',0,8000,,'',0,4000,,'',0,8000,,'',0,8000,,'',0,4000,,'',0,8000,,'',0,8000,,'',0,4000,,'',0,8000,,'',0,8000,,'',0,4000,,'',0
'5',3401,115000,4,'',0,8000,4,'',0,8000,4,'',0,4000,4,'',0,8000,4,'',0,8000,4,'',0,4000,4,'',0,8000,4,'',0,7800,4,'',0,4000,4,'',0,8000,4,'',0,8000,4,'',0,4000,4,'',0,8000,4,'',0,8000,4,'',0
'6',3400,100000,,'',0,4000,,'',0,8000,,'',0,8000,,'',0,4000,,'',0,8000,,'',0,8000,,'',0,4000,,'',0,8000,,'',0,8000,,'',0,4000,,'',0,8000,,'',0,8000,,'',0,4000,,'',0,8000,,'',0,8000,,'',0,4000,,'',0
'6',3401,115000,4,'',0,8000,4,'',0,8000,4,'',0,4000,4,'',0,8000,4,'',0,8000,4,'',0,4000,4,'',0,8000,4,'',0,7800,4,'',0,4000,4,'',0,8000,4,'',0,8000,4,'',0,4000,4,'',0,8000,4,'',0,8000,4,'',0
'8',3400,60000,,'',0,4000,,'',0,7000,,'',0,4000,,'',0,8200,,'',0,8300,,'',0,4000,,'',0,8000,,'',0,8000,,'',0,8500,,'',0,4000,,'',0,8000,,'',0,8000,,'',0,4000,,'',0,8000,,'',0,8000,,'',0,4000,,'',0,8000,,'',0,8000,,'',0,4000,,'',0,8000,,'',0,8000,,'',0,4000,,'',0,8000,,'',0,8000,,'',0,4000,,'',0,8000,,'',0,8000,,'',0,4000,,'',0
'8',3401,62500,4,'',0,8400,4,'',0,4100,4,'',0,8000,4,'',0,8300,4,'',0,4100,4,'',0,8100,4,'',0,8000,4,'',0,8500,4,'',0,4000,4,'',0,8000,4,'',0,8000,4,'',0,4000,4,'',0,8000,4,'',0,8000,4,'',0,4000,4,'',0,8000,4,'',0,8000,4,'',0,4000,4,'',0,8000,4,'',0,3700,4,'',0,7800,4,'',0,8000,4,'',0,3500,4,'',0,8000,4,'',0,8000,4,'',0,4100,4,'',0,8000,4,'',0,8200,4,'',0
