1600,'2',545,,4064,,,0,58,,3999,,,0,18,,4000,,,0,18,,4001,,,0,18,,4003,,,0,55,,4004,,,0,15,,4005,,,0,15,,4006,,,0,15,,4007,,,0,55,,4008,,,0,10,,4009,0,7 4 8,0,15,,4010,,,0,19,,4011,,,0,51,,4012,,,0,17,,4013,,,0,17,,4014,,,0,17,,4015,,,0,57,,4016,,,0,17,,4017,,,0,17,,4018,,,0,57,,4019,,,0,17,,4020,,,0,16,,4021,,,0,15,,4022,,,0,55,,4023,,,0,7,,4024,,,0,15,,4025,,,0,15,,4026,,,0,55,,4027,,,0,15,,4028,,,0,15,,4029,,,0,6,,4030,,,0,14,,4031,,,0,54,,4032,,,0,14,,4033,,,0,14,,4034,,,0,14,,4035,,,0,54,,4036,,,0,14,,4037,,,0,14,,4038,,,0,9,,4039,,,0,14,,4040,,,0,54,,4041,,,0,14,,4042,,,0,14,,4043,,,0,14,,4044,,,0,54,,4056,,,0,14,,4045,,,0,19,,4057,,,0,18,,4046,,,0,60,,4047,,,0,25,,4048,,,0,20,,4049,,,0,60,,4050,,,0,20,,4051,,,0,20,,4052,,,0,60,,4053,,,0,20,,4054,,,0,19,,4055,,,0,63,,4058,,,0,21,,4059,,,0,65,,4060,,,0,25,,4061,,,0,25,,4062,,,0,65,,4063,,,0,25,,4066,,,0,65,,4067,,,0,26,,4068,0,7 4 8,0,65,,4069,0,7 4 8,0
1600,'3',609,,4070,,,0,25,,4071,,,0,20,,4072,,,0,65,,4073,,,0,25,,4074,,,0,64,,4075,,,0,25,,4076,,,0,25,,4077,,,0,64,,4078,,,0,22,,4079,,,0,59,,4080,,,0,11,,4081,,,0,21,,4082,,,0,21,,4083,,,0,61,,4084,,,0,21,,4085,,,0,14,,4086,,,0,50,,4087,,,0,15,,4088,,,0,15,,4089,,,0,15,,4090,,,0,55,,4091,,,0,15,,4092,,,0,15,,4093,,,0,15,,4094,,,0,54,,4095,,,0,15,,4096,,,0,15,,4097,,,0,15,,4098,,,0,55,,4099,,,0,15,,4100,,,0,15,,4101,,,0,15,,4102,,,0,55,,4103,,,0,15,,4104,,,0,15,,4105,,,0,15,,4106,,,0,55,,4107,,,0,15,,4108,0,7 4 8,0,15,,4109,,,0,21,,4110,,,0,4,,4131,0,5 3 9,0,56,,4111,,,0,16,,4112,,,0,20,,4113,,,0,60,,4114,,,0,20,,4115,,,0,20,,4116,,,0,60,,4117,,,0,20,,4118,0,7 4 8,0,17,,4119,,,0,62,,4120,,,0,22,,4121,,,0,25,,4122,,,0,65,,4123,,,0,25,,4124,,,0,65,,4125,,,0,25,,4126,,,0,16,,4130,0,5 3 9,0,65,,4127,,,0,37,,4128,0,7 4 8,0,60,,4129,0,5 3 9,0
1600,'30',650,,4133,,,0,75,,4134,,,0,75,,4135,,,0,35,,4136,,,0,16,,4137,,,0,65,,4138,,,0,30,,4139,,,0,70,,4140,,,0,30,,4141,,,0,70,,4142,,,0,26,,4144,,,0,64,,4145,,,0,22,,4143,,,0,22,,4146,,,0,62,,4147,,,0,22,,4148,,,0,22,,4149,,,0,62,,4150,,,0,22,,4151,,,0,62,,4152,,,0,22,,4153,,,0,22,,4154,,,0,62,,4155,,,0,22,,4156,,,0,22,,4157,,,0,59,,4158,0,5 3 9,0,20,,4159,,,0,70,,4160,,,0,30,,4161,,,0,70,,4162,,,0,30,,4169,,,0,70,,4163,,,0,30,,4164,,,0,70,,4165,,,0,30,,4166,,,0,69,,4167,,,0,30,,4168,,,0,17,,4171,0,5 3 9,0,70,,4172,0,5 3 9,0
1600,'4',650,,4173,,,0,75,,4174,,,0,75,,4175,,,0,35,,4176,,,0,16,,4177,,,0,65,,4178,,,0,30,,4179,,,0,70,,4180,,,0,30,,4181,,,0,70,,4182,,,0,26,,4184,,,0,64,,4185,,,0,22,,4183,,,0,22,,4186,,,0,62,,4187,,,0,22,,4188,,,0,22,,4189,,,0,62,,4190,,,0,22,,4191,,,0,62,,4192,,,0,22,,4193,,,0,22,,4194,,,0,62,,4195,,,0,22,,4196,,,0,22,,4197,,,0,59,,4198,0,5 3 9,0,20,,4199,,,0,70,,4200,,,0,30,,4201,,,0,70,,4202,,,0,30,,4209,,,0,70,,4203,,,0,30,,4204,,,0,70,,4205,,,0,30,,4206,,,0,69,,4207,,,0,30,,4208,,,0,17,,4211,0,5 3 9,0,70,,4212,0,5 3 9,0
2501,'2',606,,5692,,,0,24,,5693,,,0,70,,5694,,,0,20,,5695,,,0,20,,5696,,,0,60,,5697,,,0,20,,5698,,,0,20,,5699,,,0,60,,5700,,,0,20,,5701,,,0,20,,5702,,,0,60,,5703,,,0,20,,5704,,,0,20,,5705,,,0,60,,5706,,,0,20,,5707,,,0,20,,5708,,,0,60,,5709,,,0,20,,5710,,,0,20,,5711,,,0,60,,5712,,,0,20,,5713,,,0,20,,5714,,,0,61,,5715,,,0,20,,5716,,,0,20,,5717,,,0,60,,5718,,,0,20,,5719,,,0,20,,5720,,,0,61,,5721,,,0,21,,5722,,,0,21,,5723,,,0,61,,5724,,,0,21,,5725,,,0,21,,5726,,,0,59,,5727,,,0,20,,5728,,,0,20,,5729,,,0,60,,5730,,,0,20,,5731,,,0,20,,5732,,,0,60,,5733,,,0,20,,5734,,,0,20,,5735,,,0,70,,5736,,,0,24,,5737,,,0,65,,5738,,,0,25,,5739,,,0,25,,5740,,,0,65,,5741,,,0,21,,5742,,,0
2501,'3',620,,5776,,,0,25,,5743,,,0,66,,5775,,,0,25,,5744,,,0,65,,5774,,,0,26,,5745,,,0,27,,5746,,,0,67,,5747,,,0,25,,5748,,,0,70,,5749,,,0,25,,5750,,,0,70,,5751,,,0,24,,5752,,,0,67,,5753,,,0,30,,5754,,,0,25,,5755,,,0,70,,5756,,,0,26,,5757,,,0,69,,5758,,,0,30,,5759,,,0,70,,5760,,,0,30,,5761,,,0,70,,5762,,,0,30,,5763,,,0,70,,5764,,,0,30,,5765,,,0,70,,5766,,,0,30,,5767,,,0,64,,5773,,,0,31,,5768,,,0,67,,5777,,,0,29,,5769,,,0,66,,5778,,,0,27,,5770,,,0,65,,5779,,,0,25,,5771,,,0,25,,5780,,,0,62,,5772,,,0
2501,'30',910,,5788,,,0,35,,5797,,,0,65,,5798,,,0,30,,5799,,,0,70,,5800,,,0,30,,5801,,,0,70,,5802,,,0,30,,5803,,,0,70,,5804,,,0,30,,5805,,,0,70,,5806,,,0,30,,5807,,,0,68,,5789,,,0,27,,5787,,,0,67,,5790,,,0,27,,5786,,,0,27,,5791,,,0,67,,5785,,,0,27,,5792,,,0,67,,5784,,,0,27,,5793,,,0,65,,5796,,,0,30,,5794,,,0,70,,5808,,,0,30,,5783,,,0,72,,5809,,,0,31,,5782,,,0,69,,5810,,,0,15,,5781,,,0,82,,5795,,,0
2501,'4',910,,5818,,,0,35,,5827,,,0,65,,5828,,,0,30,,5829,,,0,70,,5830,,,0,30,,5831,,,0,70,,5832,,,0,30,,5833,,,0,70,,5834,,,0,30,,5835,,,0,70,,5836,,,0,30,,5837,,,0,68,,5819,,,0,27,,5817,,,0,67,,5820,,,0,27,,5816,,,0,27,,5821,,,0,67,,5815,,,0,27,,5822,,,0,67,,5814,,,0,27,,5823,,,0,65,,5826,,,0,30,,5824,,,0,70,,5838,,,0,30,,5813,,,0,72,,5839,,,0,31,,5812,,,0,69,,5840,,,0,15,,5811,,,0,82,,5825,,,0
3400,'2',600,,6561,0,14,0,40,,6562,0,14,0,71,,6577,0,14,0,40,,6572,0,14,0,82,,6571,0,14,0,83,,6573,0,14,0,40,,6563,0,14,0,80,,6564,0,14,0,80,,6565,0,14,0,85,,6566,0,14,0,40,,6567,0,14,0,80,,6568,0,14,0,80,,6569,0,14,0,40,,6570,0,14,0,80,,6578,0,14,0,80,,6579,0,14,0,40,,6580,0,14,0,80,,6581,0,14,0,80,,6582,0,14,0,40,,6583,0,14,0,80,,6589,0,14,0,80,,6584,0,14,0,40,,6585,0,14,0,80,,6586,0,14,0,80,,6588,0,14,0,40,,6587,0,14,0,79,,6574,0,14,0
3400,'3',750,,6599,0,14,0,80,,6597,0,14,0,80,,6598,0,14,0,40,,6590,0,14,0,81,,6591,0,14,0,80,,6592,0,14,0,40,,6593,0,14,0,80,,6594,0,14,0,80,,6595,0,14,0,40,,6596,0,14,0,80,,6600,0,14,0,80,,6601,0,14,0,40,,6602,0,14,0,80,,6603,0,14,0,80,,6604,0,14,0,40,,6605,0,14,0,80,,6606,0,14,0,80,,6607,0,14,0,40,,6608,0,14,0,80,,6609,0,14,0,80,,6610,0,14,0,40,,6611,0,14,0,80,,6612,0,14,0
3400,'30',1001,,6613,0,14,0,40,,6614,0,14,0,80,,6615,0,14,0,80,,6616,0,14,0,40,,6617,0,14,0,80,,6618,0,14,0,80,,6619,0,14,0,40,,6620,0,14,0,80,,6621,0,14,0,80,,6622,0,14,0,40,,6623,0,14,0,80,,6624,0,14,0,80,,6625,0,14,0,40,,6626,0,14,0,80,,6627,0,14,0,80,,6628,0,14,0,40,,6629,0,14,0
3400,'4',1001,,6630,0,14,0,40,,6631,0,14,0,80,,6632,0,14,0,80,,6633,0,14,0,40,,6634,0,14,0,80,,6635,0,14,0,80,,6636,0,14,0,40,,6637,0,14,0,80,,6638,0,14,0,80,,6639,0,14,0,40,,6640,0,14,0,80,,6641,0,14,0,80,,6642,0,14,0,40,,6643,0,14,0,80,,6644,0,14,0,80,,6645,0,14,0,40,,6646,0,14,0
