700,'2',604,,19286,2,,,0,27,,19287,2,,,0,25,,19288,2,,,0,60,,19289,2,,,0,20,,19290,2,,,0,20,,19291,2,,,0,60,,19292,2,,,0,21,,19293,2,,,0,66,,19294,2,,,0,30,,19295,2,,,0,70,,19296,2,,,0,25,,19297,2,,,0,30,,19298,2,,,0,70,,19299,2,,,0,29,,19300,2,,,0,70,,19301,2,,,0,30,,19302,2,,,0,70,,19304,2,,,0,25,,19305,2,,,0,60,,19306,2,,,0,20,,19307,2,,,0,20,,19308,2,,,0,60,,19309,2,,,0,20,,19310,2,,,0,19,,19311,2,,,0,60,,19312,2,,,0,20,,19313,2,,,0,25,,19314,2,,,0,55,,19315,2,,,0,20,,19316,2,,,0,28,,19317,2,,,0,65,,19318,2,,,0,25,,19319,2,,,0,65,,19320,2,,,0,25,,19321,2,,,0,65,,19322,2,,,0,25,,19323,2,,,0,79,,19324,2,,,0,30,,19325,2,,,0,70,,19326,2,,,0,30,,19327,2,,,0,70,,19328,2,,,0,27,,19329,2,,,0
700,'3',609,,19365,2,,,0,29,,19366,2,,,0,70,,19364,2,,,0,39,,19330,2,,,0,66,,19363,2,,,0,30,,19331,2,,,0,65,,19332,2,,,0,25,,19333,2,,,0,71,,19334,2,,,0,30,,19335,2,,,0,25,,19336,2,,,0,65,,19337,2,,,0,29,,19338,2,,,0,70,,19339,2,,,0,30,,19340,2,,,0,65,,19341,2,,,0,30,,19342,2,,,0,70,,19343,2,,,0,30,,19344,2,,,0,70,,19345,2,,,0,30,,19346,2,,,0,70,,19347,2,,,0,30,,19348,2,,,0,70,,19349,2,,,0,26,,19350,2,,,0,71,,19351,2,,,0,30,,19352,2,,,0,70,,19353,2,,,0,25,,19354,2,,,0,70,,19355,2,,,0,31,,19356,2,,,0,71,,19357,2,,,0,28,,19358,2,,,0,72,,19359,2,,,0,30,,19360,2,,,0,70,,19361,2,,,0,30,,19362,2,,,0
700,'30',839,,19368,2,,,0,85,,19370,2,,,0,30,,19371,2,,,0,70,,19372,2,,,0,25,,19373,2,,,0,65,,19374,2,,,0,29,,19375,2,,,0,70,,19376,2,,,0,30,,19377,2,,,0,65,,19378,2,,,0,30,,19379,2,,,0,70,,19380,2,,,0,30,,19381,2,,,0,65,,19382,2,,,0,30,,19383,2,,,0,70,,19384,2,,,0,22,,19385,2,,,0,30,,19386,2,,,0,70,,19387,2,,,0,30,,19388,2,,,0,70,,19389,2,,,0,30,,19390,2,,,0,70,,19391,2,,,0,30,,19392,2,,,0,70,,19393,2,,,0,30,,19394,2,,,0,70,,19395,2,,,0,33,,19397,2,,,0,85,,19396,2,,,0
700,'4',839,,19399,2,,,0,85,,19401,2,,,0,30,,19402,2,,,0,70,,19403,2,,,0,25,,19404,2,,,0,65,,19405,2,,,0,29,,19406,2,,,0,70,,19407,2,,,0,30,,19408,2,,,0,65,,19409,2,,,0,30,,19410,2,,,0,70,,19411,2,,,0,30,,19412,2,,,0,65,,19413,2,,,0,30,,19414,2,,,0,70,,19415,2,,,0,22,,19416,2,,,0,30,,19417,2,,,0,70,,19418,2,,,0,30,,19419,2,,,0,70,,19420,2,,,0,30,,19421,2,,,0,70,,19422,2,,,0,30,,19423,2,,,0,70,,19424,2,,,0,30,,19425,2,,,0,70,,19426,2,,,0,33,,19428,2,,,0,85,,19427,2,,,0
1000,'2',610,,19941,50,,,0,15,,19942,50,,,0,15,,19943,65,,,0,15,,19944,50,,,0,55,,19952,65,,,0,15,,19953,50,,,0,20,,19951,65,,,0,55,,19954,50,,,0,18,,19945,65,,,0,19,,19991,65,,,0,17,,19946,65,,,0,54,,19992,65,,,0,15,,19950,65,,,0,18,,19949,65,,,0,69,,19947,65,,,0,30,,19958,65,,,0,70,,19957,65,,,0,30,,19956,65,,,0,70,,19955,65,,,0,32,,19962,65,,,0,14,,19963,50,,,0,66,,19961,65,,,0,14,,19995,50,,,0,16,,19960,65,,,0,60,,19959,65,,,0,14,,19996,50,,,0,19,,19965,65,,,0,63,,19964,65,,,0,18,,19993,65,,,0,16,,19966,65,,,0,15,,19994,65,,,0,59,,19967,65,,,0,16,,19974,65,,,0,14,,19968,65,,,0,56,,19969,65,,,0,16,,19970,65,,,0,18,,19971,65,,,0,15,,19972,65,,,0,55,,19997,65,,,0,12,,19973,65,,,0,33,,19975,65,,,0,56,,19976,65,,,0,33,,19977,65,,,0,73,,19978,65,,,0,30,,19979,65,,,0,70,,19980,65,,,0,35,,19981,65,,,0,65,,19982,65,,,0,38,,19983,65,,,0,73,,19984,65,,,0,30,,19985,65,,,0,75,,19986,65,,,0,75,,19987,65,,,0,30,,19988,65,,,0
1000,'3',618,,20013,50,,,0,35,,20010,50,,,0,75,,20011,65,,,0,75,,20012,65,,,0,37,,20014,65,,,0,70,,20015,65,,,0,15,,20016,65,,,0,30,,20017,65,,,0,72,,20018,65,,,0,30,,20019,65,,,0,70,,20020,65,,,0,30,,20021,65,,,0,81,,20022,65,,,0,70,,20023,65,,,0,30,,20024,65,,,0,70,,20025,65,,,0,31,,20026,65,,,0,70,,20027,65,,,0,30,,20028,65,,,0,65,,20029,65,,,0,12,,20030,65,,,0,30,,20031,65,,,0,70,,20032,65,,,0,30,,20033,65,,,0,67,,20034,65,,,0,28,,20035,65,,,0,65,,20036,65,,,0,30,,20037,65,,,0,70,,20038,65,,,0,30,,20039,65,,,0,70,,20040,65,,,0,30,,20044,65,,,0,65,,20045,65,,,0,25,,20046,65,,,0,25,,20047,65,,,0,65,,20048,65,,,0,30,,20049,65,,,0,62,,20050,65,,,0,47,,20051,65,,,0
1000,'30',712,,20052,50,,,0,37,,20088,65,,,0,60,,20053,65,,,0,35,,20087,65,,,0,60,,20054,65,,,0,30,,20055,65,,,0,70,,20056,65,,,0,30,,20057,65,,,0,25,,20058,65,,,0,65,,20059,65,,,0,25,,20060,65,,,0,66,,20061,65,,,0,31,,20062,65,,,0,70,,20063,65,,,0,30,,20064,65,,,0,70,,20065,65,,,0,30,,20066,65,,,0,70,,20067,65,,,0,30,,20068,65,,,0,70,,20069,65,,,0,30,,20070,65,,,0,70,,20071,65,,,0,29,,20074,65,,,0,70,,20075,65,,,0,30,,20076,65,,,0,70,,20077,65,,,0,30,,20078,65,,,0,66,,20079,65,,,0,30,,20080,65,,,0,70,,20081,65,,,0,28,,20082,65,,,0,70,,20083,65,,,0,32,,20084,65,,,0,70,,20085,65,,,0
1000,'4',712,,20089,50,,,0,37,,20125,65,,,0,60,,20090,65,,,0,35,,20124,65,,,0,60,,20091,65,,,0,30,,20092,65,,,0,70,,20093,65,,,0,30,,20094,65,,,0,25,,20095,65,,,0,65,,20096,65,,,0,25,,20097,65,,,0,66,,20098,65,,,0,31,,20099,65,,,0,70,,20100,65,,,0,30,,20101,65,,,0,70,,20102,65,,,0,30,,20103,65,,,0,70,,20104,65,,,0,30,,20105,65,,,0,70,,20106,65,,,0,30,,20107,65,,,0,70,,20108,65,,,0,29,,20111,65,,,0,70,,20112,65,,,0,30,,20113,65,,,0,70,,20114,65,,,0,30,,20115,65,,,0,66,,20116,65,,,0,30,,20117,65,,,0,70,,20118,65,,,0,28,,20119,65,,,0,70,,20120,65,,,0,32,,20121,65,,,0,70,,20122,65,,,0
2401,'2',623,,22823,9,,,0,30,,22824,9,,,0,69,,22825,9,,,0,31,,22826,9,,,0,70,,22827,9,,,0,30,,22828,9,,,0,70,,22829,9,,,0,30,,22830,9,,,0,70,,22831,9,,,0,30,,22832,9,,,0,70,,22833,9,,,0,30,,22834,9,,,0,70,,22835,9,,,0,30,,22836,9,,,0,70,,22837,9,,,0,30,,22838,9,,,0,67,,22839,9,,,0,31,,22840,9,,,0,70,,22841,9,,,0,30,,22842,9,,,0,75,,22845,9,,,0,33,,22846,9,,,0,73,,22847,9,,,0,73,,22848,9,,,0,37,,22849,9,,,0,70,,22850,9,,,0,30,,22851,9,,,0,70,,22852,9,,,0,30,,22853,9,,,0,60,,22854,9,,,0
2401,'3',651,,22870,9,,,0,80,,22869,9,,,0,80,,22855,9,,,0,40,,22856,9,,,0,80,,22863,9,,,0,80,,22857,9,,,0,38,,22864,9,,,0,82,,22858,9,,,0,75,,22865,9,,,0,44,,22859,9,,,0,86,,22866,9,,,0,87,,22860,9,,,0,85,,22867,9,,,0,44,,22861,9,,,0,86,,22868,9,,,0,84,,22862,9,,,0,80,,22872,9,,,0,44,,22873,9,,,0,80,,22874,9,,,0,84,,22875,9,,,0
2401,'30',733,,22890,9,,,0,80,,22889,9,,,0,40,,22888,9,,,0,80,,22887,9,,,0,80,,22876,9,,,0,40,,22877,9,,,0,80,,22882,9,,,0,80,,22878,9,,,0,41,,22883,9,,,0,79,,22879,9,,,0,81,,22884,9,,,0,39,,22880,9,,,0,81,,22885,9,,,0,79,,22881,9,,,0,41,,22886,9,,,0,79,,22892,9,,,0
2401,'4',733,,22907,9,,,0,80,,22906,9,,,0,40,,22905,9,,,0,80,,22904,9,,,0,80,,22893,9,,,0,40,,22894,9,,,0,80,,22899,9,,,0,80,,22895,9,,,0,41,,22900,9,,,0,79,,22896,9,,,0,81,,22901,9,,,0,39,,22897,9,,,0,81,,22902,9,,,0,79,,22898,9,,,0,41,,22903,9,,,0,79,,22909,9,,,0
