700,'2',617,,10702,19,,,0,27,,10703,19,,,0,68,,10704,19,,,0,20,,10705,19,,,0,20,,10706,19,,,0,60,,10707,19,,,0,20,,10708,19,,,0,21,,10709,19,,,0,65,,10710,19,,,0,30,,10711,19,,,0,70,,10712,19,,,0,25,,10713,19,,,0,70,,10714,19,,,0,30,,10715,19,,,0,69,,10716,19,,,0,30,,10717,19,,,0,70,,10718,19,,,0,30,,10720,19,,,0,66,,10721,19,,,0,20,,10722,19,,,0,20,,10723,19,,,0,60,,10724,19,,,0,20,,10725,19,,,0,20,,10726,19,,,0,59,,10727,19,,,0,20,,10728,19,,,0,20,,10729,19,,,0,65,,10730,19,,,0,15,,10731,19,,,0,20,,10732,19,,,0,66,,10733,19,,,0,25,,10734,19,,,0,65,,10735,19,,,0,25,,10736,19,,,0,25,,10737,19,,,0,65,,10738,19,,,0,25,,10739,19,,,0,78,,10740,19,,,0,30,,10741,19,,,0,70,,10742,19,,,0,30,,10743,19,,,0,70,,10744,19,,,0,27,,10745,19,,,0
700,'3',621,,10781,19,,,0,29,,10782,19,,,0,70,,10780,19,,,0,39,,10746,19,,,0,69,,10779,19,,,0,30,,10747,19,,,0,65,,10748,19,,,0,25,,10749,19,,,0,70,,10750,19,,,0,30,,10751,19,,,0,65,,10752,19,,,0,25,,10753,19,,,0,70,,10754,19,,,0,30,,10755,19,,,0,70,,10756,19,,,0,25,,10757,19,,,0,70,,10758,19,,,0,30,,10759,19,,,0,70,,10760,19,,,0,30,,10761,19,,,0,70,,10762,19,,,0,30,,10763,19,,,0,70,,10764,19,,,0,30,,10765,19,,,0,26,,10766,19,,,0,70,,10767,19,,,0,30,,10768,19,,,0,70,,10769,19,,,0,25,,10770,19,,,0,70,,10771,19,,,0,30,,10772,19,,,0,70,,10773,19,,,0,28,,10774,19,,,0,72,,10775,19,,,0,30,,10776,19,,,0,70,,10777,19,,,0,30,,10778,19,,,0
700,'30',854,,10784,19,,,0,85,,10786,19,,,0,70,,10787,19,,,0,30,,10788,19,,,0,65,,10789,19,,,0,25,,10790,19,,,0,29,,10791,19,,,0,70,,10792,19,,,0,30,,10793,19,,,0,65,,10794,19,,,0,30,,10795,19,,,0,70,,10796,19,,,0,30,,10797,19,,,0,65,,10798,19,,,0,30,,10799,19,,,0,70,,10800,19,,,0,22,,10801,19,,,0,69,,10802,19,,,0,30,,10803,19,,,0,70,,10804,19,,,0,30,,10805,19,,,0,70,,10806,19,,,0,30,,10807,19,,,0,70,,10808,19,,,0,30,,10809,19,,,0,70,,10810,19,,,0,30,,10811,19,,,0,71,,10813,19,,,0,45,,10812,19,,,0
700,'4',854,,10815,19,,,0,85,,10817,19,,,0,70,,10818,19,,,0,30,,10819,19,,,0,65,,10820,19,,,0,25,,10821,19,,,0,29,,10822,19,,,0,70,,10823,19,,,0,30,,10824,19,,,0,65,,10825,19,,,0,30,,10826,19,,,0,70,,10827,19,,,0,30,,10828,19,,,0,65,,10829,19,,,0,30,,10830,19,,,0,70,,10831,19,,,0,22,,10832,19,,,0,69,,10833,19,,,0,30,,10834,19,,,0,70,,10835,19,,,0,30,,10836,19,,,0,70,,10837,19,,,0,30,,10838,19,,,0,70,,10839,19,,,0,30,,10840,19,,,0,70,,10841,19,,,0,30,,10842,19,,,0,71,,10844,19,,,0,45,,10843,19,,,0
1201,'2',615,,11841,23,,,0,30,,11840,23,,,0,70,,11842,23,,,0,27,,11843,23,,,0,70,,11844,23,,,0,30,,11845,23,,,0,70,,11846,23,,,0,32,,11847,23,,,0,70,,11848,23,,,0,30,,11849,23,,,0,70,,11850,23,,,0,30,,11851,23,,,0,70,,11852,23,,,0,30,,11853,23,,,0,70,,11854,23,,,0,30,,11855,23,,,0,70,,11856,23,,,0,23,,11857,23,,,0,17,,11858,23,,,0,65,,11859,23,,,0,25,,11860,23,,,0,65,,11861,23,,,0,26,,11862,23,,,0,65,,11863,23,,,0,25,,11864,23,,,0,25,,11865,23,,,0,65,,11866,23,,,0,30,,11868,23,,,0,70,,11869,23,,,0,30,,11870,23,,,0,70,,11871,23,,,0,30,,11872,23,,,0,70,,11877,23,,,0,30,,11876,23,,,0,69,,11878,23,,,0,32,,11873,23,,,0,70,,11879,23,,,0,29,,11874,23,,,0
1201,'3',619,,11881,23,,,0,28,,11903,23,,,0,72,,11882,23,,,0,28,,11902,23,,,0,70,,11883,23,,,0,30,,11901,23,,,0,65,,11884,23,,,0,25,,11900,23,,,0,70,,11885,23,,,0,30,,11899,23,,,0,70,,11886,23,,,0,30,,11898,23,,,0,70,,11887,23,,,0,35,,11897,23,,,0,75,,11888,23,,,0,35,,11889,23,,,0,75,,11890,23,,,0,75,,11891,23,,,0,35,,11892,23,,,0,75,,11893,23,,,0,35,,11894,23,,,0,77,,11895,23,,,0,25,,11896,23,,,0,73,,11904,23,,,0,27,,11910,23,,,0,73,,11905,23,,,0,27,,11911,23,,,0,73,,11906,23,,,0,27,,11912,23,,,0,72,,11907,23,,,0,27,,11913,23,,,0,73,,11908,23,,,0,27,,11914,23,,,0,73,,11909,23,,,0,27,,11915,23,,,0,65,,11916,23,,,0
1201,'30',820,,11932,23,,,0,30,,11931,23,,,0,70,,11933,23,,,0,23,,11918,23,,,0,70,,11934,23,,,0,30,,11930,23,,,0,70,,11935,23,,,0,24,,11929,23,,,0,70,,11936,23,,,0,24,,11928,23,,,0,24,,11937,23,,,0,71,,11927,23,,,0,24,,11938,23,,,0,70,,11926,23,,,0,30,,11939,23,,,0,70,,11925,23,,,0,30,,11940,23,,,0,70,,11924,23,,,0,30,,11941,23,,,0,70,,11923,23,,,0,30,,11942,23,,,0,70,,11922,23,,,0,30,,11943,23,,,0,70,,11921,23,,,0,30,,11944,23,,,0,70,,11920,23,,,0,30,,11945,23,,,0,70,,11917,23,,,0,30,,11946,23,,,0
1201,'4',820,,11962,23,,,0,30,,11961,23,,,0,70,,11963,23,,,0,23,,11948,23,,,0,70,,11964,23,,,0,30,,11960,23,,,0,70,,11965,23,,,0,24,,11959,23,,,0,70,,11966,23,,,0,24,,11958,23,,,0,24,,11967,23,,,0,71,,11957,23,,,0,24,,11968,23,,,0,70,,11956,23,,,0,30,,11969,23,,,0,70,,11955,23,,,0,30,,11970,23,,,0,70,,11954,23,,,0,30,,11971,23,,,0,70,,11953,23,,,0,30,,11972,23,,,0,70,,11952,23,,,0,30,,11973,23,,,0,70,,11951,23,,,0,30,,11974,23,,,0,70,,11950,23,,,0,30,,11975,23,,,0,70,,11947,23,,,0,30,,11976,23,,,0
9300,'2',617,,16152,28,,,0,85,,16153,28,,,0,35,,16154,28,,,0,70,,16176,28,,,0,47,,16155,28,,,0,71,,16156,28,,,0,28,,16157,28,,,0,75,,16158,28,,,0,75,,16159,28,,,0,25,,16160,28,,,0,30,,16161,28,,,0,71,,16162,28,,,0,28,,16163,28,,,0,71,,16164,28,,,0,31,,16165,28,,,0,73,,16166,28,,,0,13,,16168,28,,,0,10,,16167,28,,,0,77,,16169,28,,,0,69,,16170,28,,,0,26,,16171,28,,,0,30,,16172,28,,,0,73,,16173,28,,,0,23,,16174,28,,,0,63,,16178,28,,,0,32,,16179,28,,,0,65,,16182,28,,,0,30,,16175,28,,,0,76,,16180,28,,,0,26,,16183,28,,,0,67,,16177,28,,,0,37,,16185,28,,,0,98,,16181,28,,,0,69,,16186,28,,,0,95,,16184,28,,,0
9300,'3',823,,16188,28,,,0,25,,16189,28,,,0,65,,16190,28,,,0,25,,16191,28,,,0,65,,16192,28,,,0,18,,16193,28,,,0,28,,16194,28,,,0,70,,16195,28,,,0,30,,16196,28,,,0,70,,16197,28,,,0,30,,16198,28,,,0,79,,16199,28,,,0,30,,16200,28,,,0,71,,16201,28,,,0,80,,16202,28,,,0,30,,16203,28,,,0,70,,16204,28,,,0,35,,16205,28,,,0,75,,16206,28,,,0,30,,16207,28,,,0,68,,16208,28,,,0,23,,16209,28,,,0,65,,16210,28,,,0,22,,16211,28,,,0,25,,16212,28,,,0,65,,16213,28,,,0,25,,16214,28,,,0,65,,16215,28,,,0,25,,16216,28,,,0,25,,16217,28,,,0,81,,16218,28,,,0,65,,16219,28,,,0,25,,16220,28,,,0
9300,'30',815,,16248,28,,,0,27,,16223,28,,,0,75,,16224,28,,,0,35,,16225,28,,,0,75,,16226,28,,,0,75,,16227,28,,,0,35,,16228,28,,,0,75,,16229,28,,,0,37,,16230,28,,,0,77,,16231,28,,,0,77,,16232,28,,,0,37,,16233,28,,,0,77,,16234,28,,,0,37,,16235,28,,,0,77,,16236,28,,,0,76,,16237,28,,,0,37,,16238,28,,,0,77,,16239,28,,,0,37,,16240,28,,,0,77,,16241,28,,,0,77,,16242,28,,,0,37,,16243,28,,,0,77,,16244,28,,,0,78,,16245,28,,,0,32,,16246,28,,,0
9300,'4',815,,16274,28,,,0,27,,16249,28,,,0,75,,16250,28,,,0,35,,16251,28,,,0,75,,16252,28,,,0,75,,16253,28,,,0,35,,16254,28,,,0,75,,16255,28,,,0,37,,16256,28,,,0,77,,16257,28,,,0,77,,16258,28,,,0,37,,16259,28,,,0,77,,16260,28,,,0,37,,16261,28,,,0,77,,16262,28,,,0,76,,16263,28,,,0,37,,16264,28,,,0,77,,16265,28,,,0,37,,16266,28,,,0,77,,16267,28,,,0,77,,16268,28,,,0,37,,16269,28,,,0,77,,16270,28,,,0,78,,16271,28,,,0,32,,16272,28,,,0
