300,'2',550,,9659,18,4,,0,95,,9660,39,4,,0,68,,9661,39,4,,0,33,,9662,39,4,,0,67,,9663,39,4,,0,30,,9664,39,4,,0,70,,9665,39,4,,0,30,,9666,39,4,,0,70,,9667,39,4,,0,30,,9668,39,4,,0,70,,9669,39,4,,0,30,,9670,39,4,,0,70,,9671,39,4,,0,30,,9672,39,4,,0,70,,9673,39,4,,0,30,,9674,39,4,,0,70,,9675,39,4,,0,30,,9676,39,4,,0,70,,9677,39,4,,0,30,,9678,39,4,,0,70,,9679,39,4,,0,30,,9680,39,4,,0,70,,9681,39,4,,0,30,,9682,39,4,,0,69,,9683,39,4,,0,28,,9685,39,4,,0,70,,9686,39,4,,0,30,,9687,39,4,,0,70,,9688,39,4,,0,30,,9689,39,4,,0,70,,9690,39,4,,0,26,,9691,39,4,,0,70,,9692,39,4,,0,30,,9693,39,4,,0,70,,9694,39,4,,0,19,,9684,39,4,,0
300,'3',659,,9695,39,4,,0,100,,9696,39,4,,0,142,,9697,39,4,,0,102,,9698,39,4,,0,32,,9700,39,4,,0,75,,9701,39,4,,0,35,,9702,39,4,,0,75,,9703,39,4,,0,35,,9704,39,4,,0,75,,9705,39,4,,0,75,,9706,39,4,,0,35,,9707,39,4,,0,75,,9708,39,4,,0,35,,9709,39,4,,0,75,,9710,39,4,,0,75,,9711,39,4,,0,35,,9712,39,4,,0,75,,9713,39,4,,0,100,,9714,39,4,,0,100,,9715,39,4,,0,100,,9716,39,4,,0,100,,9717,39,4,,0,108,,9699,39,4,,0
300,'30',919,,9718,39,4,,0,87,,9719,39,4,,0,47,,9720,39,4,,0,87,,9721,39,4,,0,87,,9722,39,4,,0,87,,9723,39,4,,0,87,,9724,39,4,,0,47,,9725,39,4,,0,87,,9726,39,4,,0,87,,9727,39,4,,0,87,,9728,39,4,,0,47,,9729,39,4,,0,87,,9730,39,4,,0,107,,9731,39,4,,0,100,,9732,39,4,,0,100,,9733,39,4,,0,101,,9734,39,4,,0
300,'4',919,,9735,39,4,,0,87,,9736,39,4,,0,47,,9737,39,4,,0,87,,9738,39,4,,0,87,,9739,39,4,,0,87,,9740,39,4,,0,87,,9741,39,4,,0,47,,9742,39,4,,0,87,,9743,39,4,,0,87,,9744,39,4,,0,87,,9745,39,4,,0,47,,9746,39,4,,0,87,,9747,39,4,,0,107,,9748,39,4,,0,100,,9749,39,4,,0,100,,9750,39,4,,0,101,,9751,39,4,,0
301,'2',550,,9752,1,,,0,95,,9753,1,,,0,68,,9754,1,,,0,33,,9755,1,,,0,67,,9756,1,,,0,30,,9757,1,,,0,70,,9758,1,,,0,30,,9759,1,,,0,70,,9760,1,,,0,30,,9761,1,,,0,70,,9762,1,,,0,30,,9763,1,,,0,70,,9764,1,,,0,30,,9765,1,,,0,70,,9766,1,,,0,30,,9767,1,,,0,70,,9768,1,,,0,30,,9769,1,,,0,70,,9770,1,,,0,30,,9771,1,,,0,70,,9772,1,,,0,30,,9773,1,,,0,70,,9774,1,,,0,30,,9775,1,,,0,69,,9776,1,,,0,28,,9780,1,,,0,70,,9781,1,,,0,30,,9782,1,,,0,70,,9783,1,,,0,30,,9784,1,,,0,70,,9785,1,,,0,26,,9786,1,,,0,70,,9787,1,,,0,30,,9788,1,,,0,70,,9789,1,,,0,19,,9777,1,,,0
301,'3',659,,9790,1,,,0,100,,9791,1,,,0,142,,9792,1,,,0,103,,9793,1,,,0,31,,9797,1,,,0,75,,9798,1,,,0,35,,9799,1,,,0,75,,9800,1,,,0,35,,9801,1,,,0,75,,9802,1,,,0,75,,9803,1,,,0,35,,9804,1,,,0,75,,9805,1,,,0,35,,9806,1,,,0,75,,9807,1,,,0,75,,9808,1,,,0,35,,9809,1,,,0,75,,9810,1,,,0,100,,9811,1,,,0,100,,9812,1,,,0,100,,9813,1,,,0,100,,9814,1,,,0,108,,9794,1,,,0
301,'30',919,,9815,1,,,0,87,,9816,1,,,0,47,,9817,1,,,0,87,,9818,1,,,0,87,,9819,1,,,0,87,,9820,1,,,0,87,,9821,1,,,0,47,,9822,1,,,0,87,,9823,1,,,0,87,,9824,1,,,0,87,,9825,1,,,0,47,,9826,1,,,0,87,,9827,1,,,0,107,,9828,1,,,0,100,,9829,1,,,0,100,,9830,1,,,0,103,,9831,1,,,0
301,'4',919,,9832,1,,,0,87,,9833,1,,,0,47,,9834,1,,,0,87,,9835,1,,,0,87,,9836,1,,,0,87,,9837,1,,,0,87,,9838,1,,,0,47,,9839,1,,,0,87,,9840,1,,,0,87,,9841,1,,,0,87,,9842,1,,,0,47,,9843,1,,,0,87,,9844,1,,,0,107,,9845,1,,,0,100,,9846,1,,,0,100,,9847,1,,,0,103,,9848,1,,,0
601,'2',627,,10551,15,,,0,77,,10553,15,,,0,35,,10554,15,,,0,65,,10555,15,,,0,25,,10556,15,,,0,25,,10557,15,,,0,69,,10559,15,,,0,25,,10560,15,,,0,70,,10561,15,,,0,30,,10562,15,,,0,65,,10563,15,,,0,30,,10564,15,,,0,70,,10565,15,,,0,30,,10566,15,,,0,70,,10567,15,,,0,25,,10568,15,,,0,70,,10569,15,,,0,30,,10570,15,,,0,70,,10571,15,,,0,30,,10572,15,,,0,70,,10573,15,,,0,25,,10574,15,,,0,70,,10575,15,,,0,30,,10576,15,,,0,71,,10577,15,,,0,25,,10578,15,,,0,25,,10579,15,,,0,65,,10580,15,,,0,25,,10581,15,,,0,61,,10582,15,,,0,25,,10583,15,,,0,29,,10584,15,,,0,54,,10590,15,0,37 3 45,0,21,,10585,15,,,0,81,,10586,15,,,0,30,,10587,15,,,0,80,,10588,15,,,0,21,,10591,15,,,0,78,,10589,15,0,37 3 45,0
601,'3',617,,10638,15,,,0,33,,10639,15,,,0,67,,10637,15,,,0,30,,10593,15,,,0,69,,10636,15,,,0,30,,10594,15,,,0,75,,10595,15,,,0,32,,10596,15,,,0,58,,10597,15,,,0,25,,10598,15,,,0,65,,10599,15,,,0,25,,10600,15,,,0,25,,10601,15,,,0,69,,10602,15,,,0,25,,10603,15,,,0,58,,10604,15,,,0,18,,10605,15,,,0,26,,10606,15,,,0,58,,10607,15,,,0,19,,10608,15,,,0,20,,10610,15,,,0,60,,10611,15,,,0,20,,10612,15,,,0,20,,10613,15,,,0,60,,10614,15,,,0,22,,10615,15,,,0,20,,10616,15,,,0,60,,10617,15,,,0,20,,10618,15,,,0,20,,10619,15,,,0,60,,10620,15,,,0,21,,10621,15,,,0,25,,10622,15,,,0,1,,10628,15,0,37 3 45,0,66,,10623,15,,,0,25,,10624,15,,,0,61,,10625,15,,,0,25,,10626,15,,,0,70,,10627,15,,,0,14,,10635,15,0,37 3 45,0,21,,10629,15,,,0,75,,10630,15,,,0,35,,10631,15,,,0,75,,10632,15,,,0,35,,10633,15,,,0,69,,10634,15,0,37 3 45,0
601,'30',915,,10640,15,,,0,33,,10641,15,,,0,75,,10642,15,,,0,35,,10643,15,,,0,78,,10644,15,,,0,78,,10645,15,,,0,25,,10646,15,,,0,65,,10647,15,,,0,25,,10648,15,,,0,25,,10649,15,,,0,65,,10650,15,,,0,25,,10651,15,,,0,65,,10652,15,,,0,25,,10653,15,,,0,25,,10654,15,,,0,65,,10655,15,,,0,25,,10656,15,,,0,70,,10657,15,,,0,25,,10658,15,,,0,13,,10659,15,0,37 3 45,0,64,,10660,15,,,0,32,,10661,15,,,0,75,,10662,15,,,0,75,,10663,15,,,0,35,,10664,15,,,0,75,,10665,15,,,0,35,,10666,15,,,0,74,,10667,15,,,0,35,,10669,15,,,0,73,,10668,15,0,37 3 45,0
601,'4',915,,10670,15,,,0,33,,10671,15,,,0,75,,10672,15,,,0,35,,10673,15,,,0,78,,10674,15,,,0,78,,10675,15,,,0,25,,10676,15,,,0,65,,10677,15,,,0,25,,10678,15,,,0,25,,10679,15,,,0,65,,10680,15,,,0,25,,10681,15,,,0,65,,10682,15,,,0,25,,10683,15,,,0,25,,10684,15,,,0,65,,10685,15,,,0,25,,10686,15,,,0,70,,10687,15,,,0,25,,10688,15,,,0,13,,10689,15,0,37 3 45,0,64,,10690,15,,,0,32,,10691,15,,,0,75,,10692,15,,,0,75,,10693,15,,,0,35,,10694,15,,,0,75,,10695,15,,,0,35,,10696,15,,,0,74,,10697,15,,,0,35,,10699,15,,,0,73,,10698,15,0,37 3 45,0
1300,'2',607,,11977,1,,,0,20,,11978,23,0,10 18 19 20,0,18,,11979,23,,,0,14,,11980,23,0,10 18 19 20,0,55,,11981,23,,,0,10,,11982,23,0,10 18 19 20,0,15,,11983,23,,,0,15,,11984,23,0,10 18 19 20,0,55,,11985,23,,,0,15,,11986,23,0,10 18 19 20,0,15,,11987,23,,,0,15,,11988,23,0,10 18 19 20,0,55,,11989,23,,,0,15,,11990,23,0,10 18 19 20,0,15,,11991,23,,,0,15,,11992,23,0,10 18 19 20,0,50,,11993,23,,,0,15,,11994,23,0,10 18 19 20,0,15,,11995,23,,,0,15,,11996,23,0,10 18 19 20,0,55,,11997,23,,,0,15,,11998,23,0,10 18 19 20,0,15,,11999,23,,,0,15,,12000,23,0,10 18 19 20,0,10,,12001,23,,,0,55,,12002,23,0,10 18 19 20,0,15,,12003,23,,,0,15,,12004,23,0,10 18 19 20,0,15,,12005,23,,,0,55,,12006,23,0,10 18 19 20,0,15,,12007,23,,,0,15,,12008,23,0,10 18 19 20,0,15,,12009,23,,,0,55,,12010,23,0,10 18 19 20,0,15,,12011,23,,,0,15,,12012,23,0,10 18 19 20,0,15,,12013,23,,,0,55,,12014,23,0,10 18 19 20,0,15,,12015,23,,,0,15,,12016,23,0,10 18 19 20,0,15,,12017,23,,,0,55,,12018,23,0,10 18 19 20,0,15,,12019,23,,,0,15,,12020,23,0,10 18 19 20,0,15,,12021,23,,,0,55,,12022,23,0,10 18 19 20,0,15,,12023,23,,,0,15,,12024,23,0,10 18 19 20,0,15,,12025,23,,,0,55,,12026,23,0,10 18 19 20,0,20,,12031,23,,,0,20,,12027,23,0,10 18 19 20,0,60,,12032,23,,,0,20,,12028,23,0,10 18 19 20,0,20,,12033,23,,,0,60,,12029,23,0,10 18 19 20,0,20,,12034,23,,,0,20,,12030,23,,,0,70,,12035,23,0,10 18 19 20,0,25,,12038,23,,,0,65,,12036,23,0,10 18 19 20,0,27,,12039,23,,,0,73,,12037,23,0,10 18 19 20,0,30,,12040,23,,,0,66,,12042,23,0,10 18 19 20,0,47,,12041,23,,,0
1300,'3',629,3,12047,23,0,10 18 19 20,0,75,,12048,23,,,0,35,,12049,23,0,10 18 19 20,0,75,,12050,23,,,0,11,,12054,23,0,10 18 19 20,0,16,,12051,23,,,0,16,,12055,23,0,10 18 19 20,0,56,,12052,23,,,0,16,,12056,23,,,0,16,,12053,23,0,10 18 19 20,0,56,,12057,23,,,0,15,,12058,23,0,10 18 19 20,0,15,,12063,23,,,0,15,,12059,23,0,10 18 19 20,0,55,,12064,23,,,0,15,,12060,23,0,10 18 19 20,0,15,,12065,23,,,0,15,,12061,23,0,10 18 19 20,0,55,,12066,23,,,0,15,,12062,23,,,0,15,,12067,23,0,10 18 19 20,0,15,,12076,23,,,0,55,,12068,23,0,10 18 19 20,0,15,,12077,23,,,0,15,,12069,23,0,10 18 19 20,0,15,,12078,23,,,0,55,,12070,23,0,10 18 19 20,0,15,,12079,23,,,0,15,,12071,23,0,10 18 19 20,0,15,,12080,23,,,0,55,,12072,23,0,10 18 19 20,0,15,,12081,23,,,0,15,,12073,23,0,10 18 19 20,0,15,,12082,23,,,0,55,,12074,23,0,10 18 19 20,0,15,,12083,23,,,0,15,,12075,23,0,10 18 19 20,0,10,,12084,23,,,0,15,,12087,23,0,10 18 19 20,0,55,,12085,23,,,0,15,,12088,23,0,10 18 19 20,0,15,,12086,23,,,0,15,,12089,23,,,0,55,,12090,23,0,10 18 19 20,0,15,,12114,23,,,0,15,,12094,23,,,0,15,,12091,23,0,10 18 19 20,0,60,,12095,23,,,0,15,,12092,23,0,10 18 19 20,0,20,,12096,23,,,0,60,,12093,23,0,10 18 19 20,0,20,,12097,23,,,0,20,,12101,23,,,0,70,,12098,23,0,10 18 19 20,0,25,,12102,23,,,0,65,,12099,23,0,10 18 19 20,0,30,,12103,23,,,0,70,,12100,23,0,10 18 19 20,0,19,,12104,23,,,0,20,,12105,23,0,10 18 19 20,0,70,,12107,23,,,0,39,2,12106,23,0,10 18 19 20,0
1300,'30',659,2,12137,23,,,0,81,,12139,23,0,10 18 19 20,0,75,,12138,23,,,0,35,,12140,23,0,10 18 19 20,0,75,,12125,23,,,0,30,,12136,23,0,10 18 19 20,0,55,,12124,23,,,0,30,,12135,23,0,10 18 19 20,0,70,,12123,23,,,0,30,,12134,23,0,10 18 19 20,0,64,,12122,23,,,0,31,,12133,23,0,10 18 19 20,0,70,,12121,23,,,0,30,,12132,23,0,10 18 19 20,0,70,,12120,23,,,0,30,,12131,23,0,10 18 19 20,0,70,,12119,23,,,0,30,,12130,23,0,10 18 19 20,0,70,,12118,23,,,0,30,,12129,23,0,10 18 19 20,0,70,,12117,23,,,0,30,,12128,23,0,10 18 19 20,0,65,,12116,23,,,0,30,,12127,23,0,10 18 19 20,0,71,,12115,23,,,0,24,,12141,23,0,10 18 19 20,0,20,,12144,23,,,0,70,,12142,23,0,10 18 19 20,0,30,,12145,23,,,0,70,,12143,23,0,10 18 19 20,0,30,,12146,23,0,10 18 19 20,0,71,,12147,23,,,0,43,2,12126,23,0,10 18 19 20,0
1300,'4',659,2,12170,23,,,0,81,,12172,23,0,10 18 19 20,0,75,,12171,23,,,0,35,,12173,23,0,10 18 19 20,0,75,,12158,23,,,0,30,,12169,23,0,10 18 19 20,0,55,,12157,23,,,0,30,,12168,23,0,10 18 19 20,0,70,,12156,23,,,0,30,,12167,23,0,10 18 19 20,0,64,,12155,23,,,0,31,,12166,23,0,10 18 19 20,0,70,,12154,23,,,0,30,,12165,23,0,10 18 19 20,0,70,,12153,23,,,0,30,,12164,23,0,10 18 19 20,0,70,,12152,23,,,0,30,,12163,23,0,10 18 19 20,0,70,,12151,23,,,0,30,,12162,23,0,10 18 19 20,0,70,,12150,23,,,0,30,,12161,23,0,10 18 19 20,0,65,,12149,23,,,0,30,,12160,23,0,10 18 19 20,0,71,,12148,23,,,0,24,,12174,23,0,10 18 19 20,0,20,,12177,23,,,0,70,,12175,23,0,10 18 19 20,0,30,,12178,23,,,0,70,,12176,23,0,10 18 19 20,0,30,,12179,23,0,10 18 19 20,0,71,,12180,23,,,0,43,2,12159,23,0,10 18 19 20,0
1500,'2',627,,12382,35,0,13 28 3 8,0,22,,12383,35,0,13 28 3 8,0,61,,12387,35,0,10 29,0,15,,12384,35,0,13 28 3 8,0,16,,12388,35,0,10 29,0,11,,12385,35,0,13 28 3 8,0,56,,12389,35,0,10 29,0,16,,12386,35,0,13 28 3 8,0,16,,12390,35,0,10 29,0,16,,12391,35,0,13 28 3 8,0,55,,12408,35,0,10 29,0,15,,12392,35,0,13 28 3 8,0,15,,12409,35,0,10 29,0,15,,12393,35,0,13 28 3 8,0,55,,12410,35,0,10 29,0,15,,12394,35,0,13 28 3 8,0,15,,12411,35,0,10 29,0,15,,12395,35,0,13 28 3 8,0,55,,12412,35,0,10 29,0,15,,12396,35,0,13 28 3 8,0,15,,12413,35,0,10 29,0,15,,12397,35,0,13 28 3 8,0,55,,12414,35,0,10 29,0,15,,12398,35,0,13 28 3 8,0,15,,12415,35,0,10 29,0,15,,12399,35,0,13 28 3 8,0,55,,12416,35,0,10 29,0,15,,12400,35,0,13 28 3 8,0,15,,12417,35,0,10 29,0,15,,12401,35,0,13 28 3 8,0,54,,12418,35,0,10 29,0,15,,12402,35,0,13 28 3 8,0,15,,12419,35,0,10 29,0,15,,12403,35,0,13 28 3 8,0,50,,12420,35,0,10 29,0,15,,12404,35,0,13 28 3 8,0,15,,12421,35,0,10 29,0,14,,12405,35,0,13 28 3 8,0,58,,12422,35,0,10 29,0,15,,12406,35,0,13 28 3 8,0,17,,12423,35,0,10 29,0,17,,12407,35,0,13 28 3 8,0,57,,12424,35,0,10 29,0,15,,12425,35,0,13 28 3 8,0,17,,12426,35,0,10 29,0,56,,12427,35,0,13 28 3 8,0,19,,12429,35,0,10 29,0,14,,12430,35,0,13 28 3 8,0,66,,12431,35,0,10 29,0,20,,12432,35,0,13 28 3 8,0,20,,12433,35,0,10 29,0,65,,12434,35,0,13 28 3 8,0,30,,12435,35,0,10 29,0,70,,12436,35,0,13 28 3 8,0,26,,12437,35,0,10 29,0,70,,12438,35,0,13 28 3 8,0,30,,12439,35,0,10 29,0,70,,12440,35,0,13 28 3 8,0,30,,12441,35,0,10 29,0,70,,12442,35,0,13 28 3 8,0,28,,12443,35,0,10 29,0,30,,12428,35,0,13 28 3 8,0
1500,'3',627,,12449,35,0,10 29,0,27,,12450,35,0,13 28 3 8,0,70,,12451,35,0,10 29,0,30,,12452,35,0,13 28 3 8,0,65,,12454,35,0,10 29,0,30,,12453,35,0,13 28 3 8,0,70,,12455,35,0,10 29,0,30,,12456,35,0,13 28 3 8,0,70,,12457,35,0,10 29,0,20,,12469,35,0,13 28 3 8,0,15,,12458,35,0,10 29,0,60,,12470,35,0,13 28 3 8,0,20,,12459,35,0,10 29,0,20,,12471,35,0,13 28 3 8,0,60,,12460,35,0,10 29,0,20,,12472,35,0,13 28 3 8,0,20,,12461,35,0,10 29,0,60,,12473,35,0,13 28 3 8,0,20,,12462,35,0,10 29,0,20,,12474,35,0,13 28 3 8,0,60,,12463,35,0,10 29,0,20,,12475,35,0,13 28 3 8,0,20,,12464,35,0,10 29,0,60,,12476,35,0,13 28 3 8,0,20,,12465,35,0,10 29,0,20,,12477,35,0,13 28 3 8,0,60,,12466,35,0,10 29,0,20,,12478,35,0,13 28 3 8,0,20,,12467,35,0,10 29,0,60,,12479,35,0,13 28 3 8,0,18,,12468,35,0,13 28 3 8,0,22,,12480,35,0,10 29,0,70,,12486,35,0,13 28 3 8,0,30,,12481,35,0,10 29,0,70,,12487,35,0,13 28 3 8,0,30,,12482,35,0,10 29,0,70,,12488,35,0,13 28 3 8,0,30,,12483,35,0,10 29,0,65,,12489,35,0,13 28 3 8,0,30,,12484,35,0,10 29,0,65,,12490,35,0,13 28 3 8,0,25,,12485,35,0,10 29,0,70,,12491,35,0,13 28 3 8,0,26,,12493,35,0,10 29,0,70,,12497,35,0,10 29,0,52,,12492,35,0,10 29,0
1500,'30',629,,12535,35,0,10 29,0,28,,12498,35,0,13 28 3 8,0,65,,12534,35,0,10 29,0,27,,12533,35,0,13 28 3 8,0,65,,12499,35,0,10 29,0,34,,12500,35,0,13 28 3 8,0,68,,12501,35,0,10 29,0,22,,12502,35,0,13 28 3 8,0,62,,12503,35,0,10 29,0,30,,12504,35,0,13 28 3 8,0,70,,12505,35,0,10 29,0,25,,12506,35,0,13 28 3 8,0,27,,12507,35,0,10 29,0,70,,12508,35,0,13 28 3 8,0,30,,12509,35,0,10 29,0,70,,12510,35,0,13 28 3 8,0,30,,12511,35,0,10 29,0,70,,12512,35,0,13 28 3 8,0,30,,12513,35,0,10 29,0,70,,12514,35,0,13 28 3 8,0,30,,12515,35,0,10 29,0,70,,12516,35,0,13 28 3 8,0,30,,12517,35,0,10 29,0,70,,12518,35,0,13 28 3 8,0,30,,12519,35,0,10 29,0,70,,12520,35,0,13 28 3 8,0,25,,12521,35,0,10 29,0,70,,12522,35,0,13 28 3 8,0,25,,12523,35,0,10 29,0,70,,12524,35,0,13 28 3 8,0,30,,12525,35,0,10 29,0,65,,12526,35,0,13 28 3 8,0,30,,12527,35,0,10 29,0,67,,12528,35,0,13 28 3 8,0,29,,12529,35,0,10 29,0,24,,12530,35,0,13 28 3 8,0
1500,'4',629,,12573,35,0,10 29,0,28,,12536,35,0,13 28 3 8,0,65,,12572,35,0,10 29,0,27,,12571,35,0,13 28 3 8,0,65,,12537,35,0,10 29,0,34,,12538,35,0,13 28 3 8,0,68,,12539,35,0,10 29,0,22,,12540,35,0,13 28 3 8,0,62,,12541,35,0,10 29,0,30,,12542,35,0,13 28 3 8,0,70,,12543,35,0,10 29,0,25,,12544,35,0,13 28 3 8,0,27,,12545,35,0,10 29,0,70,,12546,35,0,13 28 3 8,0,30,,12547,35,0,10 29,0,70,,12548,35,0,13 28 3 8,0,30,,12549,35,0,10 29,0,70,,12550,35,0,13 28 3 8,0,30,,12551,35,0,10 29,0,70,,12552,35,0,13 28 3 8,0,30,,12553,35,0,10 29,0,70,,12554,35,0,13 28 3 8,0,30,,12555,35,0,10 29,0,70,,12556,35,0,13 28 3 8,0,30,,12557,35,0,10 29,0,70,,12558,35,0,13 28 3 8,0,25,,12559,35,0,10 29,0,70,,12560,35,0,13 28 3 8,0,25,,12561,35,0,10 29,0,70,,12562,35,0,13 28 3 8,0,30,,12563,35,0,10 29,0,65,,12564,35,0,13 28 3 8,0,30,,12565,35,0,10 29,0,67,,12566,35,0,13 28 3 8,0,29,,12567,35,0,10 29,0,24,,12568,35,0,13 28 3 8,0
9000,'2',643,,15732,6,,,0,73,,15733,6,,,0,15,,15739,6,,,0,18,,15740,6,,,0,55,,15734,6,,,0,15,,15735,6,,,0,15,,15741,6,,,0,15,,15736,6,,,0,55,,15742,6,,,0,12,,15737,6,,,0,15,,15743,6,,,0,12,,15738,6,,,0,15,,15744,6,,,0,55,,15730,6,,,0,15,,15745,6,,,0,15,,15729,6,,,0,15,,15746,6,,,0,55,,15728,6,,,0,15,,15747,6,,,0,15,,15727,6,,,0,15,,15726,6,,,0,55,,15725,6,,,0,15,,15748,6,,,0,16,,15724,6,,,0,15,,15723,6,,,0,55,,15722,6,,,0,15,,15749,6,,,0,15,,15721,6,,,0,15,,15720,6,,,0,56,,15719,6,,,0,15,,15750,6,,,0,19,,15718,6,,,0,55,,15717,6,,,0,15,,15716,6,,,0,15,,15751,6,,,0,15,,15715,6,,,0,55,,15714,6,,,0,18,,15713,6,,,0,15,,15752,6,,,0,15,,15756,6,,,0,55,,15712,6,,,0,15,,15711,6,,,0,15,,15710,6,,,0,15,,15709,6,,,0,55,,15753,6,,,0,12,,15708,6,4,,0,25,,15755,6,,,0,70,,15731,6,,,0,30,,15754,6,,,0,70,,15757,6,,,0,30,,15758,6,,,0,68,,15759,6,4,,0,35,,15760,6,4,,0
9000,'3',828,,15779,6,,,0,30,,15780,6,,,0,70,,15781,6,,,0,30,,15782,6,,,0,70,,15783,6,,,0,25,,15778,6,,,0,65,,15777,6,,,0,25,,15776,6,,,0,65,,15775,6,,,0,25,,15774,6,,,0,25,,15773,6,,,0,65,,15772,6,,,0,25,,15771,6,,,0,65,,15770,6,,,0,25,,15769,6,,,0,65,,15768,6,,,0,25,,15767,6,,,0,25,,15766,6,,,0,65,,15765,6,,,0,25,,15764,6,,,0,65,,15763,6,,,0,25,,15762,6,,,0,25,,15761,6,,,0
9000,'4',1008,,15785,6,,,0,20,,15786,6,,,0,20,,15787,6,,,0,60,,15788,6,,,0,20,,15789,6,,,0,20,,15790,6,,,0,60,,15791,6,,,0,21,,15792,6,,,0,16,,15793,6,,,0,56,,15794,6,,,0,16,,15795,6,,,0,16,,15796,6,,,0,16,,15797,6,,,0,56,,15798,6,,,0,16,,15799,6,,,0,16,,15800,6,,,0,16,,15801,6,,,0,56,,15802,6,,,0,16,,15803,6,,,0,16,,15804,6,,,0,16,,15805,6,,,0,56,,15806,6,,,0,16,,15807,6,,,0,16,,15808,6,,,0,61,,15809,6,,,0,17,,15810,6,,,0,20,,15811,6,,,0,70,,15812,6,,,0,25,,15813,6,,,0,65,,15814,6,,,0,10,,15784,6,,,0,30,,15815,6,4,,0
