901,'2',609,,2403,,,0,20,,2404,,,0,17,,2405,,,0,13,,2406,,,0,56,,2407,,,0,15,,2408,,,0,14,,2409,,,0,56,,2410,,,0,15,,2411,,,0,17,,2412,,,0,16,,2413,,,0,55,,2414,,,0,15,,2415,,,0,15,,2416,,,0,15,,2417,,,0,55,,2418,,,0,15,,2419,,,0,15,,2420,,,0,15,,2421,,,0,55,,2422,,,0,15,,2423,,,0,15,,2424,,,0,15,,2425,,,0,55,,2426,,,0,15,,2427,,,0,15,,2428,,,0,15,,2429,,,0,55,,2430,,,0,15,,2431,,,0,15,,2432,,,0,13,,2433,,,0,54,,2434,,,0,15,,2435,,,0,15,,2436,,,0,15,,2437,,,0,55,,2438,,,0,15,,2439,,,0,15,,2440,,,0,15,,2441,,,0,55,,2442,,,0,15,,2443,,,0,15,,2444,,,0,15,,2445,,,0,55,,2446,,,0,15,,2447,,,0,15,,2448,,,0,17,,2449,,,0,65,,2450,,,0,15,,2451,,,0,14,,2452,,,0,62,,2453,,,0,22,,2454,,,0,22,,2455,,,0,62,,2456,,,0,22,,2457,,,0,26,,2458,,,0,70,,2459,,,0,32,,2460,,,0,72,,2461,,,0,72,,2462,,,0,37,,2463,,,0,100,,2464,,,0
901,'3',613,,2470,,,0,30,,2509,,,0,70,,2471,,,0,30,,2508,,,0,70,,2472,,,0,35,,2473,,,0,72,,2474,,,0,86,,2475,,,0,25,,2476,,,0,25,,2477,,,0,62,,2478,,,0,25,,2479,,,0,65,,2480,,,0,29,,2481,,,0,21,,2482,,,0,65,,2483,,,0,28,,2484,,,0,62,,2485,,,0,24,,2486,,,0,65,,2487,,,0,25,,2488,,,0,25,,2489,,,0,65,,2490,,,0,25,,2491,,,0,65,,2492,,,0,25,,2493,,,0,25,,2494,,,0,85,,2496,,,0,65,,2497,,,0,38,,2498,,,0,75,,2499,,,0,35,,2500,,,0,76,,2501,,,0,75,,2502,,,0,35,,2503,,,0,75,,2504,,,0,35,,2505,,,0
901,'30',653,,2544,,,0,75,,2510,,,0,75,,2545,,,0,34,,2511,,,0,75,,2546,,,0,33,,2512,,,0,73,,2513,,,0,33,,2514,,,0,73,,2515,,,0,78,,2516,,,0,28,,2517,,,0,23,,2518,,,0,63,,2519,,,0,23,,2520,,,0,63,,2521,,,0,23,,2522,,,0,23,,2523,,,0,63,,2524,,,0,23,,2525,,,0,23,,2526,,,0,63,,2527,,,0,24,,2528,,,0,64,,2529,,,0,23,,2530,,,0,25,,2531,,,0,57,,2532,,,0,19,,2533,,,0,70,,2534,,,0,30,,2535,,,0,70,,2536,,,0,30,,2537,,,0,70,,2538,,,0,30,,2539,,,0,71,,2540,,,0,41,,2541,,,0,58,,2542,,,0
901,'4',653,,2581,,,0,75,,2547,,,0,75,,2582,,,0,34,,2548,,,0,75,,2583,,,0,33,,2549,,,0,73,,2550,,,0,33,,2551,,,0,73,,2552,,,0,78,,2553,,,0,28,,2554,,,0,23,,2555,,,0,63,,2556,,,0,23,,2557,,,0,63,,2558,,,0,23,,2559,,,0,23,,2560,,,0,63,,2561,,,0,23,,2562,,,0,23,,2563,,,0,63,,2564,,,0,24,,2565,,,0,64,,2566,,,0,23,,2567,,,0,25,,2568,,,0,57,,2569,,,0,19,,2570,,,0,70,,2571,,,0,30,,2572,,,0,70,,2573,,,0,30,,2574,,,0,70,,2575,,,0,30,,2576,,,0,71,,2577,,,0,41,,2578,,,0,58,,2579,,,0
2701,'2',552,,6043,,,0,92,,5972,,,0,65,,5973,,,0,13,,5974,,,0,13,,5975,,,0,13,,5976,,,0,53,,5977,,,0,13,,5978,,,0,8,,5979,,,0,13,,5980,,,0,13,,5981,,,0,52,,5982,,,0,14,,5983,,,0,13,,5984,,,0,13,,5985,,,0,13,,5986,,,0,53,,5987,,,0,13,,5988,,,0,13,,5989,,,0,13,,5990,,,0,13,,5991,,,0,53,,5992,,,0,13,,5993,,,0,13,,5994,,,0,13,,5995,,,0,52,,5996,,,0,12,,5997,,,0,12,,5998,,,0,12,,5999,,,0,12,,6000,,,0,52,,6001,,,0,12,,6002,,,0,12,,6003,,,0,12,,6004,,,0,12,,6005,,,0,52,,6006,,,0,14,,6007,,,0,13,,6008,,,0,13,,6009,,,0,13,,6010,,,0,53,,6011,,,0,13,,6012,,,0,9,,6013,,,0,12,,6014,,,0,12,,6015,,,0,51,,6016,,,0,11,,6017,,,0,11,,6018,,,0,11,,6019,,,0,11,,6020,,,0,51,,6021,,,0,11,,6022,,,0,11,,6023,,,0,11,,6024,,,0,11,,6025,,,0,7,,6026,,,0,54,,6027,,,0,9,,6028,,,0,13,,6029,,,0,11,,6030,,,0,11,,6031,,,0,57,,6032,,,0,17,,6033,,,0,17,,6034,,,0,17,,6035,,,0,57,,6036,,,0,17,,6037,,,0,17,,6038,,,0,62,,6039,,,0,27,,6040,,,0,67,,6041,,,0,27,,6042,,,0
2701,'3',856,,6044,,,0,83,,6054,,,0,71,,6045,,,0,104,,6055,,,0,33,,6046,,,0,72,,6063,,,0,32,,6056,,,0,72,,6047,,,0,32,,6064,,,0,71,,6057,,,0,74,,6048,,,0,32,,6065,,,0,70,,6058,,,0,34,,6049,,,0,72,,6066,,,0,30,,6059,,,0,75,,6050,,,0,45,,6060,,,0,85,,6051,,,0,85,,6061,,,0,84,,6052,,,0,40,,6062,,,0,80,,6053,,,0,80,,6067,,,0
2701,'30',839,,6068,,,0,85,,6069,,,0,85,,6075,,,0,45,,6070,,,0,85,,6076,,,0,85,,6071,,,0,88,,6077,,,0,32,,6078,,,0,72,,6072,,,0,32,,6080,,,0,72,,6079,,,0,32,,6073,,,0,72,,6081,,,0,32,,6083,,,0,70,,6074,,,0,77,,6082,,,0,45,,6084,,,0,85,,6085,,,0
2701,'4',839,,6086,,,0,85,,6087,,,0,85,,6093,,,0,45,,6088,,,0,85,,6094,,,0,85,,6089,,,0,88,,6095,,,0,32,,6096,,,0,72,,6090,,,0,32,,6098,,,0,72,,6097,,,0,32,,6091,,,0,72,,6099,,,0,32,,6101,,,0,70,,6092,,,0,77,,6100,,,0,45,,6102,,,0,85,,6103,,,0
3101,'2',626,,6299,,,0,88,,6300,,,0,32,,6301,,,0,68,,6302,,,0,28,,6303,,,0,68,,6304,,,0,24,,6305,,,0,67,,6306,,,0,27,,6307,,,0,27,,6308,,,0,67,,6309,,,0,27,,6310,,,0,67,,6311,,,0,27,,6312,,,0,67,,6313,,,0,27,,6314,,,0,67,,6315,,,0,32,,6316,,,0,70,,6317,,,0,30,,6318,,,0,70,,6319,,,0,29,,6320,,,0,70,,6321,,,0,30,,6322,,,0,70,,6323,,,0,27,,6324,,,0,70,,6325,,,0,30,,6326,,,0,70,,6327,,,0,30,,6328,,,0,25,,6329,,,0,70,,6330,,,0,30,,6331,,,0,70,,6332,,,0,30,,6333,,,0
3101,'3',817,,6362,,,0,25,,6361,,,0,65,,6334,,,0,25,,6360,,,0,25,,6335,,,0,66,,6336,,,0,24,,6337,,,0,65,,6338,,,0,25,,6339,,,0,65,,6340,,,0,25,,6341,,,0,25,,6342,,,0,65,,6343,,,0,25,,6344,,,0,65,,6345,,,0,28,,6346,,,0,67,,6347,,,0,27,,6348,,,0,27,,6349,,,0,67,,6350,,,0,27,,6351,,,0,67,,6352,,,0,27,,6353,,,0,66,,6363,,,0,25,,6354,,,0,66,,6364,,,0,26,,6355,,,0,26,,6365,,,0,65,,6356,,,0,25,,6366,,,0,66,,6357,,,0,25,,6367,,,0,21,,6358,,,0,62,,6368,,,0,22,,6359,,,0,65,,6369,,,0,25,,6370,,,0
3101,'30',844,,6371,,,0,65,,6386,,,0,25,,6372,,,0,25,,6387,,,0,65,,6373,,,0,25,,6388,,,0,65,,6374,,,0,25,,6389,,,0,65,,6375,,,0,26,,6390,,,0,25,,6376,,,0,65,,6391,,,0,25,,6377,,,0,65,,6392,,,0,25,,6378,,,0,65,,6393,,,0,25,,6379,,,0,25,,6394,,,0,65,,6380,,,0,25,,6395,,,0,65,,6381,,,0,25,,6396,,,0,25,,6382,,,0,65,,6397,,,0,25,,6383,,,0,65,,6398,,,0,25,,6384,,,0,65,,6399,,,0,25,,6385,,,0
3101,'4',844,,6400,,,0,65,,6415,,,0,25,,6401,,,0,25,,6416,,,0,65,,6402,,,0,25,,6417,,,0,65,,6403,,,0,25,,6418,,,0,65,,6404,,,0,26,,6419,,,0,25,,6405,,,0,65,,6420,,,0,25,,6406,,,0,65,,6421,,,0,25,,6407,,,0,65,,6422,,,0,25,,6408,,,0,25,,6423,,,0,65,,6409,,,0,25,,6424,,,0,65,,6410,,,0,25,,6425,,,0,25,,6411,,,0,65,,6426,,,0,25,,6412,,,0,65,,6427,,,0,25,,6413,,,0,65,,6428,,,0,25,,6414,,,0
12700,'3302',610,,8344,,,0,27,,8345,,,0,70,,8346,,,0,18,,8347,,,0,12,,8348,,,0,64,,8349,,,0,12,,8350,,,0,24,,8351,,,0,12,,8352,,,0,64,,8353,,,0,12,,8354,,,0,24,,8355,,,0,52,,8356,,,0,24,,8357,,,0,12,,8358,,,0,64,,8359,,,0,12,,8360,,,0,24,,8361,,,0,12,,8362,,,0,64,,8363,,,0,12,,8364,,,0,24,,8365,,,0,52,,8366,,,0,24,,8367,,,0,12,,8368,,,0,64,,8369,,,0,20,,8370,,,0,24,,8371,,,0,64,,8372,,,0,24,,8373,,,0,71,,8374,,,0,20,,8375,,,0,30,,8376,,,0,60,,8377,,,0,30,,8378,,,0,60,,8379,,,0,23,,8380,,,0,20,,8381,,,0,60,,8382,,,0,20,,8383,,,0,20,,8384,,,0,60,,8385,,,0,20,,8386,,,0,20,,8387,,,0,60,,8388,,,0,15,,8389,,,0,30,,8390,,,0,70,,8391,,,0,30,,8392,,,0,70,,8393,,,0,30,,8394,,,0
12700,'3602',749,,8395,,,0,76,,8396,,,0,76,,8397,,,0,36,,8398,,,0,76,,8399,,,0,36,,8400,,,0,76,,8401,,,0,76,,8402,,,0,36,,8403,,,0,76,,8404,,,0,36,,8405,,,0,64,,8406,,,0,20,,8407,,,0,24,,8408,,,0,64,,8409,,,0,24,,8410,,,0,69,,8411,,,0,20,,8412,,,0,10,,8413,,,0,60,,8414,,,0,20,,8415,,,0,10,,8416,,,0,20,,8417,,,0,58,,8418,,,0
12700,'3903',607,,8462,,,0,30,,8463,,,0,70,,8464,,,0,30,,8465,,,0,70,,8466,,,0,30,,8419,,,0,70,,8420,,,0,30,,8421,,,0,71,,8422,,,0,25,,8423,,,0,20,,8424,,,0,60,,8425,,,0,20,,8426,,,0,20,,8427,,,0,62,,8428,,,0,20,,8429,,,0,20,,8430,,,0,60,,8431,,,0,20,,8432,,,0,20,,8433,,,0,60,,8434,,,0,20,,8435,,,0,20,,8436,,,0,60,,8437,,,0,20,,8438,,,0,20,,8439,,,0,60,,8440,,,0,20,,8441,,,0,20,,8442,,,0,60,,8443,,,0,20,,8444,,,0,20,,8445,,,0,57,,8446,,,0,20,,8447,,,0,20,,8448,,,0,60,,8449,,,0,20,,8450,,,0,20,,8451,,,0,60,,8452,,,0,20,,8453,,,0,20,,8454,,,0,54,,8455,,,0,30,,8456,,,0,70,,8457,,,0,30,,8458,,,0,70,,8459,,,0,30,,8460,,,0,70,,8461,,,0
12700,'6404',707,,8499,,,0,30,,8500,,,0,70,,8501,,,0,30,,8502,,,0,70,,8503,,,0,20,,8467,,,0,20,,8468,,,0,60,,8469,,,0,20,,8470,,,0,20,,8471,,,0,60,,8472,,,0,20,,8473,,,0,20,,8474,,,0,61,,8475,,,0,20,,8476,,,0,20,,8477,,,0,60,,8478,,,0,20,,8479,,,0,20,,8480,,,0,60,,8481,,,0,20,,8482,,,0,20,,8483,,,0,60,,8484,,,0,20,,8485,,,0,20,,8486,,,0,60,,8487,,,0,20,,8488,,,0,20,,8489,,,0,58,,8490,,,0,35,,8491,,,0,75,,8492,,,0,35,,8493,,,0,75,,8494,,,0,75,,8495,,,0,35,,8496,,,0,75,,8497,,,0,35,,8498,,,0,75,,8504,,,0,35,,8505,,,0
