2700,'2',637,,14606,38,4,,0,70,,14607,38,4,,0,33,,14603,38,4,,0,16,,14604,38,4,,0,56,,14615,38,4,,0,14,,14648,38,4,,0,17,,14608,38,4,,0,16,,14632,38,4,,0,57,,14624,38,4,,0,16,,14640,38,4,,0,15,,14616,38,4,,0,56,,14647,38,4,,0,15,,14609,38,4,,0,17,,14633,38,4,,0,17,,14625,38,4,,0,56,,14641,38,4,,0,15,,14617,38,4,,0,16,,14646,38,4,,0,15,,14610,38,4,,0,57,,14634,38,4,,0,17,,14626,38,4,,0,17,,14642,38,4,,0,55,,14618,38,4,,0,16,,14649,38,4,,0,15,,14611,38,4,,0,16,,14635,38,4,,0,57,,14627,38,4,,0,17,,14643,38,4,,0,15,,14619,38,4,,0,13,,14650,38,4,,0,55,,14612,38,4,,0,16,,14636,38,4,,0,20,,14628,38,4,,0,17,,14644,38,4,,0,55,,14620,38,4,,0,13,,14651,38,4,,0,15,,14613,38,4,,0,13,,14605,38,4,,0,59,,14637,38,4,,0,20,,14629,38,4,,0,18,,14645,38,4,,0,54,,14621,38,4,,0,13,,14652,38,4,,0,15,,14614,38,4,,0,5,,14654,38,4,,0,21,,14638,38,4,,0,60,,14630,38,4,,0,26,,14622,38,4,,0,13,,14653,38,4,,0,60,,14655,38,4,,0,20,,14639,38,4,,0,21,,14631,38,4,,0,66,,14623,38,4,,0,13,,14660,38,4,,0,14,,14656,38,4,,0,70,,14657,38,4,,0,30,,14658,38,4,,0,70,,14659,38,4,,0
2700,'3',930,,14661,38,4,,0,29,,14663,38,4,,0,98,,14672,38,4,,0,76,,14664,38,4,,0,72,,14682,38,4,,0,32,,14673,38,4,,0,72,,14665,38,4,,0,32,,14662,38,4,,0,72,,14674,38,4,,0,34,,14666,38,4,,0,72,,14681,38,4,,0,30,,14675,38,4,,0,74,,14667,38,4,,0,32,,14683,38,4,,0,70,,14676,38,4,,0,34,,14668,38,4,,0,72,,14684,38,4,,0,17,,14677,38,4,,0,85,,14669,38,4,,0,85,,14678,38,4,,0,85,,14670,38,4,,0,40,,14679,38,4,,0,80,,14671,38,4,,0,80,,14680,38,4,,0
2700,'30',912,,14685,38,4,,0,45,,14692,38,4,,0,85,,14686,38,4,,0,85,,14693,38,4,,0,85,,14687,38,4,,0,88,,14694,38,4,,0,32,,14696,38,4,,0,27,,14688,38,4,,0,77,,14695,38,4,,0,72,,14697,38,4,,0,32,,14689,38,4,,0,72,,14698,38,4,,0,32,,14700,38,4,,0,72,,14690,38,4,,0,36,,14699,38,4,,0,86,,14691,38,4,,0,85,,14702,38,4,,0,85,,14701,38,4,,0
2700,'4',912,,14703,38,4,,0,45,,14710,38,4,,0,85,,14704,38,4,,0,85,,14711,38,4,,0,85,,14705,38,4,,0,88,,14712,38,4,,0,32,,14714,38,4,,0,27,,14706,38,4,,0,77,,14713,38,4,,0,72,,14715,38,4,,0,32,,14707,38,4,,0,72,,14716,38,4,,0,32,,14718,38,4,,0,72,,14708,38,4,,0,36,,14717,38,4,,0,86,,14709,38,4,,0,85,,14720,38,4,,0,85,,14719,38,4,,0
2701,'2',640,,14730,1,,,0,71,,14723,1,,,0,33,,14740,1,,,0,56,,14757,1,,,0,16,,14731,1,,,0,14,,14765,1,,,0,17,,14724,1,,,0,55,,14749,1,,,0,17,,14741,1,,,0,16,,14758,1,,,0,15,,14732,1,,,0,56,,14764,1,,,0,15,,14725,1,,,0,17,,14750,1,,,0,17,,14742,1,,,0,56,,14759,1,,,0,15,,14733,1,,,0,16,,14766,1,,,0,15,,14726,1,,,0,57,,14751,1,,,0,17,,14743,1,,,0,17,,14760,1,,,0,55,,14734,1,,,0,16,,14767,1,,,0,15,,14727,1,,,0,16,,14752,1,,,0,58,,14744,1,,,0,17,,14761,1,,,0,15,,14735,1,,,0,13,,14768,1,,,0,55,,14728,1,,,0,16,,14753,1,,,0,20,,14745,1,,,0,56,,14762,1,,,0,14,,14736,1,,,0,13,,14769,1,,,0,15,,14729,1,,,0,13,,14773,1,,,0,59,,14754,1,,,0,20,,14746,1,,,0,18,,14763,1,,,0,55,,14737,1,,,0,13,,14770,1,,,0,20,,14772,1,,,0,60,,14755,1,,,0,21,,14747,1,,,0,26,,14738,1,,,0,53,,14771,1,,,0,20,,14774,1,,,0,20,,14756,1,,,0,60,,14748,1,,,0,26,,14739,1,,,0,27,,14775,1,,,0,70,,14776,1,,,0
2701,'3',932,,14787,1,,,0,27,,14778,1,,,0,144,,14788,1,,,0,32,,14779,1,,,0,72,,14796,1,,,0,32,,14789,1,,,0,72,,14780,1,,,0,32,,14797,1,,,0,72,,14790,1,,,0,34,,14781,1,,,0,72,,14798,1,,,0,30,,14791,1,,,0,74,,14782,1,,,0,32,,14799,1,,,0,70,,14792,1,,,0,78,,14783,1,,,0,45,,14793,1,,,0,85,,14784,1,,,0,85,,14794,1,,,0,85,,14785,1,,,0,40,,14795,1,,,0,80,,14786,1,,,0,80,,14800,1,,,0
2701,'30',914,,14802,1,,,0,45,,14808,1,,,0,85,,14803,1,,,0,85,,14809,1,,,0,85,,14804,1,,,0,88,,14810,1,,,0,32,,14811,1,,,0,72,,14805,1,,,0,32,,14813,1,,,0,72,,14812,1,,,0,32,,14806,1,,,0,72,,14814,1,,,0,32,,14816,1,,,0,72,,14807,1,,,0,37,,14815,1,,,0,85,,14817,1,,,0,85,,14818,1,,,0
2701,'4',914,,14820,1,,,0,45,,14826,1,,,0,85,,14821,1,,,0,85,,14827,1,,,0,85,,14822,1,,,0,88,,14828,1,,,0,32,,14829,1,,,0,72,,14823,1,,,0,32,,14831,1,,,0,72,,14830,1,,,0,32,,14824,1,,,0,72,,14832,1,,,0,32,,14834,1,,,0,72,,14825,1,,,0,37,,14833,1,,,0,85,,14835,1,,,0,85,,14836,1,,,0
9100,'2',711,,15924,1,,,0,15,,15925,1,,,0,15,,15926,1,,,0,10,,15927,1,,,0,55,,15928,1,,,0,15,,15929,1,,,0,17,,15930,1,,,0,19,,15931,1,,,0,57,,15932,1,,,0,17,,15933,1,,,0,17,,15934,1,,,0,57,,15935,1,,,0,17,,15936,1,,,0,17,,15937,1,,,0,17,,15938,1,,,0,57,,15939,1,,,0,17,,15940,1,,,0,17,,15941,1,,,0,58,,15942,1,,,0,18,,15943,1,,,0,18,,15944,1,,,0,18,,15945,1,,,0,58,,15946,1,,,0,18,,15947,1,,,0,18,,15948,1,,,0,56,,15949,1,,,0,16,,15950,1,,,0,15,,15951,1,,,0,15,,15952,1,,,0,55,,15953,1,,,0,15,,15954,1,,,0,15,,15955,1,,,0,15,,15956,1,,,0,55,,15957,1,,,0,15,,15958,1,,,0,15,,15959,1,,,0,15,,15960,1,,,0,55,,15961,1,,,0,15,,15962,1,,,0,15,,15963,1,,,0,12,,15964,1,,,0,56,,15965,1,,,0,13,,15966,1,,,0,16,,15967,1,,,0,16,,15968,1,,,0,56,,15969,1,,,0,16,,15970,1,,,0,16,,15971,1,,,0
9100,'3',1114,,15995,1,,,0,25,,15994,1,,,0,65,,15993,1,,,0,26,,15992,1,,,0,25,,15991,1,,,0,65,,15990,1,,,0,25,,15989,1,,,0,65,,15988,1,,,0,25,,15987,1,,,0,65,,15986,1,,,0,25,,15985,1,,,0,25,,15984,1,,,0,65,,15983,1,,,0,25,,15982,1,,,0,65,,15981,1,,,0,25,,15980,1,,,0,25,,15979,1,,,0,65,,15978,1,,,0,25,,15977,1,,,0,65,,15976,1,,,0,25,,15975,1,,,0,65,,15974,1,,,0,25,,15973,1,,,0,25,,15972,1,,,0,63,,15996,1,,,0
9100,'4',1213,,16016,1,,,0,25,,16015,1,,,0,65,,16014,1,,,0,25,,16013,1,,,0,25,,16012,1,,,0,65,,16011,1,,,0,25,,16010,1,,,0,65,,16009,1,,,0,25,,16008,1,,,0,25,,16007,1,,,0,65,,16006,1,,,0,25,,16005,1,,,0,65,,16004,1,,,0,25,,16003,1,,,0,65,,16002,1,,,0,25,,16001,1,,,0,25,,16000,1,,,0,65,,15999,1,,,0,25,,15998,1,,,0,62,,15997,1,,,0
9101,'2',747,,16022,10,4,,0,55,,16017,10,4,,0,15,,16018,10,4,,0,15,,16019,10,4,,0,15,,16020,10,4,,0,10,,16021,10,4,,0,54,,16023,10,4,,0,17,,16024,10,4,,0,17,,16025,10,4,,0,57,,16026,10,4,,0,17,,16027,10,4,,0,17,,16028,10,4,,0,17,,16029,10,4,,0,57,,16030,10,4,,0,17,,16031,10,4,,0,17,,16032,10,4,,0,57,,16033,10,4,,0,18,,16034,10,4,,0,18,,16035,10,4,,0,18,,16036,10,4,,0,58,,16037,10,4,,0,18,,16038,10,4,,0,18,,16039,10,4,,0,58,,16040,10,4,,0,16,,16041,10,4,,0,10,,16042,10,4,,0,15,,16043,10,4,,0,55,,16044,10,4,,0,15,,16045,10,4,,0,15,,16046,10,4,,0,15,,16047,10,4,,0,55,,16048,10,4,,0,17,,16049,10,4,,0,15,,16050,10,4,,0,15,,16051,10,4,,0,55,,16052,10,4,,0,15,,16053,10,4,,0,15,,16054,10,4,,0,15,,16055,10,4,,0,55,,16056,10,4,,0,12,,16057,10,4,,0,17,,16058,10,4,,0,16,,16059,10,4,,0,56,,16060,10,4,,0,16,,16061,10,4,,0,16,,16062,10,4,,0,16,,16063,10,4,,0,56,,16064,10,4,,0
9101,'3',1111,,16088,10,4,,0,25,,16087,10,4,,0,65,,16086,10,4,,0,28,,16085,10,4,,0,25,,16084,10,4,,0,65,,16083,10,4,,0,25,,16082,10,4,,0,65,,16081,10,4,,0,24,,16080,10,4,,0,25,,16079,10,4,,0,65,,16078,10,4,,0,25,,16077,10,4,,0,65,,16076,10,4,,0,25,,16075,10,4,,0,65,,16074,10,4,,0,25,,16073,10,4,,0,25,,16072,10,4,,0,64,,16071,10,4,,0,25,,16070,10,4,,0,65,,16069,10,4,,0,25,,16068,10,4,,0,25,,16067,10,4,,0,65,,16066,10,4,,0,25,,16065,10,4,,0,63,,16089,10,4,,0
9101,'4',1211,,16109,10,4,,0,25,,16108,10,4,,0,65,,16107,10,4,,0,25,,16106,10,4,,0,25,,16105,10,4,,0,65,,16104,10,4,,0,25,,16103,10,4,,0,65,,16102,10,4,,0,25,,16101,10,4,,0,25,,16100,10,4,,0,65,,16099,10,4,,0,25,,16098,10,4,,0,65,,16097,10,4,,0,25,,16096,10,4,,0,65,,16095,10,4,,0,22,,16094,10,4,,0,25,,16093,10,4,,0,65,,16092,10,4,,0,25,,16091,10,4,,0,65,,16090,10,4,,0
