'2',700,61100,,'',0,2000,,'',0,2500,,'',0,6000,,'',0,2000,,'',0,2000,,'',0,6000,,'',0,2100,,'',0,6600,,'',0,3000,,'',0,7000,,'',0,2500,,'',0,3000,,'',0,7000,,'',0,2900,,'',0,7000,,'',0,3000,,'',0,7000,,'',0,2500,,'',0,6000,,'',0,2000,,'',0,2000,,'',0,6000,,'',0,2000,,'',0,1900,,'',0,6000,,'',0,2000,,'',0,2500,,'',0,5500,,'',0,2000,,'',0,2800,,'',0,6500,,'',0,2500,,'',0,6500,,'',0,2500,,'',0,6500,,'',0,2500,,'',0,7900,,'',0,3000,,'',0,7000,,'',0,3000,,'',0,7000,,'',0,2700,,'',0
'2',701,64700,4,'',0,6000,4,'',0,3800,4,'',0,6500,4,'',0,2000,4,'',0,2000,4,'',0,6000,4,'',0,1900,4,'',0,3000,4,'',0,5500,4,'',0,3000,4,'',0,7000,4,'',0,3000,4,'',0,7100,4,'',0,3100,4,'',0,7000,4,'',0,3000,4,'',0,7000,4,'',0,2500,4,'',0,6000,4,'',0,2000,4,'',0,2000,4,'',0,6000,4,'',0,2300,4,'',0,2000,4,'',0,6000,4,'',0,2000,4,'',0,2000,4,'',0,6000,4,'',0,1500,4,'',0,2500,4,'',0,6500,4,'',0,2500,4,'',0,2500,4,'',0,6500,4,'',0,3000,4,'',0,7800,4,'',0,7000,4,'',0,3000,4,'',0,7000,4,'',0,3000,4,'',0,7000,4,'',0
'3',700,60900,,'',0,2900,,'',0,7000,,'',0,3900,,'',0,6600,,'',0,3000,,'',0,6500,,'',0,2500,,'',0,7100,,'',0,3000,,'',0,2500,,'',0,6500,,'',0,2900,,'',0,7000,,'',0,3000,,'',0,6500,,'',0,3000,,'',0,7000,,'',0,3000,,'',0,7000,,'',0,3000,,'',0,7000,,'',0,3000,,'',0,7000,,'',0,2600,,'',0,7100,,'',0,3000,,'',0,7000,,'',0,2500,,'',0,7000,,'',0,3100,,'',0,7100,,'',0,2800,,'',0,7200,,'',0,3000,,'',0,7000,,'',0,3000,,'',0
'3',701,64800,4,'',0,7700,4,'',0,3000,4,'',0,7300,4,'',0,3000,4,'',0,6500,4,'',0,3000,4,'',0,7100,4,'',0,2500,4,'',0,6500,4,'',0,3000,4,'',0,7100,4,'',0,2500,4,'',0,6500,4,'',0,3000,4,'',0,7000,4,'',0,2900,4,'',0,7000,4,'',0,3000,4,'',0,7000,4,'',0,3000,4,'',0,7000,4,'',0,3000,4,'',0,7000,4,'',0,3000,4,'',0,7000,4,'',0,2500,4,'',0,2500,4,'',0,7000,4,'',0,2500,4,'',0,6100,4,'',0,2900,4,'',0,7000,4,'',0,3000,4,'',0,7000,4,'',0,3000,4,'',0,7000,4,'',0
'30',700,83900,,'',0,8500,,'',0,3000,,'',0,7000,,'',0,2500,,'',0,6500,,'',0,2900,,'',0,7000,,'',0,3000,,'',0,6500,,'',0,3000,,'',0,7000,,'',0,3000,,'',0,6500,,'',0,3000,,'',0,7000,,'',0,2200,,'',0,3000,,'',0,7000,,'',0,3000,,'',0,7000,,'',0,3000,,'',0,7000,,'',0,3000,,'',0,7000,,'',0,3000,,'',0,7000,,'',0,3300,,'',0,8500,,'',0
'30',701,91900,4,'',0,2500,4,'',0,7500,4,'',0,2000,4,'',0,6500,4,'',0,3000,4,'',0,7000,4,'',0,2700,4,'',0,2500,4,'',0,7000,4,'',0,3000,4,'',0,7000,4,'',0,2500,4,'',0,7000,4,'',0,3000,4,'',0,7000,4,'',0,3000,4,'',0,6900,4,'',0,3000,4,'',0,7000,4,'',0,3000,4,'',0,7000,4,'',0,3000,4,'',0,7000,4,'',0,3000,4,'',0,7000,4,'',0,3000,4,'',0,6700,4,'',0,3000,4,'',0,7000,4,'',0
'4',700,83900,,'',0,8500,,'',0,3000,,'',0,7000,,'',0,2500,,'',0,6500,,'',0,2900,,'',0,7000,,'',0,3000,,'',0,6500,,'',0,3000,,'',0,7000,,'',0,3000,,'',0,6500,,'',0,3000,,'',0,7000,,'',0,2200,,'',0,3000,,'',0,7000,,'',0,3000,,'',0,7000,,'',0,3000,,'',0,7000,,'',0,3000,,'',0,7000,,'',0,3000,,'',0,7000,,'',0,3300,,'',0,8500,,'',0
'4',701,91900,4,'',0,2500,4,'',0,7500,4,'',0,2000,4,'',0,6500,4,'',0,3000,4,'',0,7000,4,'',0,2700,4,'',0,2500,4,'',0,7000,4,'',0,3000,4,'',0,7000,4,'',0,2500,4,'',0,7000,4,'',0,3000,4,'',0,7000,4,'',0,3000,4,'',0,6900,4,'',0,3000,4,'',0,7000,4,'',0,3000,4,'',0,7000,4,'',0,3000,4,'',0,7000,4,'',0,3000,4,'',0,7000,4,'',0,3000,4,'',0,6700,4,'',0,3000,4,'',0,7000,4,'',0
'5',700,83900,,'',0,8500,,'',0,3000,,'',0,7000,,'',0,2500,,'',0,6500,,'',0,2900,,'',0,7000,,'',0,3000,,'',0,6500,,'',0,3000,,'',0,7000,,'',0,3000,,'',0,6500,,'',0,3000,,'',0,7000,,'',0,2200,,'',0,3000,,'',0,7000,,'',0,3000,,'',0,7000,,'',0,3000,,'',0,7000,,'',0,3000,,'',0,7000,,'',0,3000,,'',0,7000,,'',0,3300,,'',0,8500,,'',0
'5',701,91900,4,'',0,2500,4,'',0,7500,4,'',0,2000,4,'',0,6500,4,'',0,3000,4,'',0,7000,4,'',0,2700,4,'',0,2500,4,'',0,7000,4,'',0,3000,4,'',0,7000,4,'',0,2500,4,'',0,7000,4,'',0,3000,4,'',0,7000,4,'',0,3000,4,'',0,6900,4,'',0,3000,4,'',0,7000,4,'',0,3000,4,'',0,7000,4,'',0,3000,4,'',0,7000,4,'',0,3000,4,'',0,7000,4,'',0,3000,4,'',0,6700,4,'',0,3000,4,'',0,7000,4,'',0
'6',700,85900,,'',0,9500,,'',0,9400,,'',0,9500,,'',0,9500,,'',0,10000,,'',0,9500,,'',0,10000,,'',0,9700,,'',0,9500,,'',0,9000,,'',0,8500,,'',0,4500,,'',0,8500,,'',0,8800,,'',0,8500,,'',0,10000,,'',0
'6',701,94400,4,'',0,9500,4,'',0,9500,4,'',0,9200,4,'',0,9500,4,'',0,9500,4,'',0,10000,4,'',0,9400,4,'',0,10500,4,'',0,9500,4,'',0,4500,4,'',0,8500,4,'',0,8500,4,'',0,8500,4,'',0,4200,4,'',0,8900,4,'',0,8100,4,'',0
'8',700,61100,,'',0,2000,,'',0,2500,,'',0,6000,,'',0,2000,,'',0,2000,,'',0,6000,,'',0,2100,,'',0,6600,,'',0,3000,,'',0,7000,,'',0,2500,,'',0,3000,,'',0,7000,,'',0,2900,,'',0,7000,,'',0,3000,,'',0,7000,,'',0,2500,,'',0,6000,,'',0,2000,,'',0,2000,,'',0,6000,,'',0,2000,,'',0,1900,,'',0,6000,,'',0,2000,,'',0,2500,,'',0,5500,,'',0,2000,,'',0,2800,,'',0,6500,,'',0,2500,,'',0,6500,,'',0,2500,,'',0,6500,,'',0,2500,,'',0,7900,,'',0,3000,,'',0,7000,,'',0,3000,,'',0,7000,,'',0,2700,,'',0,7300,,'',0,3300,,'',0,5900,0,'Brydges & Highbury',0
'8',701,64700,4,'',0,6000,4,'',0,3800,4,'',0,6500,4,'',0,2000,4,'',0,2000,4,'',0,6000,4,'',0,1900,4,'',0,3000,4,'',0,5500,4,'',0,3000,4,'',0,7000,4,'',0,3000,4,'',0,7100,4,'',0,3100,4,'',0,7000,4,'',0,3000,4,'',0,7000,4,'',0,2500,4,'',0,6000,4,'',0,2000,4,'',0,2000,4,'',0,6000,4,'',0,2300,4,'',0,2000,4,'',0,6000,4,'',0,2000,4,'',0,2000,4,'',0,6000,4,'',0,1500,4,'',0,2500,4,'',0,6500,4,'',0,2500,4,'',0,2500,4,'',0,6500,4,'',0,3000,4,'',0,7800,4,'',0,7000,4,'',0,3000,4,'',0,7000,4,'',0,3000,4,'',0,7000,4,'',0,3000,4,'',0,6800,4,'',0,3200,4,'',0
