700,'2',615,,10702,17,,,0,27,,10703,17,,,0,68,,10704,17,,,0,20,,10705,17,,,0,20,,10706,17,,,0,60,,10707,17,,,0,20,,10708,17,,,0,21,,10709,17,,,0,65,,10710,17,,,0,30,,10711,17,,,0,70,,10712,17,,,0,25,,10713,17,,,0,70,,10714,17,,,0,30,,10715,17,,,0,69,,10716,17,,,0,30,,10717,17,,,0,70,,10718,17,,,0,30,,10720,17,,,0,66,,10721,17,,,0,20,,10722,17,,,0,20,,10723,17,,,0,60,,10724,17,,,0,20,,10725,17,,,0,20,,10726,17,,,0,59,,10727,17,,,0,20,,10728,17,,,0,20,,10729,17,,,0,65,,10730,17,,,0,15,,10731,17,,,0,20,,10732,17,,,0,66,,10733,17,,,0,25,,10734,17,,,0,65,,10735,17,,,0,25,,10736,17,,,0,25,,10737,17,,,0,65,,10738,17,,,0,25,,10739,17,,,0,78,,10740,17,,,0,30,,10741,17,,,0,70,,10742,17,,,0,30,,10743,17,,,0,70,,10744,17,,,0,27,,10745,17,,,0
700,'3',620,,10781,17,,,0,29,,10782,17,,,0,70,,10780,17,,,0,39,,10746,17,,,0,68,,10779,17,,,0,30,,10747,17,,,0,65,,10748,17,,,0,25,,10749,17,,,0,70,,10750,17,,,0,30,,10751,17,,,0,65,,10752,17,,,0,25,,10753,17,,,0,70,,10754,17,,,0,30,,10755,17,,,0,70,,10756,17,,,0,25,,10757,17,,,0,70,,10758,17,,,0,30,,10759,17,,,0,70,,10760,17,,,0,30,,10761,17,,,0,70,,10762,17,,,0,30,,10763,17,,,0,70,,10764,17,,,0,30,,10765,17,,,0,26,,10766,17,,,0,70,,10767,17,,,0,30,,10768,17,,,0,70,,10769,17,,,0,25,,10770,17,,,0,70,,10771,17,,,0,31,,10772,17,,,0,70,,10773,17,,,0,28,,10774,17,,,0,72,,10775,17,,,0,30,,10776,17,,,0,70,,10777,17,,,0,30,,10778,17,,,0
700,'30',852,,10784,17,,,0,85,,10786,17,,,0,70,,10787,17,,,0,30,,10788,17,,,0,65,,10789,17,,,0,25,,10790,17,,,0,29,,10791,17,,,0,70,,10792,17,,,0,30,,10793,17,,,0,65,,10794,17,,,0,30,,10795,17,,,0,70,,10796,17,,,0,30,,10797,17,,,0,65,,10798,17,,,0,30,,10799,17,,,0,70,,10800,17,,,0,22,,10801,17,,,0,69,,10802,17,,,0,30,,10803,17,,,0,70,,10804,17,,,0,30,,10805,17,,,0,70,,10806,17,,,0,30,,10807,17,,,0,70,,10808,17,,,0,30,,10809,17,,,0,70,,10810,17,,,0,30,,10811,17,,,0,72,,10813,17,,,0,45,,10812,17,,,0
700,'4',852,,10815,17,,,0,85,,10817,17,,,0,70,,10818,17,,,0,30,,10819,17,,,0,65,,10820,17,,,0,25,,10821,17,,,0,29,,10822,17,,,0,70,,10823,17,,,0,30,,10824,17,,,0,65,,10825,17,,,0,30,,10826,17,,,0,70,,10827,17,,,0,30,,10828,17,,,0,65,,10829,17,,,0,30,,10830,17,,,0,70,,10831,17,,,0,22,,10832,17,,,0,69,,10833,17,,,0,30,,10834,17,,,0,70,,10835,17,,,0,30,,10836,17,,,0,70,,10837,17,,,0,30,,10838,17,,,0,70,,10839,17,,,0,30,,10840,17,,,0,70,,10841,17,,,0,30,,10842,17,,,0,72,,10844,17,,,0,45,,10843,17,,,0
1201,'2',614,,11841,21,,,0,29,,11840,21,,,0,71,,11842,21,,,0,26,,11843,21,,,0,70,,11844,21,,,0,30,,11845,21,,,0,70,,11846,21,,,0,32,,11847,21,,,0,70,,11848,21,,,0,30,,11849,21,,,0,70,,11850,21,,,0,30,,11851,21,,,0,70,,11852,21,,,0,30,,11853,21,,,0,70,,11854,21,,,0,30,,11855,21,,,0,70,,11856,21,,,0,23,,11857,21,,,0,17,,11858,21,,,0,65,,11859,21,,,0,25,,11860,21,,,0,65,,11861,21,,,0,26,,11862,21,,,0,25,,11863,21,,,0,65,,11864,21,,,0,25,,11865,21,,,0,65,,11866,21,,,0,30,,11868,21,,,0,70,,11869,21,,,0,30,,11870,21,,,0,70,,11871,21,,,0,30,,11872,21,,,0,70,,11877,21,,,0,30,,11876,21,,,0,69,,11878,21,,,0,33,,11873,21,,,0,70,,11879,21,,,0,29,,11874,21,,,0
1201,'3',617,,11881,21,,,0,28,,11903,21,,,0,72,,11882,21,,,0,28,,11902,21,,,0,70,,11883,21,,,0,30,,11901,21,,,0,65,,11884,21,,,0,25,,11900,21,,,0,70,,11885,21,,,0,30,,11899,21,,,0,70,,11886,21,,,0,30,,11898,21,,,0,70,,11887,21,,,0,35,,11897,21,,,0,75,,11888,21,,,0,35,,11889,21,,,0,75,,11890,21,,,0,75,,11891,21,,,0,35,,11892,21,,,0,75,,11893,21,,,0,35,,11894,21,,,0,78,,11895,21,,,0,25,,11896,21,,,0,73,,11904,21,,,0,27,,11910,21,,,0,73,,11905,21,,,0,27,,11911,21,,,0,73,,11906,21,,,0,27,,11912,21,,,0,72,,11907,21,,,0,27,,11913,21,,,0,73,,11908,21,,,0,27,,11914,21,,,0,73,,11909,21,,,0,27,,11915,21,,,0,65,,11916,21,,,0
1201,'30',818,,11932,21,,,0,30,,11931,21,,,0,70,,11933,21,,,0,23,,11918,21,,,0,70,,11934,21,,,0,30,,11930,21,,,0,70,,11935,21,,,0,24,,11929,21,,,0,70,,11936,21,,,0,24,,11928,21,,,0,24,,11937,21,,,0,71,,11927,21,,,0,24,,11938,21,,,0,70,,11926,21,,,0,30,,11939,21,,,0,70,,11925,21,,,0,30,,11940,21,,,0,70,,11924,21,,,0,30,,11941,21,,,0,70,,11923,21,,,0,30,,11942,21,,,0,70,,11922,21,,,0,30,,11943,21,,,0,70,,11921,21,,,0,30,,11944,21,,,0,70,,11920,21,,,0,30,,11945,21,,,0,70,,11917,21,,,0,30,,11946,21,,,0
1201,'4',818,,11962,21,,,0,30,,11961,21,,,0,70,,11963,21,,,0,23,,11948,21,,,0,70,,11964,21,,,0,30,,11960,21,,,0,70,,11965,21,,,0,24,,11959,21,,,0,70,,11966,21,,,0,24,,11958,21,,,0,24,,11967,21,,,0,71,,11957,21,,,0,24,,11968,21,,,0,70,,11956,21,,,0,30,,11969,21,,,0,70,,11955,21,,,0,30,,11970,21,,,0,70,,11954,21,,,0,30,,11971,21,,,0,70,,11953,21,,,0,30,,11972,21,,,0,70,,11952,21,,,0,30,,11973,21,,,0,70,,11951,21,,,0,30,,11974,21,,,0,70,,11950,21,,,0,30,,11975,21,,,0,70,,11947,21,,,0,30,,11976,21,,,0
9300,'2',616,,16152,27,,,0,85,,16153,27,,,0,35,,16154,27,,,0,70,,16176,27,,,0,47,,16155,27,,,0,70,,16156,27,,,0,28,,16157,27,,,0,75,,16158,27,,,0,75,,16159,27,,,0,25,,16160,27,,,0,30,,16161,27,,,0,71,,16162,27,,,0,28,,16163,27,,,0,72,,16164,27,,,0,30,,16165,27,,,0,74,,16166,27,,,0,13,,16168,27,,,0,10,,16167,27,,,0,77,,16169,27,,,0,69,,16170,27,,,0,26,,16171,27,,,0,30,,16172,27,,,0,73,,16173,27,,,0,23,,16174,27,,,0,63,,16178,27,,,0,31,,16179,27,,,0,65,,16182,27,,,0,30,,16175,27,,,0,76,,16180,27,,,0,26,,16183,27,,,0,67,,16177,27,,,0,37,,16185,27,,,0,98,,16181,27,,,0,69,,16186,27,,,0,95,,16184,27,,,0
9300,'3',820,,16188,27,,,0,25,,16189,27,,,0,65,,16190,27,,,0,25,,16191,27,,,0,65,,16192,27,,,0,18,,16193,27,,,0,27,,16194,27,,,0,70,,16195,27,,,0,30,,16196,27,,,0,70,,16197,27,,,0,31,,16198,27,,,0,79,,16199,27,,,0,30,,16200,27,,,0,71,,16201,27,,,0,80,,16202,27,,,0,30,,16203,27,,,0,70,,16204,27,,,0,35,,16205,27,,,0,75,,16206,27,,,0,30,,16207,27,,,0,68,,16208,27,,,0,25,,16209,27,,,0,65,,16210,27,,,0,22,,16211,27,,,0,25,,16212,27,,,0,65,,16213,27,,,0,25,,16214,27,,,0,65,,16215,27,,,0,23,,16216,27,,,0,25,,16217,27,,,0,81,,16218,27,,,0,65,,16219,27,,,0,25,,16220,27,,,0
9300,'30',815,,16248,27,,,0,25,,16223,27,,,0,75,,16224,27,,,0,35,,16225,27,,,0,75,,16226,27,,,0,75,,16227,27,,,0,35,,16228,27,,,0,75,,16229,27,,,0,37,,16230,27,,,0,77,,16231,27,,,0,77,,16232,27,,,0,37,,16233,27,,,0,77,,16234,27,,,0,37,,16235,27,,,0,77,,16236,27,,,0,77,,16237,27,,,0,37,,16238,27,,,0,77,,16239,27,,,0,37,,16240,27,,,0,77,,16241,27,,,0,77,,16242,27,,,0,37,,16243,27,,,0,77,,16244,27,,,0,77,,16245,27,,,0,32,,16246,27,,,0
9300,'4',815,,16274,27,,,0,25,,16249,27,,,0,75,,16250,27,,,0,35,,16251,27,,,0,75,,16252,27,,,0,75,,16253,27,,,0,35,,16254,27,,,0,75,,16255,27,,,0,37,,16256,27,,,0,77,,16257,27,,,0,77,,16258,27,,,0,37,,16259,27,,,0,77,,16260,27,,,0,37,,16261,27,,,0,77,,16262,27,,,0,77,,16263,27,,,0,37,,16264,27,,,0,77,,16265,27,,,0,37,,16266,27,,,0,77,,16267,27,,,0,77,,16268,27,,,0,37,,16269,27,,,0,77,,16270,27,,,0,77,,16271,27,,,0,32,,16272,27,,,0
