700,'2',605,,10702,3,,,0,27,,10703,3,,,0,25,,10704,3,,,0,60,,10705,3,,,0,20,,10706,3,,,0,20,,10707,3,,,0,60,,10708,3,,,0,21,,10709,3,,,0,66,,10710,3,,,0,30,,10711,3,,,0,70,,10712,3,,,0,25,,10713,3,,,0,30,,10714,3,,,0,70,,10715,3,,,0,29,,10716,3,,,0,70,,10717,3,,,0,30,,10718,3,,,0,70,,10720,3,,,0,25,,10721,3,,,0,60,,10722,3,,,0,20,,10723,3,,,0,20,,10724,3,,,0,60,,10725,3,,,0,20,,10726,3,,,0,19,,10727,3,,,0,60,,10728,3,,,0,20,,10729,3,,,0,25,,10730,3,,,0,55,,10731,3,,,0,20,,10732,3,,,0,68,,10733,3,,,0,25,,10734,3,,,0,25,,10735,3,,,0,65,,10736,3,,,0,25,,10737,3,,,0,65,,10738,3,,,0,25,,10739,3,,,0,79,,10740,3,,,0,30,,10741,3,,,0,70,,10742,3,,,0,30,,10743,3,,,0,70,,10744,3,,,0,27,,10745,3,,,0
700,'3',610,,10781,3,,,0,29,,10782,3,,,0,70,,10780,3,,,0,39,,10746,3,,,0,66,,10779,3,,,0,30,,10747,3,,,0,65,,10748,3,,,0,25,,10749,3,,,0,71,,10750,3,,,0,30,,10751,3,,,0,65,,10752,3,,,0,25,,10753,3,,,0,29,,10754,3,,,0,70,,10755,3,,,0,30,,10756,3,,,0,65,,10757,3,,,0,30,,10758,3,,,0,70,,10759,3,,,0,30,,10760,3,,,0,70,,10761,3,,,0,30,,10762,3,,,0,70,,10763,3,,,0,30,,10764,3,,,0,70,,10765,3,,,0,26,,10766,3,,,0,71,,10767,3,,,0,30,,10768,3,,,0,70,,10769,3,,,0,25,,10770,3,,,0,70,,10771,3,,,0,31,,10772,3,,,0,71,,10773,3,,,0,28,,10774,3,,,0,72,,10775,3,,,0,30,,10776,3,,,0,70,,10777,3,,,0,30,,10778,3,,,0
700,'30',840,,10784,3,,,0,85,,10786,3,,,0,30,,10787,3,,,0,70,,10788,3,,,0,25,,10789,3,,,0,65,,10790,3,,,0,29,,10791,3,,,0,70,,10792,3,,,0,30,,10793,3,,,0,65,,10794,3,,,0,30,,10795,3,,,0,70,,10796,3,,,0,30,,10797,3,,,0,65,,10798,3,,,0,30,,10799,3,,,0,70,,10800,3,,,0,22,,10801,3,,,0,30,,10802,3,,,0,70,,10803,3,,,0,30,,10804,3,,,0,70,,10805,3,,,0,30,,10806,3,,,0,70,,10807,3,,,0,30,,10808,3,,,0,70,,10809,3,,,0,30,,10810,3,,,0,70,,10811,3,,,0,33,,10813,3,,,0,85,,10812,3,,,0
700,'4',840,,10815,3,,,0,85,,10817,3,,,0,30,,10818,3,,,0,70,,10819,3,,,0,25,,10820,3,,,0,65,,10821,3,,,0,29,,10822,3,,,0,70,,10823,3,,,0,30,,10824,3,,,0,65,,10825,3,,,0,30,,10826,3,,,0,70,,10827,3,,,0,30,,10828,3,,,0,65,,10829,3,,,0,30,,10830,3,,,0,70,,10831,3,,,0,22,,10832,3,,,0,30,,10833,3,,,0,70,,10834,3,,,0,30,,10835,3,,,0,70,,10836,3,,,0,30,,10837,3,,,0,70,,10838,3,,,0,30,,10839,3,,,0,70,,10840,3,,,0,30,,10841,3,,,0,70,,10842,3,,,0,33,,10844,3,,,0,85,,10843,3,,,0
1000,'2',611,,11357,51,,,0,15,,11358,51,,,0,15,,11359,66,,,0,15,,11360,51,,,0,55,,11368,66,,,0,15,,11369,51,,,0,20,,11367,66,,,0,55,,11370,51,,,0,17,,11361,66,,,0,19,,11407,66,,,0,17,,11362,66,,,0,54,,11408,66,,,0,15,,11366,66,,,0,18,,11365,66,,,0,69,,11363,66,,,0,30,,11374,66,,,0,70,,11373,66,,,0,30,,11372,66,,,0,71,,11371,66,,,0,32,,11378,66,,,0,13,,11379,51,,,0,67,,11377,66,,,0,13,,11411,51,,,0,17,,11376,66,,,0,59,,11375,66,,,0,15,,11412,51,,,0,18,,11381,66,,,0,63,,11380,66,,,0,18,,11409,66,,,0,16,,11382,66,,,0,15,,11410,66,,,0,59,,11383,66,,,0,17,,11390,66,,,0,13,,11384,66,,,0,57,,11385,66,,,0,16,,11386,66,,,0,18,,11387,66,,,0,15,,11388,66,,,0,55,,11413,66,,,0,12,,11389,66,,,0,33,,11391,66,,,0,56,,11392,66,,,0,33,,11393,66,,,0,73,,11394,66,,,0,30,,11395,66,,,0,70,,11396,66,,,0,35,,11397,66,,,0,65,,11398,66,,,0,38,,11399,66,,,0,73,,11400,66,,,0,30,,11401,66,,,0,75,,11402,66,,,0,75,,11403,66,,,0,30,,11404,66,,,0
1000,'3',619,,11419,51,,,0,35,,11416,51,,,0,75,,11417,66,,,0,75,,11418,66,,,0,37,,11420,66,,,0,70,,11421,66,,,0,15,,11422,66,,,0,30,,11423,66,,,0,72,,11424,66,,,0,30,,11425,66,,,0,70,,11426,66,,,0,30,,11427,66,,,0,80,,11428,66,,,0,70,,11429,66,,,0,30,,11430,66,,,0,70,,11431,66,,,0,31,,11432,66,,,0,70,,11433,66,,,0,30,,11434,66,,,0,65,,11435,66,,,0,12,,11436,66,,,0,30,,11437,66,,,0,70,,11438,66,,,0,30,,11439,66,,,0,68,,11440,66,,,0,28,,11441,66,,,0,65,,11442,66,,,0,30,,11443,66,,,0,70,,11444,66,,,0,30,,11445,66,,,0,70,,11446,66,,,0,30,,11450,66,,,0,65,,11451,66,,,0,25,,11452,66,,,0,25,,11453,66,,,0,65,,11454,66,,,0,30,,11455,66,,,0,62,,11456,66,,,0,47,,11457,66,,,0
1000,'30',713,,11458,51,,,0,37,,11494,66,,,0,60,,11459,66,,,0,35,,11493,66,,,0,60,,11460,66,,,0,30,,11461,66,,,0,70,,11462,66,,,0,30,,11463,66,,,0,65,,11464,66,,,0,25,,11465,66,,,0,25,,11466,66,,,0,66,,11467,66,,,0,31,,11468,66,,,0,70,,11469,66,,,0,30,,11470,66,,,0,70,,11471,66,,,0,30,,11472,66,,,0,70,,11473,66,,,0,30,,11474,66,,,0,70,,11475,66,,,0,30,,11476,66,,,0,70,,11477,66,,,0,29,,11480,66,,,0,70,,11481,66,,,0,30,,11482,66,,,0,70,,11483,66,,,0,30,,11484,66,,,0,66,,11485,66,,,0,30,,11486,66,,,0,70,,11487,66,,,0,28,,11488,66,,,0,70,,11489,66,,,0,32,,11490,66,,,0,70,,11491,66,,,0
1000,'4',713,,11495,51,,,0,37,,11531,66,,,0,60,,11496,66,,,0,35,,11530,66,,,0,60,,11497,66,,,0,30,,11498,66,,,0,70,,11499,66,,,0,30,,11500,66,,,0,65,,11501,66,,,0,25,,11502,66,,,0,25,,11503,66,,,0,66,,11504,66,,,0,31,,11505,66,,,0,70,,11506,66,,,0,30,,11507,66,,,0,70,,11508,66,,,0,30,,11509,66,,,0,70,,11510,66,,,0,30,,11511,66,,,0,70,,11512,66,,,0,30,,11513,66,,,0,70,,11514,66,,,0,29,,11517,66,,,0,70,,11518,66,,,0,30,,11519,66,,,0,70,,11520,66,,,0,30,,11521,66,,,0,66,,11522,66,,,0,30,,11523,66,,,0,70,,11524,66,,,0,28,,11525,66,,,0,70,,11526,66,,,0,32,,11527,66,,,0,70,,11528,66,,,0
2401,'2',624,,14219,10,,,0,30,,14220,10,,,0,68,,14221,10,,,0,31,,14222,10,,,0,70,,14223,10,,,0,30,,14224,10,,,0,71,,14225,10,,,0,30,,14226,10,,,0,70,,14227,10,,,0,30,,14228,10,,,0,70,,14229,10,,,0,30,,14230,10,,,0,70,,14231,10,,,0,30,,14232,10,,,0,70,,14233,10,,,0,30,,14234,10,,,0,67,,14235,10,,,0,31,,14236,10,,,0,70,,14237,10,,,0,30,,14238,10,,,0,75,,14241,10,,,0,73,,14242,10,,,0,33,,14243,10,,,0,73,,14244,10,,,0,37,,14245,10,,,0,70,,14246,10,,,0,30,,14247,10,,,0,70,,14248,10,,,0,30,,14249,10,,,0,60,,14250,10,,,0
2401,'3',652,,14266,10,,,0,80,,14265,10,,,0,80,,14251,10,,,0,40,,14252,10,,,0,80,,14259,10,,,0,80,,14253,10,,,0,38,,14260,10,,,0,82,,14254,10,,,0,75,,14261,10,,,0,44,,14255,10,,,0,86,,14262,10,,,0,87,,14256,10,,,0,85,,14263,10,,,0,44,,14257,10,,,0,86,,14264,10,,,0,84,,14258,10,,,0,80,,14268,10,,,0,44,,14269,10,,,0,80,,14270,10,,,0,84,,14271,10,,,0
2401,'30',734,,14286,10,,,0,80,,14285,10,,,0,40,,14284,10,,,0,80,,14283,10,,,0,80,,14272,10,,,0,40,,14273,10,,,0,80,,14278,10,,,0,80,,14274,10,,,0,41,,14279,10,,,0,79,,14275,10,,,0,81,,14280,10,,,0,39,,14276,10,,,0,81,,14281,10,,,0,79,,14277,10,,,0,41,,14282,10,,,0,79,,14288,10,,,0
2401,'4',734,,14303,10,,,0,80,,14302,10,,,0,40,,14301,10,,,0,80,,14300,10,,,0,80,,14289,10,,,0,40,,14290,10,,,0,80,,14295,10,,,0,80,,14291,10,,,0,41,,14296,10,,,0,79,,14292,10,,,0,81,,14297,10,,,0,39,,14293,10,,,0,81,,14298,10,,,0,79,,14294,10,,,0,41,,14299,10,,,0,79,,14305,10,,,0
