601,'2',643,,19135,32,,,0,75,,19137,32,,,0,35,,19138,32,,,0,65,,19139,32,,,0,25,,19140,32,,,0,65,,19141,32,,,0,30,,19143,32,,,0,65,,19144,32,,,0,30,,19145,32,,,0,70,,19146,32,,,0,25,,19147,32,,,0,30,,19148,32,,,0,70,,19149,32,,,0,30,,19150,32,,,0,70,,19151,32,,,0,25,,19152,32,,,0,71,,19153,32,,,0,30,,19154,32,,,0,70,,19155,32,,,0,30,,19156,32,,,0,70,,19157,32,,,0,25,,19158,32,,,0,70,,19159,32,,,0,28,,19160,32,,,0,70,,19161,32,,,0,25,,19162,32,,,0,65,,19163,32,,,0,25,,19164,32,,,0,25,,19165,32,,,0,61,,19166,32,,,0,25,,19167,32,,,0,69,,19168,32,,,0,35,,19169,32,,,0,81,,19170,32,,,0,30,,19171,32,,,0,80,,19172,32,,,0,20,,19175,32,,,0
601,'3',629,,19222,32,,,0,73,,19223,32,,,0,27,,19221,32,,,0,30,,19177,32,,,0,70,,19220,32,,,0,30,,19178,32,,,0,75,,19179,32,,,0,72,,19180,32,,,0,18,,19181,32,,,0,25,,19182,32,,,0,65,,19183,32,,,0,25,,19184,32,,,0,65,,19185,32,,,0,30,,19186,32,,,0,25,,19187,32,,,0,58,,19188,32,,,0,18,,19189,32,,,0,66,,19190,32,,,0,18,,19191,32,,,0,19,,19192,32,,,0,20,,19194,32,,,0,60,,19195,32,,,0,20,,19196,32,,,0,20,,19197,32,,,0,60,,19198,32,,,0,22,,19199,32,,,0,60,,19200,32,,,0,20,,19201,32,,,0,20,,19202,32,,,0,60,,19203,32,,,0,20,,19204,32,,,0,20,,19205,32,,,0,65,,19206,32,,,0,27,,19207,32,,,0,25,,19208,32,,,0,61,,19209,32,,,0,25,,19210,32,,,0,70,,19211,32,,,0,34,,19213,32,,,0,75,,19214,32,,,0,35,,19215,32,,,0,75,,19216,32,,,0,75,,19217,32,,,0
601,'30',928,,19224,32,,,0,73,,19225,32,,,0,35,,19226,32,,,0,75,,19227,32,,,0,38,,19228,32,,,0,79,,19229,32,,,0,25,,19230,32,,,0,65,,19231,32,,,0,25,,19232,32,,,0,65,,19233,32,,,0,25,,19234,32,,,0,25,,19235,32,,,0,65,,19236,32,,,0,25,,19237,32,,,0,65,,19238,32,,,0,25,,19239,32,,,0,65,,19240,32,,,0,29,,19241,32,,,0,25,,19242,32,,,0,77,,19244,32,,,0,72,,19245,32,,,0,35,,19246,32,,,0,75,,19247,32,,,0,35,,19248,32,,,0,75,,19249,32,,,0,75,,19250,32,,,0,33,,19251,32,,,0,77,,19253,32,,,0
601,'4',928,,19254,32,,,0,73,,19255,32,,,0,35,,19256,32,,,0,75,,19257,32,,,0,38,,19258,32,,,0,79,,19259,32,,,0,25,,19260,32,,,0,65,,19261,32,,,0,25,,19262,32,,,0,65,,19263,32,,,0,25,,19264,32,,,0,25,,19265,32,,,0,65,,19266,32,,,0,25,,19267,32,,,0,65,,19268,32,,,0,25,,19269,32,,,0,65,,19270,32,,,0,29,,19271,32,,,0,25,,19272,32,,,0,77,,19274,32,,,0,72,,19275,32,,,0,35,,19276,32,,,0,75,,19277,32,,,0,35,,19278,32,,,0,75,,19279,32,,,0,75,,19280,32,,,0,33,,19281,32,,,0,77,,19283,32,,,0
2400,'2',615,,22732,20,,,0,22,,22733,20,,,0,70,,22734,20,,,0,32,,22735,20,,,0,70,,22736,20,,,0,30,,22737,20,,,0,70,,22738,20,,,0,29,,22739,20,,,0,70,,22740,20,,,0,30,,22741,20,,,0,70,,22742,20,,,0,30,,22743,20,,,0,70,,22744,20,,,0,30,,22745,20,,,0,70,,22746,20,,,0,30,,22747,20,,,0,70,,22748,20,,,0,32,,22749,20,,,0,70,,22750,20,,,0,30,,22751,20,,,0,70,,22757,20,,,0,35,,22754,20,,,0,73,,22755,20,,,0,33,,22756,20,,,0,72,,22758,20,,,0,32,,22759,20,,,0,72,,22760,20,,,0,30,,22761,20,,,0,70,,22762,20,,,0,30,,22763,20,0,42 20,0
2400,'3',621,,22781,11,,,0,32,,22780,20,,,0,80,,22779,20,,,0,80,,22765,20,,,0,40,,22772,20,,,0,80,,22766,20,,,0,80,,22773,20,,,0,41,,22767,20,,,0,77,,22774,20,,,0,83,,22768,20,,,0,38,,22775,20,,,0,85,,22769,20,,,0,86,,22776,20,,,0,84,,22770,20,,,0,46,,22777,20,,,0,84,,22771,20,,,0,86,,22778,20,,,0,84,,22782,20,,,0,40,,22783,20,,,0,84,,22784,20,,,0,80,,22785,20,,,0
2400,'30',704,,22803,11,,,0,30,,22802,20,,,0,80,,22801,20,,,0,40,,22800,20,,,0,80,,22799,20,,,0,80,,22787,20,,,0,40,,22793,20,,,0,80,,22788,20,,,0,81,,22794,20,,,0,39,,22789,20,,,0,81,,22795,20,,,0,79,,22790,20,,,0,41,,22796,20,,,0,79,,22791,20,,,0,81,,22797,20,,,0,39,,22792,20,,,0
2400,'4',704,,22821,11,,,0,30,,22820,20,,,0,80,,22819,20,,,0,40,,22818,20,,,0,80,,22817,20,,,0,80,,22805,20,,,0,40,,22811,20,,,0,80,,22806,20,,,0,81,,22812,20,,,0,39,,22807,20,,,0,81,,22813,20,,,0,79,,22808,20,,,0,41,,22814,20,,,0,79,,22809,20,,,0,81,,22815,20,,,0,39,,22810,20,,,0
2401,'2',638,,22823,26,,,0,70,,22824,26,,,0,30,,22825,26,,,0,71,,22826,26,,,0,30,,22827,26,,,0,70,,22828,26,,,0,29,,22829,26,,,0,70,,22830,26,,,0,30,,22831,26,,,0,70,,22832,26,,,0,30,,22833,26,,,0,70,,22834,26,,,0,30,,22835,26,,,0,70,,22836,26,,,0,30,,22837,26,,,0,70,,22838,26,,,0,30,,22839,26,,,0,71,,22840,26,,,0,30,,22841,26,,,0,73,,22842,26,,,0,32,,22845,26,,,0,73,,22846,26,,,0,33,,22847,26,,,0,73,,22848,26,,,0,32,,22849,26,,,0,70,,22850,26,,,0,30,,22851,26,,,0,70,,22852,26,,,0,30,,22853,26,,,0,60,,22854,26,,,0
2401,'3',704,,22870,26,,,0,40,,22869,26,,,0,80,,22855,26,,,0,80,,22856,26,,,0,40,,22863,26,,,0,81,,22857,26,,,0,78,,22864,26,,,0,42,,22858,26,,,0,77,,22865,26,,,0,84,,22859,26,,,0,46,,22866,26,,,0,85,,22860,26,,,0,85,,22867,26,,,0,84,,22861,26,,,0,46,,22868,26,,,0,84,,22862,26,,,0,80,,22872,26,,,0,84,,22873,26,,,0,40,,22874,26,,,0,84,,22875,26,,,0
2401,'30',747,,22890,26,,,0,80,,22889,26,,,0,80,,22888,26,,,0,40,,22887,26,,,0,80,,22876,26,,,0,80,,22877,26,,,0,40,,22882,26,,,0,79,,22878,26,,,0,81,,22883,26,,,0,39,,22879,26,,,0,81,,22884,26,,,0,79,,22880,26,,,0,41,,22885,26,,,0,79,,22881,26,,,0,81,,22886,26,,,0,39,,22892,26,,,0
2401,'4',747,,22907,26,,,0,80,,22906,26,,,0,80,,22905,26,,,0,40,,22904,26,,,0,80,,22893,26,,,0,80,,22894,26,,,0,40,,22899,26,,,0,79,,22895,26,,,0,81,,22900,26,,,0,39,,22896,26,,,0,81,,22901,26,,,0,79,,22897,26,,,0,41,,22902,26,,,0,79,,22898,26,,,0,81,,22903,26,,,0,39,,22909,26,,,0
