1601,'2',543,,4282,,,0,13,,4281,,,0,59,,4280,,,0,15,,4213,,,0,18,,4214,,,0,58,,4215,,,0,8,,4216,,,0,15,,4217,,,0,18,,4218,,,0,12,,4219,,,0,55,,4220,,,0,15,,4221,,,0,15,,4222,,,0,15,,4223,,,0,55,,4224,,,0,15,,4225,,,0,17,,4226,,,0,57,,4227,,,0,17,,4228,,,0,17,,4229,,,0,17,,4230,,,0,57,,4231,,,0,17,,4232,,,0,17,,4233,,,0,57,,4234,,,0,11,,4244,,,0,4,,4235,,,0,15,,4236,,,0,15,,4237,,,0,55,,4238,,,0,15,,4239,,,0,10,,4240,,,0,15,,4241,,,0,15,,4242,,,0,55,,4243,,,0,8,,4253,,,0,13,,4245,,,0,14,,4246,,,0,12,,4247,,,0,54,,4248,,,0,14,,4249,,,0,14,,4250,,,0,14,,4251,,,0,54,,4252,,,0,15,,4254,,,0,14,,4255,,,0,14,,4256,,,0,50,,4257,,,0,14,,4258,,,0,14,,4259,,,0,14,,4260,,,0,14,,4261,,,0,74,,4263,,,0,20,,4264,,,0,55,,4265,,,0,20,,4266,,,0,20,,4267,,,0,60,,4268,,,0,20,,4269,,,0,20,,4270,,,0,60,,4271,,,0,19,,4272,,,0,77,,4273,,,0,25,,4274,,,0,23,,4275,,,0,65,,4276,,,0,25,,4277,,,0,65,,4278,,,0,25,,4283,,,0,25,,4284,,,0
1601,'3',607,,4344,,,0,25,,4345,,,0,12,,4286,,,0,65,,4287,,,0,25,,4288,,,0,25,,4289,,,0,66,,4290,,,0,25,,4291,,,0,65,,4292,,,0,25,,4293,,,0,19,,4346,,,0,46,,4294,,,0,24,,4295,,,0,21,,4296,,,0,61,,4297,,,0,16,,4298,,,0,18,,4347,,,0,3,,4299,,,0,61,,4300,,,0,15,,4301,,,0,15,,4302,,,0,15,,4303,,,0,55,,4304,,,0,10,,4305,,,0,15,,4306,,,0,15,,4307,,,0,55,,4308,,,0,16,,4309,,,0,15,,4310,,,0,15,,4311,,,0,55,,4312,,,0,15,,4313,,,0,15,,4314,,,0,15,,4315,,,0,55,,4316,,,0,15,,4317,,,0,15,,4318,,,0,15,,4319,,,0,55,,4320,,,0,15,,4321,,,0,15,,4322,,,0,15,,4323,,,0,55,,4324,,,0,16,,4325,,,0,20,,4326,,,0,60,,4327,,,0,20,,4328,,,0,20,,4329,,,0,60,,4330,,,0,20,,4331,,,0,20,,4332,,,0,60,,4333,,,0,19,,4334,,,0,26,,4335,,,0,65,,4336,,,0,25,,4337,,,0,65,,4338,,,0,25,,4339,,,0,21,,4340,,,0,63,,4341,,,0,29,,4342,,,0,70,,4343,,,0
1601,'30',646,,4384,,,0,73,,4348,,,0,35,,4349,,,0,75,,4350,,,0,20,,4385,,,0,55,,4351,,,0,34,,4352,,,0,65,,4353,,,0,30,,4354,,,0,70,,4355,,,0,30,,4356,,,0,70,,4357,,,0,10,,4386,,,0,21,,4358,,,0,22,,4360,,,0,63,,4361,,,0,22,,4359,,,0,62,,4362,,,0,22,,4363,,,0,22,,4364,,,0,62,,4365,,,0,22,,4366,,,0,22,,4367,,,0,62,,4368,,,0,22,,4369,,,0,22,,4370,,,0,58,,4371,,,0,30,,4372,,,0,70,,4373,,,0,30,,4374,,,0,70,,4375,,,0,30,,4376,,,0,70,,4377,,,0,30,,4378,,,0,70,,4379,,,0,30,,4380,,,0,68,,4381,,,0,30,,4382,,,0,70,,4383,,,0
1601,'4',646,,4423,,,0,73,,4387,,,0,35,,4388,,,0,75,,4389,,,0,20,,4424,,,0,55,,4390,,,0,34,,4391,,,0,65,,4392,,,0,30,,4393,,,0,70,,4394,,,0,30,,4395,,,0,70,,4396,,,0,10,,4425,,,0,21,,4397,,,0,22,,4399,,,0,63,,4400,,,0,22,,4398,,,0,62,,4401,,,0,22,,4402,,,0,22,,4403,,,0,62,,4404,,,0,22,,4405,,,0,22,,4406,,,0,62,,4407,,,0,22,,4408,,,0,22,,4409,,,0,58,,4410,,,0,30,,4411,,,0,70,,4412,,,0,30,,4413,,,0,70,,4414,,,0,30,,4415,,,0,70,,4416,,,0,30,,4417,,,0,70,,4418,,,0,30,,4419,,,0,68,,4420,,,0,30,,4421,,,0,70,,4422,,,0
1901,'2',612,,4873,,,0,33,,4874,,,0,67,,4875,,,0,30,,4876,,,0,75,,4877,,,0,19,,4878,,,0,67,,4879,,,0,26,,4880,,,0,27,,4881,,,0,69,,4882,,,0,27,,4883,,,0,67,,4884,,,0,27,,4885,,,0,67,,4886,,,0,27,,4887,,,0,67,,4888,,,0,25,,4889,,,0,27,,4890,,,0,67,,4891,,,0,27,,4892,,,0,70,,4893,,,0,28,,4894,,,0,69,,4895,,,0,28,,4896,,,0,68,,4897,,,0,28,,4898,,,0,68,,4899,,,0,26,,4900,,,0,67,,4901,,,0,27,,4902,,,0,27,,4903,,,0,67,,4904,,,0,27,,4905,,,0,67,,4906,,,0,27,,4907,,,0,67,,4908,,,0,27,,4909,,,0,61,,4910,,,0,45,,4911,,,0
1901,'3',758,,4912,,,0,58,,4914,,,0,36,,4915,,,0,68,,4916,,,0,32,,4917,,,0,72,,4918,,,0,32,,4919,,,0,74,,4920,,,0,72,,4921,,,0,32,,4922,,,0,72,,4923,,,0,32,,4924,,,0,67,,4925,,,0,22,,4926,,,0,20,,4927,,,0,69,,4928,,,0,32,,4929,,,0,67,,4930,,,0,27,,4931,,,0,67,,4932,,,0,12,,4933,0,9 3 37,0,27,,4934,,,0,75,,4935,,,0,29,,4936,,,0,68,,4937,,,0,36,,4938,,,0,72,,4939,,,0,75,,4940,,,0,29,,4941,0,9 3 37,0,72,,4942,0,9 3 37,0,21,,4913,0,9 3 37,0
1901,'30',828,,4964,,,0,74,,4944,,,0,35,,4958,,,0,75,,4945,,,0,35,,4946,,,0,75,,4947,,,0,35,,4962,,,0,81,,4948,,,0,80,,4949,,,0,40,,4950,,,0,80,,4951,,,0,80,,4959,,,0,40,,4952,,,0,80,,4953,,,0,76,,4963,,,0,35,,4954,,,0,76,,4955,,,0,75,,4960,,,0,35,,4961,0,9 3 37,0
1901,'4',828,,4985,,,0,74,,4965,,,0,35,,4979,,,0,75,,4966,,,0,35,,4967,,,0,75,,4968,,,0,35,,4983,,,0,81,,4969,,,0,80,,4970,,,0,40,,4971,,,0,80,,4972,,,0,80,,4980,,,0,40,,4973,,,0,80,,4974,,,0,76,,4984,,,0,35,,4975,,,0,76,,4976,,,0,75,,4981,,,0,35,,4982,0,9 3 37,0
2500,'2',627,,5544,,,0,22,,5545,,,0,68,,5546,,,0,28,,5547,,,0,66,,5548,,,0,20,,5549,,,0,20,,5550,,,0,60,,5551,,,0,20,,5552,,,0,20,,5553,,,0,60,,5554,,,0,20,,5555,,,0,20,,5556,,,0,60,,5557,,,0,20,,5558,,,0,20,,5559,,,0,60,,5560,,,0,20,,5561,,,0,20,,5562,,,0,60,,5563,,,0,20,,5564,,,0,20,,5565,,,0,60,,5566,,,0,24,,5567,,,0,20,,5568,,,0,60,,5569,,,0,20,,5570,,,0,20,,5571,,,0,60,,5572,,,0,22,,5573,,,0,21,,5574,,,0,61,,5575,,,0,21,,5576,,,0,61,,5577,,,0,21,,5578,,,0,15,,5579,,,0,20,,5580,,,0,60,,5581,,,0,20,,5582,,,0,20,,5583,,,0,60,,5584,,,0,20,,5585,,,0,14,,5586,,,0,60,,5587,,,0,19,,5588,,,0,25,,5589,,,0,65,,5590,,,0,25,,5591,,,0,65,,5592,,,0,25,,5593,,,0,65,,5594,,,0
2500,'3',643,,5595,,,0,63,,5626,,,0,24,,5596,,,0,25,,5627,,,0,66,,5597,,,0,24,,5598,,,0,67,,5599,,,0,26,,5600,,,0,69,,5601,,,0,23,,5602,,,0,70,,5603,,,0,27,,5604,,,0,30,,5605,,,0,68,,5606,,,0,25,,5607,,,0,70,,5608,,,0,25,,5609,,,0,70,,5610,,,0,27,,5611,,,0,70,,5612,,,0,30,,5613,,,0,70,,5614,,,0,30,,5615,,,0,70,,5616,,,0,30,,5617,,,0,69,,5618,,,0,29,,5619,,,0,70,,5620,,,0,30,,5621,,,0,68,,5628,,,0,27,,5622,,,0,68,,5629,,,0,25,,5623,,,0,25,,5630,,,0,65,,5624,,,0,25,,5631,,,0,65,,5625,,,0
2500,'30',905,,5640,,,0,25,,5647,,,0,70,,5648,,,0,30,,5649,,,0,70,,5650,,,0,30,,5651,,,0,70,,5652,,,0,30,,5653,,,0,70,,5654,,,0,30,,5655,,,0,70,,5656,,,0,30,,5657,,,0,70,,5641,,,0,30,,5639,,,0,27,,5643,,,0,67,,5638,,,0,27,,5642,,,0,67,,5637,,,0,22,,5644,,,0,67,,5636,,,0,27,,5645,,,0,24,,5646,,,0,70,,5635,,,0,28,,5658,,,0,70,,5634,,,0,33,,5659,,,0,70,,5633,,,0,30,,5660,,,0,65,,5632,,,0,30,,5661,,,0
2500,'4',905,,5670,,,0,25,,5677,,,0,70,,5678,,,0,30,,5679,,,0,70,,5680,,,0,30,,5681,,,0,70,,5682,,,0,30,,5683,,,0,70,,5684,,,0,30,,5685,,,0,70,,5686,,,0,30,,5687,,,0,70,,5671,,,0,30,,5669,,,0,27,,5673,,,0,67,,5668,,,0,27,,5672,,,0,67,,5667,,,0,22,,5674,,,0,67,,5666,,,0,27,,5675,,,0,24,,5676,,,0,70,,5665,,,0,28,,5688,,,0,70,,5664,,,0,33,,5689,,,0,70,,5663,,,0,30,,5690,,,0,65,,5662,,,0,30,,5691,,,0
3401,'2',622,,6661,0,14,0,83,,6664,0,14,0,35,,6647,0,14,0,85,,6648,0,14,0,82,,6650,0,14,0,42,,6649,0,14,0,81,,6651,0,14,0,80,,6652,0,14,0,45,,6653,0,14,0,80,,6654,0,14,0,80,,6655,0,14,0,40,,6656,0,14,0,78,,6657,0,14,0,82,,6658,0,14,0,40,,6659,0,14,0,80,,6660,0,14,0,79,,6665,0,14,0,40,,6666,0,14,0,80,,6667,0,14,0,74,,6668,0,14,0,42,,6669,0,14,0,80,,6670,0,14,0,80,,6674,0,14,0,37,,6671,0,14,0,82,,6672,0,14,0,80,,6662,0,14,0,40,,6663,0,14,0,80,,6673,0,14,0
3401,'3',850,,6675,0,14,0,76,,6685,0,14,0,81,,6684,0,14,0,40,,6676,0,14,0,85,,6677,0,14,0,85,,6678,0,14,0,41,,6679,0,14,0,80,,6680,0,14,0,80,,6681,0,14,0,40,,6682,0,14,0,80,,6683,0,14,0,80,,6686,0,14,0,40,,6687,0,14,0,80,,6688,0,14,0,78,,6689,0,14,0,40,,6690,0,14,0,80,,6691,0,14,0,79,,6692,0,14,0,40,,6693,0,14,0,79,,6694,0,14,0,80,,6695,0,14,0,40,,6696,0,14,0,80,,6697,0,14,0
3401,'30',1147,,6698,0,14,0,80,,6699,0,14,0,80,,6700,0,14,0,40,,6701,0,14,0,80,,6702,0,14,0,80,,6703,0,14,0,40,,6704,0,14,0,80,,6705,0,14,0,78,,6706,0,14,0,40,,6707,0,14,0,80,,6708,0,14,0,80,,6709,0,14,0,40,,6710,0,14,0,80,,6711,0,14,0,80,,6712,0,14,0
3401,'4',1147,,6713,0,14,0,80,,6714,0,14,0,80,,6715,0,14,0,40,,6716,0,14,0,80,,6717,0,14,0,80,,6718,0,14,0,40,,6719,0,14,0,80,,6720,0,14,0,78,,6721,0,14,0,40,,6722,0,14,0,80,,6723,0,14,0,80,,6724,0,14,0,40,,6725,0,14,0,80,,6726,0,14,0,80,,6727,0,14,0
9200,'2',737,,7455,,,0,22,,7456,,,0,62,,7457,,,0,22,,7458,,,0,62,,7459,,,0,22,,7460,,,0,399,,7461,,,0,32,,7462,,,0,74,,7463,,,0,68,,7464,,,0,25,,7465,,,0,25,,7466,,,0,65,,7467,,,0,27,,7468,,,0,65,,7469,,,0,25,,7470,,,0,25,,7471,,,0,67,,7472,,,0,29,,7473,,,0,81,,7474,,,0
