200,'2',620,,377,10,0,10 22 27,0,30,,376,10,0,10 22 27,0,57,,414,47,0,10 23 20,0,30,,415,47,0,10 23 20,0,70,,416,47,0,10 23 20,0,30,,417,47,0,10 23 20,0,70,,418,47,0,10 23 20,0,30,,419,47,0,10 23 20,0,70,,420,47,0,10 23 20,0,30,,421,47,0,10 23 20,0,70,,422,47,0,10 23 20,0,30,,423,47,0,10 23 20,0,73,,424,47,0,10 23 20,0,27,,425,47,0,10 23 20,0,70,,426,47,0,10 23 20,0,30,,427,47,0,10 23 20,0,71,,428,47,0,10 23 20,0,30,,429,47,0,10 23 20,0,68,,430,47,0,10 23 20,0,29,,431,47,0,10 23 20,0,74,,432,47,0,10 23 20,0,34,,433,47,0,10 23 20,0,70,,434,47,0,10 23 20,0,28,,435,47,0,10 23 20,0,70,,436,47,0,10 23 20,0,29,,437,47,0,10 23 20,0,67,,438,47,0,10 23 20,0,30,,439,47,0,10 23 20,0,70,,440,47,0,10 23 20,0,30,,441,47,0,10 23 20,0,70,,442,47,0,10 23 20,0,35,,443,47,0,10 23 20,0,80,,444,47,0,10 23 20,0,80,,445,47,0,10 23 20,0,37,,446,47,0,10 23 20,0,72,,447,47,0,10 23 20,0,35,,448,47,0,10 23 20,0
200,'3',624,,452,10,0,10 22 27,0,94,,454,47,0,10 23 20,0,32,,455,10,0,10 22 27,0,65,,457,10,0,10 22 27,0,20,,459,47,0,10 23 20,0,70,,461,47,0,10 23 20,0,30,,463,47,0,10 23 20,0,65,,465,47,0,10 23 20,0,31,,467,47,0,10 23 20,0,70,,469,47,0,10 23 20,0,25,,471,47,0,10 23 20,0,25,,473,47,0,10 23 20,0,71,,475,47,0,10 23 20,0,30,,477,47,0,10 23 20,0,65,,489,47,0,10 23 20,0,25,,490,47,0,10 23 20,0,70,,491,47,0,10 23 20,0,29,,492,47,0,10 23 20,0,70,,493,47,0,10 23 20,0,30,,494,47,0,10 23 20,0,60,,495,47,0,10 23 20,0,30,,496,47,0,10 23 20,0,70,,497,47,0,10 23 20,0,30,,498,47,0,10 23 20,0,70,,499,47,0,10 23 20,0,31,,501,47,0,10 23 20,0,70,,502,47,0,10 23 20,0,30,,503,47,0,10 23 20,0,70,,504,47,0,10 23 20,0,30,,505,47,0,10 23 20,0,70,,506,47,0,10 23 20,0,43,,516,47,0,10 23 20,0,100,,517,47,0,10 23 20,0,99,,450,47,0,10 23 20,0,100,,520,47,0,10 23 20,0
200,'30',654,,527,10,0,10 22 27,0,96,,528,47,0,10 23 20,0,100,,529,47,0,10 23 20,0,95,,532,47,0,10 23 20,0,90,,533,47,0,10 23 20,0,90,,534,47,0,10 23 20,0,26,,538,47,0,10 23 20,0,67,,535,47,0,10 23 20,0,30,,551,47,0,10 23 20,0,70,,552,47,0,10 23 20,0,30,,553,47,0,10 23 20,0,70,,554,47,0,10 23 20,0,30,,555,47,0,10 23 20,0,70,,556,47,0,10 23 20,0,30,,557,47,0,10 23 20,0,70,,558,47,0,10 23 20,0,30,,559,47,0,10 23 20,0,70,,560,47,0,10 23 20,0,30,,561,47,0,10 23 20,0,66,,562,47,0,10 23 20,0,90,,571,47,0,10 23 20,0,50,,572,47,0,10 23 20,0,90,,573,47,0,10 23 20,0,90,,574,47,0,10 23 20,0,90,,575,47,0,10 23 20,0,95,,524,47,0,10 23 20,0
200,'4',654,,581,10,0,10 22 27,0,96,,582,47,0,10 23 20,0,100,,583,47,0,10 23 20,0,95,,586,47,0,10 23 20,0,90,,587,47,0,10 23 20,0,90,,588,47,0,10 23 20,0,26,,592,47,0,10 23 20,0,67,,589,47,0,10 23 20,0,30,,605,47,0,10 23 20,0,70,,606,47,0,10 23 20,0,30,,607,47,0,10 23 20,0,70,,608,47,0,10 23 20,0,30,,609,47,0,10 23 20,0,70,,610,47,0,10 23 20,0,30,,611,47,0,10 23 20,0,70,,612,47,0,10 23 20,0,30,,613,47,0,10 23 20,0,70,,614,47,0,10 23 20,0,30,,615,47,0,10 23 20,0,66,,616,47,0,10 23 20,0,90,,625,47,0,10 23 20,0,50,,626,47,0,10 23 20,0,90,,627,47,0,10 23 20,0,90,,628,47,0,10 23 20,0,90,,629,47,0,10 23 20,0,95,,578,47,0,10 23 20,0
301,'2',613,,979,34,,,0,96,,980,34,,,0,30,,981,34,,,0,73,,982,34,,,0,27,,983,34,,,0,70,,984,34,,,0,28,,985,34,,,0,70,,986,34,,,0,30,,987,34,,,0,70,,988,34,,,0,30,,989,34,,,0,70,,990,34,,,0,32,,991,34,,,0,70,,992,34,,,0,30,,993,34,,,0,71,,994,34,,,0,33,,995,34,,,0,70,,996,34,,,0,30,,997,34,,,0,70,,998,34,,,0,30,,999,34,,,0,70,,1000,34,,,0,30,,1001,34,,,0,69,,1002,34,,,0,26,,1003,34,,,0,68,,1007,34,,,0,30,,1008,34,,,0,70,,1009,34,,,0,30,,1010,34,,,0,70,,1011,34,,,0,28,,1012,34,,,0,66,,1013,34,,,0,30,,1014,34,,,0,70,,1015,34,,,0,30,,1016,34,,,0,19,,1004,34,,,0
301,'3',723,,1017,34,,,0,100,,1018,34,,,0,102,,1019,34,,,0,104,,1020,34,,,0,71,,1024,34,,,0,35,,1025,34,,,0,75,,1026,34,,,0,36,,1027,34,,,0,75,,1028,34,,,0,35,,1029,34,,,0,75,,1030,34,,,0,75,,1031,34,,,0,35,,1032,34,,,0,75,,1033,34,,,0,35,,1034,34,,,0,75,,1035,34,,,0,75,,1036,34,,,0,33,,1037,34,,,0,100,,1038,34,,,0,100,,1039,34,,,0,100,,1040,34,,,0,100,,1041,34,,,0,108,,1021,34,,,0
301,'30',942,,1042,34,,,0,87,,1043,34,,,0,87,,1044,34,,,0,87,,1045,34,,,0,48,,1046,34,,,0,87,,1047,34,,,0,87,,1048,34,,,0,87,,1049,34,,,0,47,,1050,34,,,0,87,,1051,34,,,0,87,,1052,34,,,0,87,,1053,34,,,0,87,,1054,34,,,0,107,,1055,34,,,0,100,,1056,34,,,0,99,,1057,34,,,0,100,,1058,34,,,0
301,'4',942,,1059,34,,,0,87,,1060,34,,,0,87,,1061,34,,,0,87,,1062,34,,,0,48,,1063,34,,,0,87,,1064,34,,,0,87,,1065,34,,,0,87,,1066,34,,,0,47,,1067,34,,,0,87,,1068,34,,,0,87,,1069,34,,,0,87,,1070,34,,,0,87,,1071,34,,,0,107,,1072,34,,,0,100,,1073,34,,,0,99,,1074,34,,,0,100,,1075,34,,,0
501,'2',652,,1526,73,0,10 23 20,0,73,,1527,77,0,13 36,0,30,,1528,73,0,10 23 20,0,70,,1529,77,0,13 36,0,32,,1530,73,0,10 23 20,0,66,,1540,77,0,13 36,0,30,,1531,73,0,10 23 20,0,70,,1541,77,0,13 36,0,30,,1532,73,0,10 23 20,0,70,,1542,77,0,13 36,0,30,,1533,73,0,10 23 20,0,72,,1543,77,0,13 36,0,30,,1534,73,0,10 23 20,0,70,,1544,77,0,13 36,0,30,,1535,73,0,10 23 20,0,74,,1545,77,0,13 36,0,30,,1536,73,0,10 23 20,0,70,,1546,77,0,13 36,0,30,,1537,73,0,10 23 20,0,70,,1547,77,0,13 36,0,30,,1538,73,0,10 23 20,0,70,,1548,77,0,13 36,0,72,,1539,73,0,10 23 20,0,26,,1549,77,0,13 36,0,30,,1550,73,0,10 23 20,0,78,,1555,73,0,10 23 20,0,70,,1556,73,0,10 23 20,0,30,,1557,73,0,10 23 20,0,70,,1558,73,0,10 23 20,0,26,,1559,73,0,10 23 20,0,69,,1560,73,0,10 23 20,0,30,,1561,73,0,10 23 20,0,24,,1562,73,0,10 23 20,0,71,,1563,73,0,10 23 20,0,98,,1564,73,0,10 23 20,0
501,'3',653,,1566,73,0,10 23 20,0,100,,1567,73,0,10 23 20,0,100,,1568,73,0,10 23 20,0,147,,1569,73,0,10 23 20,0,42,,1573,73,0,10 23 20,0,75,,1580,77,0,13 36,0,35,,1574,73,0,10 23 20,0,79,,1581,77,0,13 36,0,75,,1575,73,0,10 23 20,0,35,,1582,77,0,13 36,0,75,,1576,73,0,10 23 20,0,35,,1583,77,0,13 36,0,74,,1577,73,0,10 23 20,0,76,,1584,77,0,13 36,0,34,,1578,73,0,10 23 20,0,76,,1585,77,0,13 36,0,34,,1579,73,0,10 23 20,0,76,,1586,77,0,13 36,0,29,,1587,73,0,10 23 20,0,75,,1588,77,0,13 36,0,78,,1589,73,0,10 23 20,0,100,,1590,73,0,10 23 20,0,100,,1591,73,0,10 23 20,0,110,,1592,73,0,10 23 20,0,110,,1570,73,0,10 23 20,0
501,'30',919,,1594,73,0,10 23 20,0,87,,1595,73,0,10 23 20,0,47,,1596,73,0,10 23 20,0,87,,1597,73,0,10 23 20,0,88,,1598,73,0,10 23 20,0,87,,1599,73,0,10 23 20,0,87,,1600,73,0,10 23 20,0,47,,1601,73,0,10 23 20,0,87,,1602,73,0,10 23 20,0,87,,1603,73,0,10 23 20,0,87,,1604,73,0,10 23 20,0,47,,1605,73,0,10 23 20,0,87,,1606,73,0,10 23 20,0,100,,1607,73,0,10 23 20,0,100,,1608,73,0,10 23 20,0,95,,1609,73,0,10 23 20,0,92,,1610,73,0,10 23 20,0,88,,1611,73,0,10 23 20,0
501,'4',919,,1613,73,0,10 23 20,0,87,,1614,73,0,10 23 20,0,47,,1615,73,0,10 23 20,0,87,,1616,73,0,10 23 20,0,88,,1617,73,0,10 23 20,0,87,,1618,73,0,10 23 20,0,87,,1619,73,0,10 23 20,0,47,,1620,73,0,10 23 20,0,87,,1621,73,0,10 23 20,0,87,,1622,73,0,10 23 20,0,87,,1623,73,0,10 23 20,0,47,,1624,73,0,10 23 20,0,87,,1625,73,0,10 23 20,0,100,,1626,73,0,10 23 20,0,100,,1627,73,0,10 23 20,0,95,,1628,73,0,10 23 20,0,92,,1629,73,0,10 23 20,0,88,,1630,73,0,10 23 20,0
3800,'2',701,,7026,6,,,0,40,,7027,6,,,0,80,,7028,6,,,0,538,,7029,6,,,0,80,,7030,6,,,0,80,,7031,6,,,0,40,,7032,6,,,0,80,,7033,6,,,0,80,,7034,6,,,0,40,,7035,6,,,0,80,,7036,6,,,0,462,,7037,6,,,0,40,,7038,6,,,0
