701,'2',645,,2072,53,,,0,60,,2073,53,,,0,38,,2074,53,,,0,65,,2075,53,,,0,20,,2076,53,,,0,20,,2077,53,,,0,60,,2078,53,,,0,19,,2079,53,,,0,30,,2080,53,,,0,55,,2081,53,,,0,30,,2082,53,,,0,70,,2083,53,,,0,30,,2084,53,,,0,71,,2085,53,,,0,31,,2086,53,,,0,70,,2087,53,,,0,30,,2088,53,,,0,70,,2089,53,,,0,25,,2090,53,,,0,20,,2091,53,,,0,60,,2092,53,,,0,20,,2093,53,,,0,20,,2094,53,,,0,63,,2095,53,,,0,20,,2096,53,,,0,60,,2097,53,,,0,20,,2098,53,,,0,20,,2099,53,,,0,60,,2100,53,,,0,15,,2101,53,,,0,25,,2102,53,,,0,65,,2103,53,,,0,25,,2104,53,,,0,25,,2105,53,,,0,65,,2106,53,,,0,30,,2107,53,,,0,78,,2108,53,,,0,70,,2109,53,,,0,30,,2110,53,,,0,70,,2111,53,,,0,30,,2112,53,,,0,70,,2113,53,,,0
701,'3',646,,2156,53,,,0,77,,2157,53,,,0,30,,2155,53,,,0,73,,2119,53,,,0,30,,2120,53,,,0,65,,2121,53,,,0,30,,2122,53,,,0,71,,2123,53,,,0,25,,2124,53,,,0,65,,2125,53,,,0,30,,2126,53,,,0,71,,2127,53,,,0,25,,2128,53,,,0,65,,2129,53,,,0,30,,2130,53,,,0,70,,2131,53,,,0,29,,2132,53,,,0,70,,2133,53,,,0,30,,2134,53,,,0,70,,2135,53,,,0,30,,2136,53,,,0,70,,2137,53,,,0,30,,2138,53,,,0,70,,2139,53,,,0,30,,2140,53,,,0,70,,2141,53,,,0,25,,2142,53,,,0,25,,2143,53,,,0,70,,2144,53,,,0,25,,2145,53,,,0,61,,2146,53,,,0,29,,2147,53,,,0,70,,2148,53,,,0,30,,2149,53,,,0,70,,2150,53,,,0,30,,2151,53,,,0,70,,2152,53,,,0
701,'30',917,,2158,53,,,0,25,,2159,53,,,0,75,,2160,53,,,0,20,,2161,53,,,0,65,,2162,53,,,0,30,,2163,53,,,0,70,,2164,53,,,0,27,,2165,53,,,0,25,,2166,53,,,0,70,,2167,53,,,0,30,,2168,53,,,0,70,,2169,53,,,0,25,,2170,53,,,0,70,,2171,53,,,0,30,,2172,53,,,0,70,,2173,53,,,0,30,,2174,53,,,0,69,,2175,53,,,0,30,,2176,53,,,0,70,,2177,53,,,0,30,,2178,53,,,0,70,,2180,53,,,0,30,,2181,53,,,0,70,,2182,53,,,0,30,,2183,53,,,0,70,,2184,53,,,0,30,,2185,53,,,0,67,,2188,53,,,0,30,,2189,53,,,0,70,,2186,53,,,0
701,'4',917,,2190,53,,,0,25,,2191,53,,,0,75,,2192,53,,,0,20,,2193,53,,,0,65,,2194,53,,,0,30,,2195,53,,,0,70,,2196,53,,,0,27,,2197,53,,,0,25,,2198,53,,,0,70,,2199,53,,,0,30,,2200,53,,,0,70,,2201,53,,,0,25,,2202,53,,,0,70,,2203,53,,,0,30,,2204,53,,,0,70,,2205,53,,,0,30,,2206,53,,,0,69,,2207,53,,,0,30,,2208,53,,,0,70,,2209,53,,,0,30,,2210,53,,,0,70,,2212,53,,,0,30,,2213,53,,,0,70,,2214,53,,,0,30,,2215,53,,,0,70,,2216,53,,,0,30,,2217,53,,,0,67,,2220,53,,,0,30,,2221,53,,,0,70,,2218,53,,,0
1001,'2',552,,2760,25,,,0,56,,2807,25,,,0,16,,2759,25,,,0,16,,2808,25,,,0,16,,2764,25,,,0,57,,2763,25,,,0,16,,2762,25,,,0,15,,2761,25,,,0,57,,2770,25,0,21 3 22,0,16,,2769,25,,,0,14,,2768,25,0,21 3 22,0,18,,2767,25,,,0,62,,2766,25,,,0,35,,2765,25,,,0,70,,2772,25,,,0,20,,2774,25,,,0,73,,2773,25,,,0,30,,2771,25,,,0,70,,2777,25,,,0,32,,2776,25,,,0,70,,2775,25,,,0,35,,2779,25,,,0,58,,2778,25,,,0,23,,2780,25,,,0,17,,2809,25,,,0,57,,2781,25,,,0,19,,2810,25,,,0,13,,2782,25,,,0,14,,2811,25,,,0,55,,2783,25,,,0,18,,2784,25,,,0,19,,2812,25,,,0,61,,2785,25,,,0,12,,2813,25,0,21 3 22,0,17,,2786,25,,,0,18,,2790,25,,,0,54,,2787,25,0,21 3 22,0,17,,2788,25,,,0,11,,2791,25,0,21 3 22,0,24,,2789,25,,,0,55,,2792,25,0,21 3 22,0,28,,2793,25,,,0,64,,2794,25,0,21 3 22,0,17,,2795,25,,,0,33,,2796,25,,,0,73,,2797,25,,,0,24,,2814,25,,,0,70,,2798,25,,,0,37,,2799,25,,,0,65,,2800,25,,,0,28,,2801,25,,,0,70,,2802,25,,,0,31,,2803,25,,,0,75,,2804,25,0,21 3 22,0
1001,'3',649,,2819,25,,,0,70,,2818,25,,,0,33,,2822,25,,,0,69,,2823,25,,,0,30,,2824,25,,,0,65,,2825,25,,,0,29,,2826,25,,,0,68,,2827,25,,,0,25,,2828,25,,,0,70,,2829,25,,,0,29,,2830,25,,,0,69,,2831,25,,,0,30,,2832,25,,,0,70,,2833,25,,,0,30,,2834,25,,,0,15,,2835,25,,,0,70,,2836,25,,,0,30,,2837,25,,,0,70,,2838,25,,,0,30,,2839,25,,,0,70,,2840,25,,,0,30,,2841,25,,,0,70,,2842,25,,,0,35,,2843,25,,,0,70,,2844,25,,,0,30,,2845,25,,,0,70,,2846,25,,,0,25,,2847,25,,,0,65,,2848,25,,,0,32,,2849,25,,,0,66,,2850,25,,,0,30,,2851,25,,,0,65,,2852,25,,,0,30,,2856,25,,,0,70,,2857,25,,,0,25,,2858,25,,,0,17,,2855,25,0,21 3 22,0,72,,2859,25,,,0,24,,2853,25,0,21 3 22,0
1001,'30',712,,2860,25,,,0,31,,2897,25,,,0,64,,2861,25,,,0,27,,2896,25,,,0,21,,2862,25,,,0,60,,2863,25,,,0,30,,2864,25,,,0,65,,2865,25,,,0,30,,2866,25,,,0,70,,2867,25,,,0,29,,2869,25,,,0,69,,2870,25,,,0,25,,2871,25,,,0,70,,2872,25,,,0,30,,2873,25,,,0,70,,2874,25,,,0,30,,2875,25,,,0,70,,2876,25,,,0,30,,2877,25,,,0,70,,2878,25,,,0,30,,2879,25,,,0,67,,2880,25,,,0,30,,2881,25,,,0,28,,2892,25,,,0,69,,2882,25,,,0,25,,2885,25,,,0,70,,2886,25,,,0,30,,2887,25,,,0,70,,2888,25,,,0,32,,2889,25,,,0,68,,2890,25,,,0,20,,2891,25,,,0,67,,2893,25,,,0,30,,2884,25,0,21 3 22,0,70,,2883,25,0,21 3 22,0
1001,'4',712,,2898,25,,,0,31,,2935,25,,,0,64,,2899,25,,,0,27,,2934,25,,,0,21,,2900,25,,,0,60,,2901,25,,,0,30,,2902,25,,,0,65,,2903,25,,,0,30,,2904,25,,,0,70,,2905,25,,,0,29,,2907,25,,,0,69,,2908,25,,,0,25,,2909,25,,,0,70,,2910,25,,,0,30,,2911,25,,,0,70,,2912,25,,,0,30,,2913,25,,,0,70,,2914,25,,,0,30,,2915,25,,,0,70,,2916,25,,,0,30,,2917,25,,,0,67,,2918,25,,,0,30,,2919,25,,,0,28,,2930,25,,,0,69,,2920,25,,,0,25,,2923,25,,,0,70,,2924,25,,,0,30,,2925,25,,,0,70,,2926,25,,,0,32,,2927,25,,,0,68,,2928,25,,,0,20,,2929,25,,,0,67,,2931,25,,,0,30,,2922,25,0,21 3 22,0,70,,2921,25,0,21 3 22,0
2400,'2',628,,5366,38,,,0,22,,5367,38,,,0,70,,5368,38,,,0,34,,5369,38,,,0,70,,5370,38,,,0,30,,5371,38,,,0,70,,5372,38,,,0,28,,5373,38,,,0,70,,5374,38,,,0,30,,5375,38,,,0,70,,5376,38,,,0,30,,5377,38,,,0,70,,5378,38,,,0,30,,5379,38,,,0,70,,5380,38,,,0,30,,5381,38,,,0,70,,5382,38,,,0,36,,5383,38,,,0,70,,5384,38,,,0,73,,5385,38,,,0,31,,5391,38,,,0,76,,5388,38,,,0,33,,5389,38,,,0,73,,5390,38,,,0,26,,5392,38,,,0,69,,5393,38,,,0,32,,5394,38,,,0,70,,5395,38,,,0,30,,5396,38,,,0,70,,5397,38,0,42 20,0
2400,'3',634,,5415,29,,,0,71,,5414,38,,,0,40,,5413,38,,,0,80,,5399,38,,,0,80,,5406,38,,,0,40,,5400,38,,,0,80,,5407,38,,,0,82,,5401,38,,,0,37,,5408,38,,,0,83,,5402,38,,,0,80,,5409,38,,,0,45,,5403,38,,,0,84,,5410,38,,,0,84,,5404,38,,,0,86,,5411,38,,,0,44,,5405,38,,,0,86,,5412,38,,,0,84,,5416,38,,,0,80,,5417,38,,,0,44,,5418,38,,,0,80,,5419,38,,,0
2400,'30',717,,5437,29,,,0,30,,5436,38,,,0,80,,5435,38,,,0,80,,5434,38,,,0,40,,5433,38,,,0,80,,5421,38,,,0,80,,5427,38,,,0,40,,5422,38,,,0,82,,5428,38,,,0,79,,5423,38,,,0,41,,5429,38,,,0,79,,5424,38,,,0,81,,5430,38,,,0,39,,5425,38,,,0,81,,5431,38,,,0,79,,5426,38,,,0
2400,'4',717,,5455,29,,,0,30,,5454,38,,,0,80,,5453,38,,,0,80,,5452,38,,,0,40,,5451,38,,,0,80,,5439,38,,,0,80,,5445,38,,,0,40,,5440,38,,,0,82,,5446,38,,,0,79,,5441,38,,,0,41,,5447,38,,,0,79,,5442,38,,,0,81,,5448,38,,,0,39,,5443,38,,,0,81,,5449,38,,,0,79,,5444,38,,,0
