1001,'2',609,,2760,46,,,0,16,,2807,46,,,0,16,,2759,46,,,0,16,,2808,46,,,0,56,,2764,46,,,0,18,,2763,46,,,0,16,,2762,46,,,0,55,,2761,46,,,0,17,,2770,46,0,21 3 22,0,16,,2769,46,,,0,14,,2768,46,0,21 3 22,0,59,,2767,46,,,0,23,,2766,46,,,0,75,,2765,46,,,0,30,,2772,46,,,0,20,,2774,46,,,0,73,,2773,46,,,0,30,,2771,46,,,0,71,,2777,46,,,0,72,,2776,46,,,0,30,,2775,46,,,0,75,,2779,46,,,0,18,,2778,46,,,0,23,,2780,46,,,0,57,,2809,46,,,0,17,,2781,46,,,0,21,,2810,46,,,0,11,,2782,46,,,0,56,,2811,46,,,0,15,,2783,46,,,0,16,,2784,46,,,0,59,,2812,46,,,0,23,,2785,46,,,0,12,,2813,46,0,21 3 22,0,12,,2786,46,,,0,61,,2790,46,,,0,16,,2787,46,0,21 3 22,0,12,,2788,46,,,0,11,,2791,46,0,21 3 22,0,64,,2789,46,,,0,15,,2792,46,0,21 3 22,0,26,,2793,46,,,0,66,,2794,46,0,21 3 22,0,17,,2795,46,,,0,73,,2796,46,,,0,33,,2797,46,,,0,61,,2814,46,,,0,30,,2798,46,,,0,77,,2799,46,,,0,25,,2800,46,,,0,68,,2801,46,,,0,30,,2802,46,,,0,71,,2803,46,,,0,35,,2804,46,0,21 3 22,0
1001,'3',703,,2819,46,,,0,30,,2818,46,,,0,75,,2822,46,,,0,30,,2823,46,,,0,70,,2824,46,,,0,25,,2825,46,,,0,70,,2826,46,,,0,30,,2827,46,,,0,25,,2828,46,,,0,70,,2829,46,,,0,29,,2830,46,,,0,70,,2831,46,,,0,30,,2832,46,,,0,70,,2833,46,,,0,30,,2834,46,,,0,55,,2835,46,,,0,30,,2836,46,,,0,70,,2837,46,,,0,30,,2838,46,,,0,70,,2839,46,,,0,30,,2840,46,,,0,70,,2841,46,,,0,30,,2842,46,,,0,71,,2843,46,,,0,30,,2844,46,,,0,70,,2845,46,,,0,30,,2846,46,,,0,65,,2847,46,,,0,25,,2848,46,,,0,70,,2849,46,,,0,25,,2850,46,,,0,30,,2851,46,,,0,65,,2852,46,,,0,30,,2856,46,,,0,70,,2857,46,,,0,25,,2858,46,,,0,57,,2855,46,0,21 3 22,0,30,,2859,46,,,0,24,,2853,46,0,21 3 22,0
1001,'30',730,,2860,46,,,0,71,,2897,46,,,0,24,,2861,46,,,0,27,,2896,46,,,0,61,,2862,46,,,0,20,,2863,46,,,0,70,,2864,46,,,0,25,,2865,46,,,0,30,,2866,46,,,0,70,,2867,46,,,0,30,,2869,46,,,0,70,,2870,46,,,0,25,,2871,46,,,0,70,,2872,46,,,0,30,,2873,46,,,0,70,,2874,46,,,0,30,,2875,46,,,0,70,,2876,46,,,0,30,,2877,46,,,0,70,,2878,46,,,0,30,,2879,46,,,0,65,,2880,46,,,0,30,,2881,46,,,0,68,,2892,46,,,0,29,,2882,46,,,0,65,,2885,46,,,0,30,,2886,46,,,0,70,,2887,46,,,0,30,,2888,46,,,0,72,,2889,46,,,0,28,,2890,46,,,0,60,,2891,46,,,0,25,,2893,46,,,0,30,,2884,46,0,21 3 22,0,70,,2883,46,0,21 3 22,0
1001,'4',730,,2898,46,,,0,71,,2935,46,,,0,24,,2899,46,,,0,27,,2934,46,,,0,61,,2900,46,,,0,20,,2901,46,,,0,70,,2902,46,,,0,25,,2903,46,,,0,30,,2904,46,,,0,70,,2905,46,,,0,30,,2907,46,,,0,70,,2908,46,,,0,25,,2909,46,,,0,70,,2910,46,,,0,30,,2911,46,,,0,70,,2912,46,,,0,30,,2913,46,,,0,70,,2914,46,,,0,30,,2915,46,,,0,70,,2916,46,,,0,30,,2917,46,,,0,65,,2918,46,,,0,30,,2919,46,,,0,68,,2930,46,,,0,29,,2920,46,,,0,65,,2923,46,,,0,30,,2924,46,,,0,70,,2925,46,,,0,30,,2926,46,,,0,72,,2927,46,,,0,28,,2928,46,,,0,60,,2929,46,,,0,25,,2931,46,,,0,30,,2922,46,0,21 3 22,0,70,,2921,46,0,21 3 22,0
1300,'2',623,,3204,18,,,0,77,,3206,40,,,0,29,,3208,40,,,0,25,,3210,40,,,0,70,,3212,40,,,0,30,,3214,40,,,0,71,,3216,40,,,0,30,,3218,40,,,0,65,,3220,40,,,0,30,,3222,40,,,0,70,,3224,40,,,0,30,,3226,40,,,0,67,,3228,40,,,0,31,,3230,40,,,0,70,,3232,40,,,0,30,,3234,40,,,0,71,,3236,40,,,0,30,,3238,40,,,0,70,,3240,40,,,0,30,,3242,40,,,0,71,,3244,40,,,0,30,,3246,40,,,0,70,,3248,40,,,0,30,,3250,40,,,0,66,,3252,40,,,0,35,,3258,40,,,0,80,,3259,40,,,0,80,,3260,40,,,0,40,,3261,40,,,0,59,,3257,40,,,0,93,,3265,40,,,0,52,,3266,40,,,0,103,,3267,40,,,0,154,,3268,40,,,0
1300,'3',718,,3275,40,,,0,112,,3277,40,,,0,27,,3278,40,,,0,72,,3279,40,,,0,16,,3283,40,,,0,72,,3284,40,,,0,30,,3290,40,,,0,70,,3291,40,,,0,30,,3292,40,,,0,73,,3293,40,,,0,15,,3289,40,,,0,70,,3303,40,,,0,30,,3304,40,,,0,71,,3305,40,,,0,29,,3306,40,,,0,70,,3307,40,,,0,30,,3308,40,,,0,70,,3309,40,,,0,30,,3310,40,,,0,65,,3311,40,,,0,30,,3312,40,,,0,70,,3313,40,,,0,13,,3316,40,,,0,30,,3341,40,,,0,15,,3321,40,,,0,75,,3322,40,,,0,75,,3323,40,,,0,40,,3324,40,,,0,59,,3328,40,,,0,93,,3329,40,,,0,55,,3330,40,,,0,89,,3331,40,,,0,90,,3334,40,,,0
1300,'30',716,,3364,40,,,0,116,,3365,40,,,0,110,,3352,40,,,0,85,,3351,40,,,0,100,,3350,40,,,0,96,,3349,40,,,0,101,,3348,40,,,0,100,,3347,40,,,0,100,,3346,40,,,0,100,,3345,40,,,0,100,,3344,40,,,0,95,,3343,40,,,0,97,,3342,40,,,0,84,,3371,40,,,0,100,,3372,40,,,0,131,,3374,40,,,0
1300,'4',716,,3397,40,,,0,116,,3398,40,,,0,110,,3385,40,,,0,85,,3384,40,,,0,100,,3383,40,,,0,96,,3382,40,,,0,101,,3381,40,,,0,100,,3380,40,,,0,100,,3379,40,,,0,100,,3378,40,,,0,100,,3377,40,,,0,95,,3376,40,,,0,97,,3375,40,,,0,84,,3404,40,,,0,100,,3405,40,,,0,131,,3407,40,,,0
9000,'2',654,,7077,13,,,0,75,,7078,13,,,0,15,,7084,13,,,0,58,,7085,13,,,0,15,,7079,13,,,0,15,,7080,13,,,0,15,,7086,13,,,0,55,,7081,13,,,0,15,,7087,13,,,0,13,,7082,13,,,0,15,,7088,13,,,0,12,,7083,13,,,0,55,,7089,13,,,0,15,,7075,13,,,0,15,,7090,13,,,0,15,,7074,13,,,0,55,,7091,13,,,0,15,,7073,13,,,0,15,,7092,13,,,0,15,,7072,13,,,0,55,,7071,13,,,0,15,,7070,13,,,0,15,,7093,13,,,0,16,,7069,13,,,0,55,,7068,13,,,0,15,,7067,13,,,0,15,,7094,13,,,0,15,,7066,13,,,0,55,,7065,13,,,0,16,,7064,13,,,0,15,,7095,13,,,0,59,,7063,13,,,0,15,,7062,13,,,0,15,,7061,13,,,0,15,,7096,13,,,0,55,,7060,13,,,0,15,,7059,13,,,0,22,,7058,13,,,0,15,,7097,13,,,0,55,,7101,13,,,0,15,,7057,13,,,0,15,,7056,13,,,0,15,,7055,13,,,0,55,,7054,13,,,0,15,,7098,13,,,0,32,,7100,13,,,0,70,,7076,13,,,0,30,,7099,13,,,0,70,,7102,13,,,0,30,,7103,13,,,0
9000,'3',838,,7124,13,,,0,70,,7125,13,,,0,30,,7126,13,,,0,70,,7127,13,,,0,31,,7128,13,,,0,65,,7123,13,,,0,25,,7122,13,,,0,25,,7121,13,,,0,66,,7120,13,,,0,25,,7119,13,,,0,65,,7118,13,,,0,25,,7117,13,,,0,65,,7116,13,,,0,26,,7115,13,,,0,25,,7114,13,,,0,65,,7113,13,,,0,25,,7112,13,,,0,65,,7111,13,,,0,25,,7110,13,,,0,25,,7109,13,,,0,65,,7108,13,,,0,25,,7107,13,,,0,65,,7106,13,,,0
9000,'4',1019,,7130,13,,,0,20,,7131,13,,,0,20,,7132,13,,,0,60,,7133,13,,,0,20,,7134,13,,,0,20,,7135,13,,,0,60,,7136,13,,,0,21,,7137,13,,,0,16,,7138,13,,,0,56,,7139,13,,,0,16,,7140,13,,,0,16,,7141,13,,,0,56,,7142,13,,,0,16,,7143,13,,,0,16,,7144,13,,,0,16,,7145,13,,,0,56,,7146,13,,,0,16,,7147,13,,,0,16,,7148,13,,,0,16,,7149,13,,,0,56,,7150,13,,,0,16,,7151,13,,,0,16,,7152,13,,,0,16,,7153,13,,,0,61,,7154,13,,,0,17,,7155,13,,,0,20,,7156,13,,,0,70,,7157,13,,,0,25,,7158,13,,,0,65,,7159,13,,,0,10,,7129,13,,,0
