901,'2',606,,2403,13,,,0,20,,2404,13,,,0,17,,2405,13,,,0,13,,2406,13,,,0,55,,2407,13,,,0,15,,2408,13,,,0,14,,2409,13,,,0,16,,2410,13,,,0,55,,2411,13,,,0,17,,2412,13,,,0,16,,2413,13,,,0,56,,2414,13,,,0,15,,2415,13,,,0,15,,2416,13,,,0,15,,2417,13,,,0,55,,2418,13,,,0,15,,2419,13,,,0,15,,2420,13,,,0,15,,2421,13,,,0,55,,2422,13,,,0,15,,2423,13,,,0,15,,2424,13,,,0,15,,2425,13,,,0,55,,2426,13,,,0,15,,2427,13,,,0,15,,2428,13,,,0,15,,2429,13,,,0,55,,2430,13,,,0,15,,2431,13,,,0,15,,2432,13,,,0,13,,2433,13,,,0,13,,2434,13,,,0,55,,2435,13,,,0,15,,2436,13,,,0,15,,2437,13,,,0,15,,2438,13,,,0,55,,2439,13,,,0,15,,2440,13,,,0,15,,2441,13,,,0,15,,2442,13,,,0,55,,2443,13,,,0,15,,2444,13,,,0,15,,2445,13,,,0,15,,2446,13,,,0,55,,2447,13,,,0,15,,2448,13,,,0,17,,2449,13,,,0,66,,2450,13,,,0,15,,2451,13,,,0,14,,2452,13,,,0,62,,2453,13,,,0,22,,2454,13,,,0,22,,2455,13,,,0,62,,2456,13,,,0,22,,2457,13,,,0,26,,2458,13,,,0,70,,2459,13,,,0,32,,2460,13,,,0,72,,2461,13,,,0,72,,2462,13,,,0,37,,2463,13,,,0,101,,2464,13,,,0
901,'3',610,,2470,13,,,0,30,,2509,13,,,0,70,,2471,13,,,0,30,,2508,13,,,0,70,,2472,13,,,0,35,,2473,13,,,0,72,,2474,13,,,0,86,,2475,13,,,0,25,,2476,13,,,0,25,,2477,13,,,0,62,,2478,13,,,0,25,,2479,13,,,0,65,,2480,13,,,0,29,,2481,13,,,0,21,,2482,13,,,0,65,,2483,13,,,0,28,,2484,13,,,0,62,,2485,13,,,0,24,,2486,13,,,0,25,,2487,13,,,0,65,,2488,13,,,0,25,,2489,13,,,0,65,,2490,13,,,0,25,,2491,13,,,0,65,,2492,13,,,0,25,,2493,13,,,0,25,,2494,13,,,0,85,,2496,13,,,0,65,,2497,13,,,0,38,,2498,13,,,0,75,,2499,13,,,0,35,,2500,13,,,0,76,,2501,13,,,0,75,,2502,13,,,0,35,,2503,13,,,0,75,,2504,13,,,0,35,,2505,13,,,0
901,'30',650,,2544,13,,,0,75,,2510,13,,,0,75,,2545,13,,,0,34,,2511,13,,,0,75,,2546,13,,,0,33,,2512,13,,,0,73,,2513,13,,,0,33,,2514,13,,,0,73,,2515,13,,,0,38,,2516,13,,,0,68,,2517,13,,,0,23,,2518,13,,,0,63,,2519,13,,,0,23,,2520,13,,,0,23,,2521,13,,,0,63,,2522,13,,,0,23,,2523,13,,,0,63,,2524,13,,,0,23,,2525,13,,,0,23,,2526,13,,,0,63,,2527,13,,,0,24,,2528,13,,,0,64,,2529,13,,,0,23,,2530,13,,,0,25,,2531,13,,,0,57,,2532,13,,,0,19,,2533,13,,,0,30,,2534,13,,,0,70,,2535,13,,,0,30,,2536,13,,,0,70,,2537,13,,,0,30,,2538,13,,,0,70,,2539,13,,,0,71,,2540,13,,,0,41,,2541,13,,,0,18,,2542,13,,,0
901,'4',650,,2581,13,,,0,75,,2547,13,,,0,75,,2582,13,,,0,34,,2548,13,,,0,75,,2583,13,,,0,33,,2549,13,,,0,73,,2550,13,,,0,33,,2551,13,,,0,73,,2552,13,,,0,38,,2553,13,,,0,68,,2554,13,,,0,23,,2555,13,,,0,63,,2556,13,,,0,23,,2557,13,,,0,23,,2558,13,,,0,63,,2559,13,,,0,23,,2560,13,,,0,63,,2561,13,,,0,23,,2562,13,,,0,23,,2563,13,,,0,63,,2564,13,,,0,24,,2565,13,,,0,64,,2566,13,,,0,23,,2567,13,,,0,25,,2568,13,,,0,57,,2569,13,,,0,19,,2570,13,,,0,30,,2571,13,,,0,70,,2572,13,,,0,30,,2573,13,,,0,70,,2574,13,,,0,30,,2575,13,,,0,70,,2576,13,,,0,71,,2577,13,,,0,41,,2578,13,,,0,18,,2579,13,,,0
2701,'2',548,,6043,5,,,0,92,,5972,6,,,0,65,,5973,5,,,0,13,,5974,6,,,0,13,,5975,5,,,0,13,,5976,5,,,0,13,,5977,6,,,0,53,,5978,6,,,0,8,,5979,6,,,0,13,,5980,6,,,0,13,,5981,6,,,0,12,,5982,6,,,0,53,,5983,6,,,0,13,,5984,6,,,0,13,,5985,6,,,0,13,,5986,6,,,0,53,,5987,6,,,0,13,,5988,6,,,0,13,,5989,6,,,0,13,,5990,6,,,0,13,,5991,6,,,0,53,,5992,6,,,0,13,,5993,6,,,0,13,,5994,6,,,0,13,,5995,6,,,0,12,,5996,6,,,0,52,,5997,6,,,0,12,,5998,6,,,0,12,,5999,6,,,0,12,,6000,6,,,0,12,,6001,6,,,0,52,,6002,6,,,0,12,,6003,6,,,0,12,,6004,6,,,0,12,,6005,6,,,0,12,,6006,6,,,0,55,,6007,6,,,0,13,,6008,6,,,0,13,,6009,6,,,0,13,,6010,6,,,0,53,,6011,6,,,0,13,,6012,6,,,0,9,,6013,5,,,0,12,,6014,6,,,0,12,,6015,6,,,0,51,,6016,6,,,0,11,,6017,6,,,0,11,,6018,5,,,0,11,,6019,6,,,0,11,,6020,6,,,0,11,,6021,6,,,0,51,,6022,6,,,0,11,,6023,6,,,0,11,,6024,6,,,0,11,,6025,6,,,0,7,,6026,6,,,0,54,,6027,6,,,0,9,,6028,6,,,0,13,,6029,6,,,0,11,,6030,6,,,0,11,,6031,6,,,0,57,,6032,6,,,0,17,,6033,6,,,0,17,,6034,6,,,0,17,,6035,6,,,0,57,,6036,6,,,0,17,,6037,6,,,0,17,,6038,6,,,0,63,,6039,6,,,0,27,,6040,6,,,0,67,,6041,6,,,0,27,,6042,6,,,0
2701,'3',853,,6044,5,,,0,83,,6054,6,,,0,71,,6045,6,,,0,104,,6055,6,,,0,33,,6046,6,,,0,72,,6063,6,,,0,32,,6056,6,,,0,72,,6047,6,,,0,32,,6064,6,,,0,71,,6057,6,,,0,34,,6048,6,,,0,72,,6065,6,,,0,30,,6058,6,,,0,74,,6049,6,,,0,72,,6066,6,,,0,30,,6059,6,,,0,75,,6050,6,,,0,45,,6060,6,,,0,85,,6051,6,,,0,85,,6061,6,,,0,84,,6052,6,,,0,40,,6062,6,,,0,80,,6053,6,,,0,80,,6067,6,,,0
2701,'30',835,,6068,5,,,0,85,,6069,6,,,0,85,,6075,6,,,0,45,,6070,6,,,0,85,,6076,6,,,0,86,,6071,6,,,0,88,,6077,6,,,0,32,,6078,6,,,0,72,,6072,6,,,0,32,,6080,6,,,0,72,,6079,6,,,0,32,,6073,6,,,0,72,,6081,6,,,0,32,,6083,6,,,0,70,,6074,6,,,0,77,,6082,6,,,0,45,,6084,6,,,0,85,,6085,6,,,0
2701,'4',835,,6086,5,,,0,85,,6087,6,,,0,85,,6093,6,,,0,45,,6088,6,,,0,85,,6094,6,,,0,86,,6089,6,,,0,88,,6095,6,,,0,32,,6096,6,,,0,72,,6090,6,,,0,32,,6098,6,,,0,72,,6097,6,,,0,32,,6091,6,,,0,72,,6099,6,,,0,32,,6101,6,,,0,70,,6092,6,,,0,77,,6100,6,,,0,45,,6102,6,,,0,85,,6103,6,,,0
3101,'2',623,,6299,17,,,0,88,,6300,17,,,0,31,,6301,17,,,0,68,,6302,17,,,0,28,,6303,17,,,0,68,,6304,17,,,0,25,,6305,17,,,0,27,,6306,17,,,0,67,,6307,17,,,0,27,,6308,17,,,0,67,,6309,17,,,0,27,,6310,17,,,0,67,,6311,17,,,0,27,,6312,17,,,0,67,,6313,17,,,0,27,,6314,17,,,0,67,,6315,17,,,0,31,,6316,17,,,0,70,,6317,17,,,0,30,,6318,17,,,0,70,,6319,17,,,0,29,,6320,17,,,0,70,,6321,17,,,0,30,,6322,17,,,0,70,,6323,17,,,0,27,,6324,17,,,0,30,,6325,17,,,0,70,,6326,17,,,0,30,,6327,17,,,0,70,,6328,17,,,0,26,,6329,17,,,0,70,,6330,17,,,0,30,,6331,17,,,0,70,,6332,17,,,0,30,,6333,17,,,0
3101,'3',814,,6362,17,,,0,25,,6361,17,,,0,65,,6334,17,,,0,25,,6360,17,,,0,25,,6335,17,,,0,66,,6336,17,,,0,24,,6337,17,,,0,65,,6338,17,,,0,25,,6339,17,,,0,25,,6340,17,,,0,65,,6341,17,,,0,25,,6342,17,,,0,65,,6343,17,,,0,25,,6344,17,,,0,65,,6345,17,,,0,28,,6346,17,,,0,27,,6347,17,,,0,67,,6348,17,,,0,27,,6349,17,,,0,67,,6350,17,,,0,27,,6351,17,,,0,67,,6352,17,,,0,27,,6353,17,,,0,66,,6363,17,,,0,25,,6354,17,,,0,26,,6364,17,,,0,66,,6355,17,,,0,26,,6365,17,,,0,65,,6356,17,,,0,25,,6366,17,,,0,66,,6357,17,,,0,25,,6367,17,,,0,21,,6358,17,,,0,62,,6368,17,,,0,22,,6359,17,,,0,65,,6369,17,,,0,25,,6370,17,,,0
3101,'30',841,,6371,17,,,0,65,,6386,17,,,0,25,,6372,17,,,0,25,,6387,17,,,0,65,,6373,17,,,0,25,,6388,17,,,0,65,,6374,17,,,0,25,,6389,17,,,0,65,,6375,17,,,0,26,,6390,17,,,0,25,,6376,17,,,0,65,,6391,17,,,0,25,,6377,17,,,0,65,,6392,17,,,0,25,,6378,17,,,0,25,,6393,17,,,0,65,,6379,17,,,0,25,,6394,17,,,0,65,,6380,17,,,0,25,,6395,17,,,0,65,,6381,17,,,0,25,,6396,17,,,0,25,,6382,17,,,0,65,,6397,17,,,0,25,,6383,17,,,0,65,,6398,17,,,0,25,,6384,17,,,0,25,,6399,17,,,0,65,,6385,17,,,0
3101,'4',841,,6400,17,,,0,65,,6415,17,,,0,25,,6401,17,,,0,25,,6416,17,,,0,65,,6402,17,,,0,25,,6417,17,,,0,65,,6403,17,,,0,25,,6418,17,,,0,65,,6404,17,,,0,26,,6419,17,,,0,25,,6405,17,,,0,65,,6420,17,,,0,25,,6406,17,,,0,65,,6421,17,,,0,25,,6407,17,,,0,25,,6422,17,,,0,65,,6408,17,,,0,25,,6423,17,,,0,65,,6409,17,,,0,25,,6424,17,,,0,65,,6410,17,,,0,25,,6425,17,,,0,25,,6411,17,,,0,65,,6426,17,,,0,25,,6412,17,,,0,65,,6427,17,,,0,25,,6413,17,,,0,25,,6428,17,,,0,65,,6414,17,,,0
12700,'3302',607,,8344,5,,,0,27,,8345,6,,,0,70,,8346,6,,,0,18,,8347,5,,,0,12,,8348,6,,,0,24,,8349,6,,,0,52,,8350,6,,,0,24,,8351,6,,,0,12,,8352,6,,,0,64,,8353,6,,,0,12,,8354,6,,,0,24,,8355,6,,,0,12,,8356,6,,,0,64,,8357,6,,,0,12,,8358,6,,,0,24,,8359,6,,,0,52,,8360,6,,,0,24,,8361,6,,,0,12,,8362,6,,,0,64,,8363,6,,,0,12,,8364,6,,,0,24,,8365,6,,,0,12,,8366,6,,,0,64,,8367,6,,,0,12,,8368,6,,,0,24,,8369,6,,,0,59,,8370,6,,,0,24,,8371,6,,,0,64,,8372,6,,,0,24,,8373,6,,,0,71,,8374,6,,,0,20,,8375,6,,,0,30,,8376,6,,,0,60,,8377,6,,,0,30,,8378,6,,,0,60,,8379,6,,,0,24,,8380,6,,,0,20,,8381,6,,,0,60,,8382,6,,,0,20,,8383,6,,,0,20,,8384,6,,,0,60,,8385,6,,,0,20,,8386,6,,,0,20,,8387,6,,,0,60,,8388,6,,,0,15,,8389,6,,,0,30,,8390,6,,,0,70,,8391,6,,,0,30,,8392,6,,,0,70,,8393,6,,,0,30,,8394,6,,,0
12700,'3602',746,,8395,6,,,0,76,,8396,6,,,0,36,,8397,6,,,0,76,,8398,6,,,0,76,,8399,6,,,0,36,,8400,6,,,0,76,,8401,6,,,0,36,,8402,6,,,0,76,,8403,6,,,0,76,,8404,6,,,0,36,,8405,6,,,0,63,,8406,5,,,0,20,,8407,6,,,0,24,,8408,6,,,0,64,,8409,6,,,0,24,,8410,6,,,0,69,,8411,6,,,0,20,,8412,6,,,0,10,,8413,6,,,0,60,,8414,6,,,0,20,,8415,6,,,0,10,,8416,6,,,0,20,,8417,6,,,0,59,,8418,6,,,0
12700,'3903',604,,8462,5,,,0,30,,8463,6,,,0,70,,8464,6,,,0,30,,8465,6,,,0,70,,8466,6,,,0,30,,8419,6,,,0,70,,8420,6,,,0,30,,8421,6,,,0,71,,8422,6,,,0,25,,8423,6,,,0,20,,8424,6,,,0,60,,8425,6,,,0,20,,8426,6,,,0,20,,8427,6,,,0,62,,8428,6,,,0,20,,8429,6,,,0,20,,8430,6,,,0,60,,8431,6,,,0,20,,8432,6,,,0,20,,8433,6,,,0,60,,8434,6,,,0,20,,8435,6,,,0,20,,8436,6,,,0,60,,8437,6,,,0,20,,8438,6,,,0,20,,8439,6,,,0,60,,8440,6,,,0,20,,8441,6,,,0,20,,8442,6,,,0,60,,8443,6,,,0,20,,8444,6,,,0,20,,8445,6,,,0,58,,8446,6,,,0,20,,8447,6,,,0,20,,8448,6,,,0,60,,8449,6,,,0,20,,8450,6,,,0,20,,8451,6,,,0,60,,8452,6,,,0,20,,8453,6,,,0,20,,8454,6,,,0,54,,8455,6,,,0,30,,8456,6,,,0,70,,8457,6,,,0,30,,8458,6,,,0,70,,8459,6,,,0,30,,8460,6,,,0,70,,8461,6,,,0
12700,'6404',704,,8499,5,,,0,30,,8500,6,,,0,70,,8501,6,,,0,30,,8502,6,,,0,70,,8503,6,,,0,20,,8467,6,,,0,20,,8468,6,,,0,60,,8469,6,,,0,20,,8470,6,,,0,20,,8471,6,,,0,60,,8472,6,,,0,20,,8473,6,,,0,20,,8474,6,,,0,61,,8475,6,,,0,20,,8476,6,,,0,20,,8477,6,,,0,60,,8478,6,,,0,20,,8479,6,,,0,20,,8480,6,,,0,60,,8481,6,,,0,20,,8482,6,,,0,20,,8483,6,,,0,60,,8484,6,,,0,20,,8485,6,,,0,20,,8486,6,,,0,60,,8487,6,,,0,20,,8488,6,,,0,20,,8489,6,,,0,59,,8490,6,,,0,35,,8491,6,,,0,75,,8492,6,,,0,35,,8493,6,,,0,75,,8494,6,,,0,35,,8495,6,,,0,75,,8496,6,,,0,75,,8497,6,,,0,35,,8498,6,,,0,75,,8504,6,,,0,35,,8505,6,,,0
