1000,'2',540,,2586,,,0,70,,2595,,,0,30,,2594,,,0,68,,2588,,,0,16,,2634,,,0,17,,2589,,,0,14,,2635,,,0,55,,2593,,,0,18,,2592,,,0,16,,2591,0,21 3 32,0,61,,2590,,,0,30,,2601,,,0,70,,2600,,,0,30,,2599,,,0,70,,2598,,,0,30,,2605,,,0,69,,2604,,,0,30,,2603,,,0,25,,2602,,,0,75,,2608,,,0,18,,2607,,,0,60,,2636,,,0,15,,2609,,,0,15,,2637,,,0,15,,2610,,,0,59,,2617,,,0,11,,2611,,,0,15,,2612,,,0,15,,2613,,,0,55,,2614,,,0,15,,2615,,,0,15,,2640,,,0,15,,2616,,,0,58,,2641,0,18 19 20,0,15,,2618,,,0,25,,2619,,,0,74,,2620,,,0,13,,2642,0,21 3 32,0,63,,2621,,,0,31,,2622,,,0,74,,2623,,,0,30,,2624,,,0,78,,2625,,,0,38,,2626,,,0,73,,2627,,,0,30,,2628,,,0,75,,2629,,,0,75,,2630,,,0,30,,2631,,,0,70,,2632,0,21 3 32,0,31,,2633,0,21 3 32,0
1000,'3',637,,2644,,,0,75,,2645,,,0,32,,2647,,,0,68,,2648,,,0,15,,2649,,,0,30,,2650,,,0,69,,2651,,,0,28,,2652,,,0,70,,2653,,,0,30,,2654,,,0,70,,2655,,,0,28,,2656,,,0,70,,2657,,,0,30,,2658,,,0,69,,2659,,,0,31,,2660,,,0,70,,2661,,,0,25,,2662,,,0,60,,2663,,,0,30,,2664,,,0,70,,2665,,,0,30,,2666,,,0,70,,2667,,,0,32,,2668,,,0,68,,2669,,,0,30,,2670,,,0,70,,2671,,,0,30,,2672,,,0,70,,2673,,,0,30,,2677,,,0,65,,2678,,,0,25,,2679,,,0,25,,2680,,,0,65,,2681,,,0,30,,2682,,,0,70,,2683,,,0,16,,2676,0,21 3 32,0,78,,2684,,,0,16,,2674,0,18 19 20,0,85,,2675,0,21 3 32,0
1000,'30',656,,2721,,,0,60,,2686,,,0,35,,2720,,,0,60,,2687,,,0,28,,2688,,,0,68,,2689,,,0,30,,2690,,,0,65,,2691,,,0,25,,2692,,,0,25,,2693,,,0,65,,2694,,,0,29,,2695,,,0,68,,2696,,,0,30,,2697,,,0,70,,2698,,,0,30,,2699,,,0,70,,2700,,,0,30,,2701,,,0,70,,2702,,,0,30,,2703,,,0,70,,2704,,,0,31,,2707,,,0,73,,2708,,,0,30,,2709,,,0,70,,2710,,,0,30,,2711,,,0,66,,2712,,,0,30,,2713,,,0,70,,2714,,,0,30,,2715,,,0,70,,2716,,,0,33,,2717,,,0,74,,2718,,,0,5,,2719,0,21 3 32,0,13,,2706,0,21 3 32,0,65,,2705,0,21 3 32,0
1000,'4',656,,2758,,,0,60,,2723,,,0,35,,2757,,,0,60,,2724,,,0,28,,2725,,,0,68,,2726,,,0,30,,2727,,,0,65,,2728,,,0,25,,2729,,,0,25,,2730,,,0,65,,2731,,,0,29,,2732,,,0,68,,2733,,,0,30,,2734,,,0,70,,2735,,,0,30,,2736,,,0,70,,2737,,,0,30,,2738,,,0,70,,2739,,,0,30,,2740,,,0,70,,2741,,,0,31,,2744,,,0,73,,2745,,,0,30,,2746,,,0,70,,2747,,,0,30,,2748,,,0,66,,2749,,,0,30,,2750,,,0,70,,2751,,,0,30,,2752,,,0,70,,2753,,,0,33,,2754,,,0,74,,2755,,,0,5,,2756,0,21 3 32,0,13,,2743,0,21 3 32,0,65,,2742,0,21 3 32,0
1001,'2',610,,2805,4,,0,20,,2806,4,,0,71,,2760,4,,0,19,,2807,4,,0,16,,2759,4,,0,13,,2808,4,,0,56,,2764,4,,0,18,,2763,4,,0,16,,2762,4,,0,15,,2761,4,,0,72,,2769,4,,0,79,,2767,4,,0,23,,2766,4,,0,75,,2765,4,,0,30,,2772,4,,0,20,,2774,4,,0,71,,2773,4,,0,30,,2771,4,,0,75,,2777,4,,0,23,,2776,4,,0,54,,2817,4,,0,14,,2775,4,,0,14,,2816,4,,0,13,,2815,4,,0,55,,2779,4,,0,18,,2778,4,,0,22,,2780,4,,0,61,,2809,4,,0,17,,2781,4,,0,15,,2810,4,,0,15,,2782,4,,0,56,,2811,4,,0,18,,2783,4,,0,19,,2784,4,,0,58,,2812,4,,0,19,,2785,4,,0,17,,2786,4,,0,65,,2790,4,,0,27,,2788,4,,0,74,,2789,4,,0,37,,2793,4,,0,78,,2795,4,,0,38,,2796,4,,0,73,,2797,4,,0,17,,2814,4,,0,75,,2798,4,,0,35,,2799,4,,0,65,,2800,4,,0,18,,2801,4,,0,70,,2802,4,,0,31,,2803,4,,0
1001,'3',637,,2820,4,,0,75,,2821,4,,0,27,,2819,4,,0,70,,2818,4,,0,18,,2854,4,,0,19,,2822,4,,0,70,,2823,4,,0,30,,2824,4,,0,68,,2825,4,,0,33,,2826,4,,0,70,,2827,4,,0,25,,2828,4,,0,70,,2829,4,,0,31,,2830,4,,0,70,,2831,4,,0,30,,2832,4,,0,70,,2833,4,,0,30,,2834,4,,0,15,,2835,4,,0,70,,2836,4,,0,30,,2837,4,,0,70,,2838,4,,0,30,,2839,4,,0,70,,2840,4,,0,30,,2841,4,,0,68,,2842,4,,0,29,,2843,4,,0,70,,2844,4,,0,30,,2845,4,,0,70,,2846,4,,0,25,,2847,4,,0,64,,2848,4,,0,29,,2849,4,,0,65,,2850,4,,0,30,,2851,4,,0,65,,2852,4,,0,30,,2856,4,,0,70,,2857,4,,0,24,,2858,4,,0,85,,2859,4,,0
1001,'30',654,,2894,4,,0,62,,2868,4,,0,33,,2895,4,,0,57,,2860,4,,0,33,,2897,4,,0,62,,2861,4,,0,29,,2896,4,,0,21,,2862,4,,0,60,,2863,4,,0,30,,2864,4,,0,65,,2865,4,,0,30,,2866,4,,0,70,,2867,4,,0,36,,2869,4,,0,70,,2870,4,,0,25,,2871,4,,0,70,,2872,4,,0,30,,2873,4,,0,70,,2874,4,,0,30,,2875,4,,0,70,,2876,4,,0,30,,2877,4,,0,70,,2878,4,,0,33,,2879,4,,0,65,,2880,4,,0,30,,2881,4,,0,68,,2892,4,,0,29,,2882,4,,0,25,,2885,4,,0,70,,2886,4,,0,30,,2887,4,,0,70,,2888,4,,0,75,,2889,4,,0,24,,2890,4,,0,13,,2891,4,,0,65,,2893,4,,0
1001,'4',654,,2932,4,,0,62,,2906,4,,0,33,,2933,4,,0,57,,2898,4,,0,33,,2935,4,,0,62,,2899,4,,0,29,,2934,4,,0,21,,2900,4,,0,60,,2901,4,,0,30,,2902,4,,0,65,,2903,4,,0,30,,2904,4,,0,70,,2905,4,,0,36,,2907,4,,0,70,,2908,4,,0,25,,2909,4,,0,70,,2910,4,,0,30,,2911,4,,0,70,,2912,4,,0,30,,2913,4,,0,70,,2914,4,,0,30,,2915,4,,0,70,,2916,4,,0,33,,2917,4,,0,65,,2918,4,,0,30,,2919,4,,0,68,,2930,4,,0,29,,2920,4,,0,25,,2923,4,,0,70,,2924,4,,0,30,,2925,4,,0,70,,2926,4,,0,75,,2927,4,,0,24,,2928,4,,0,13,,2929,4,,0,65,,2931,4,,0
2701,'2',612,,6043,,,0,92,,5972,,,0,25,,5973,,,0,13,,5974,,,0,13,,5975,,,0,53,,5976,,,0,13,,5977,,,0,13,,5978,,,0,8,,5979,,,0,13,,5980,,,0,54,,5981,,,0,12,,5982,,,0,14,,5983,,,0,13,,5984,,,0,53,,5985,,,0,13,,5986,,,0,13,,5987,,,0,13,,5988,,,0,13,,5989,,,0,53,,5990,,,0,13,,5991,,,0,13,,5992,,,0,13,,5993,,,0,13,,5994,,,0,52,,5995,,,0,13,,5996,,,0,12,,5997,,,0,12,,5998,,,0,12,,5999,,,0,52,,6000,,,0,12,,6001,,,0,12,,6002,,,0,12,,6003,,,0,12,,6004,,,0,52,,6005,,,0,12,,6006,,,0,14,,6007,,,0,13,,6008,,,0,53,,6009,,,0,13,,6010,,,0,13,,6011,,,0,13,,6012,,,0,9,,6013,,,0,52,,6014,,,0,12,,6015,,,0,11,,6016,,,0,11,,6017,,,0,11,,6018,,,0,11,,6019,,,0,51,,6020,,,0,11,,6021,,,0,11,,6022,,,0,11,,6023,,,0,11,,6024,,,0,51,,6025,,,0,7,,6026,,,0,13,,6027,,,0,9,,6028,,,0,13,,6029,,,0,11,,6030,,,0,51,,6031,,,0,17,,6032,,,0,17,,6033,,,0,57,,6034,,,0,17,,6035,,,0,17,,6036,,,0,17,,6037,,,0,56,,6038,,,0,20,,6039,,,0,27,,6040,,,0,67,,6041,,,0,27,,6042,,,0
2701,'3',912,,6044,,,0,43,,6054,,,0,73,,6045,,,0,104,,6055,,,0,73,,6046,,,0,32,,6063,,,0,72,,6056,,,0,32,,6047,,,0,72,,6064,,,0,31,,6057,,,0,74,,6048,,,0,32,,6065,,,0,70,,6058,,,0,34,,6049,,,0,72,,6066,,,0,30,,6059,,,0,75,,6050,,,0,85,,6060,,,0,85,,6051,,,0,45,,6061,,,0,81,,6052,,,0,80,,6062,,,0,40,,6053,,,0,80,,6067,,,0
2701,'30',857,,6068,,,0,85,,6069,,,0,85,,6075,,,0,85,,6070,,,0,45,,6076,,,0,86,,6071,,,0,88,,6077,,,0,72,,6078,,,0,32,,6072,,,0,72,,6080,,,0,32,,6079,,,0,72,,6073,,,0,32,,6081,,,0,72,,6083,,,0,28,,6074,,,0,77,,6082,,,0,85,,6084,,,0,45,,6085,,,0
2701,'4',857,,6086,,,0,85,,6087,,,0,85,,6093,,,0,85,,6088,,,0,45,,6094,,,0,86,,6089,,,0,88,,6095,,,0,72,,6096,,,0,32,,6090,,,0,72,,6098,,,0,32,,6097,,,0,72,,6091,,,0,32,,6099,,,0,72,,6101,,,0,28,,6092,,,0,77,,6100,,,0,85,,6102,,,0,45,,6103,,,0
