200,'2',625,,9150,18,0,10 22 27,0,30,,9149,18,0,10 22 27,0,66,,9187,56,0,10 23 20,0,30,,9188,56,0,10 23 20,0,70,,9189,56,0,10 23 20,0,30,,9190,56,0,10 23 20,0,71,,9191,56,0,10 23 20,0,30,,9192,56,0,10 23 20,0,70,,9193,56,0,10 23 20,0,30,,9194,56,0,10 23 20,0,70,,9195,56,0,10 23 20,0,30,,9196,56,0,10 23 20,0,72,,9197,56,0,10 23 20,0,27,,9198,56,0,10 23 20,0,70,,9199,56,0,10 23 20,0,30,,9200,56,0,10 23 20,0,69,,9201,56,0,10 23 20,0,30,,9202,56,0,10 23 20,0,68,,9203,56,0,10 23 20,0,29,,9204,56,0,10 23 20,0,75,,9205,56,0,10 23 20,0,34,,9206,56,0,10 23 20,0,70,,9207,56,0,10 23 20,0,28,,9208,56,0,10 23 20,0,70,,9209,56,0,10 23 20,0,25,,9210,56,0,10 23 20,0,67,,9211,56,0,10 23 20,0,30,,9212,56,0,10 23 20,0,70,,9213,56,0,10 23 20,0,30,,9214,56,0,10 23 20,0,70,,9215,56,0,10 23 20,0,39,,9216,56,0,10 23 20,0,80,,9217,56,0,10 23 20,0,77,,9218,56,0,10 23 20,0,44,,9219,56,0,10 23 20,0,60,,9220,56,0,10 23 20,0,35,,9221,56,0,10 23 20,0
200,'3',629,,9225,18,0,10 22 27,0,99,,9227,56,0,10 23 20,0,27,,9228,18,0,10 22 27,0,65,,9230,18,0,10 22 27,0,25,,9232,56,0,10 23 20,0,70,,9234,56,0,10 23 20,0,27,,9236,56,0,10 23 20,0,70,,9238,56,0,10 23 20,0,30,,9240,56,0,10 23 20,0,70,,9242,56,0,10 23 20,0,26,,9244,56,0,10 23 20,0,65,,9246,56,0,10 23 20,0,30,,9248,56,0,10 23 20,0,70,,9250,56,0,10 23 20,0,30,,9262,56,0,10 23 20,0,25,,9263,56,0,10 23 20,0,65,,9264,56,0,10 23 20,0,30,,9265,56,0,10 23 20,0,70,,9266,56,0,10 23 20,0,30,,9267,56,0,10 23 20,0,65,,9268,56,0,10 23 20,0,30,,9269,56,0,10 23 20,0,65,,9270,56,0,10 23 20,0,33,,9271,56,0,10 23 20,0,65,,9272,56,0,10 23 20,0,30,,9274,56,0,10 23 20,0,70,,9275,56,0,10 23 20,0,30,,9276,56,0,10 23 20,0,70,,9277,56,0,10 23 20,0,41,,9278,56,0,10 23 20,0,56,,9279,56,0,10 23 20,0,44,,9289,56,0,10 23 20,0,99,,9290,56,0,10 23 20,0,101,,9223,56,0,10 23 20,0,149,,9293,56,0,10 23 20,0
200,'30',658,,9300,18,0,10 22 27,0,99,,9301,56,0,10 23 20,0,145,,9302,56,0,10 23 20,0,50,,9305,56,0,10 23 20,0,90,,9306,56,0,10 23 20,0,90,,9307,56,0,10 23 20,0,69,,9311,56,0,10 23 20,0,30,,9308,56,0,10 23 20,0,70,,9324,56,0,10 23 20,0,30,,9325,56,0,10 23 20,0,70,,9326,56,0,10 23 20,0,30,,9327,56,0,10 23 20,0,70,,9328,56,0,10 23 20,0,30,,9329,56,0,10 23 20,0,70,,9330,56,0,10 23 20,0,30,,9331,56,0,10 23 20,0,70,,9332,56,0,10 23 20,0,33,,9333,56,0,10 23 20,0,20,,9334,56,0,10 23 20,0,70,,9335,56,0,10 23 20,0,90,,9344,56,0,10 23 20,0,91,,9345,56,0,10 23 20,0,49,,9346,56,0,10 23 20,0,90,,9347,56,0,10 23 20,0,85,,9348,56,0,10 23 20,0,99,,9297,56,0,10 23 20,0
200,'4',658,,9354,18,0,10 22 27,0,99,,9355,56,0,10 23 20,0,145,,9356,56,0,10 23 20,0,50,,9359,56,0,10 23 20,0,90,,9360,56,0,10 23 20,0,90,,9361,56,0,10 23 20,0,69,,9365,56,0,10 23 20,0,30,,9362,56,0,10 23 20,0,70,,9378,56,0,10 23 20,0,30,,9379,56,0,10 23 20,0,70,,9380,56,0,10 23 20,0,30,,9381,56,0,10 23 20,0,70,,9382,56,0,10 23 20,0,30,,9383,56,0,10 23 20,0,70,,9384,56,0,10 23 20,0,30,,9385,56,0,10 23 20,0,70,,9386,56,0,10 23 20,0,33,,9387,56,0,10 23 20,0,20,,9388,56,0,10 23 20,0,70,,9389,56,0,10 23 20,0,90,,9398,56,0,10 23 20,0,91,,9399,56,0,10 23 20,0,49,,9400,56,0,10 23 20,0,90,,9401,56,0,10 23 20,0,85,,9402,56,0,10 23 20,0,99,,9351,56,0,10 23 20,0
300,'2',618,,9660,4,,,0,23,,9661,4,,,0,73,,9662,4,,,0,27,,9663,4,,,0,70,,9664,4,,,0,31,,9665,4,,,0,70,,9666,4,,,0,30,,9667,4,,,0,70,,9668,4,,,0,30,,9669,4,,,0,70,,9670,4,,,0,29,,9671,4,,,0,69,,9672,4,,,0,30,,9673,4,,,0,70,,9674,4,,,0,29,,9675,4,,,0,69,,9676,4,,,0,30,,9677,4,,,0,70,,9678,4,,,0,29,,9679,4,,,0,70,,9680,4,,,0,30,,9681,4,,,0,70,,9682,4,,,0,34,,9683,4,,,0,70,,9685,4,,,0,30,,9686,4,,,0,70,,9687,4,,,0,30,,9688,4,,,0,70,,9689,4,,,0,30,,9690,4,,,0,70,,9691,4,,,0,30,,9692,4,,,0,70,,9693,4,,,0,30,,9694,4,,,0,59,,9684,4,,,0
300,'3',633,,9695,4,,,0,100,,9696,4,,,0,100,,9697,4,,,0,100,,9698,4,,,0,72,,9700,4,,,0,35,,9701,4,,,0,75,,9702,4,,,0,36,,9703,4,,,0,75,,9704,4,,,0,75,,9705,4,,,0,34,,9706,4,,,0,75,,9707,4,,,0,35,,9708,4,,,0,75,,9709,4,,,0,35,,9710,4,,,0,75,,9711,4,,,0,75,,9712,4,,,0,38,,9713,4,,,0,100,,9714,4,,,0,100,,9715,4,,,0,102,,9716,4,,,0,100,,9717,4,,,0,108,,9699,4,,,0
300,'30',850,,9718,4,,,0,87,,9719,4,,,0,87,,9720,4,,,0,87,,9721,4,,,0,46,,9722,4,,,0,87,,9723,4,,,0,87,,9724,4,,,0,87,,9725,4,,,0,87,,9726,4,,,0,47,,9727,4,,,0,88,,9728,4,,,0,89,,9729,4,,,0,87,,9730,4,,,0,107,,9731,4,,,0,100,,9732,4,,,0,100,,9733,4,,,0,103,,9734,4,,,0
300,'4',850,,9735,4,,,0,87,,9736,4,,,0,87,,9737,4,,,0,87,,9738,4,,,0,46,,9739,4,,,0,87,,9740,4,,,0,87,,9741,4,,,0,87,,9742,4,,,0,87,,9743,4,,,0,47,,9744,4,,,0,88,,9745,4,,,0,89,,9746,4,,,0,87,,9747,4,,,0,107,,9748,4,,,0,100,,9749,4,,,0,100,,9750,4,,,0,103,,9751,4,,,0
500,'2',558,,10198,4,0,13 31,0,76,,10200,4,0,10 31,0,24,,10201,4,0,13 31,0,70,,10212,4,0,10 31,0,30,,10202,4,0,13 31,0,70,,10213,4,0,10 31,0,30,,10203,4,0,13 31,0,70,,10214,4,0,10 31,0,30,,10204,4,0,13 31,0,70,,10215,4,0,10 31,0,30,,10205,4,0,13 31,0,70,,10216,4,0,10 31,0,29,,10206,4,0,13 31,0,70,,10217,4,0,10 31,0,30,,10207,4,0,13 31,0,70,,10218,4,0,10 31,0,30,,10208,4,0,13 31,0,70,,10219,4,0,10 31,0,30,,10209,4,0,13 31,0,70,,10220,4,0,10 31,0,30,,10210,4,0,13 31,0,70,,10221,4,0,10 31,0,30,,10211,4,0,13 31,0,70,,10222,4,0,10 31,0,24,,10223,4,0,13 31,0,70,,10226,4,0,10 31,0,30,,10227,4,0,10 31,0,70,,10228,4,0,10 31,0,30,,10229,4,0,10 31,0,70,,10230,4,0,10 31,0,30,,10231,4,0,10 31,0,70,,10232,4,0,10 31,0,30,,10233,4,0,10 31,0,65,,10234,4,0,10 31,0,28,,10235,4,0,10 31,0,88,,10224,4,0,10 31,0
500,'3',604,,10236,4,0,10 31,0,100,,10237,4,0,10 31,0,99,,10238,4,0,10 31,0,100,,10239,4,0,10 31,0,45,,10240,4,0,13 31,0,75,,10247,4,0,10 31,0,35,,10241,4,0,13 31,0,75,,10248,4,0,10 31,0,75,,10242,4,0,13 31,0,35,,10249,4,0,10 31,0,75,,10243,4,0,13 31,0,35,,10250,4,0,10 31,0,75,,10244,4,0,13 31,0,75,,10251,4,0,10 31,0,35,,10245,4,0,13 31,0,75,,10252,4,0,10 31,0,35,,10246,4,0,13 31,0,75,,10253,4,0,10 31,0,82,,10254,4,0,13 31,0,34,,10260,4,0,10 31,0,75,,10255,4,0,10 31,0,100,,10256,4,0,10 31,0,101,,10257,4,0,10 31,0,110,,10258,4,0,10 31,0,110,,10259,4,0,10 31,0
500,'30',830,,10262,4,0,10 31,0,84,,10263,4,0,10 31,0,87,,10264,4,0,10 31,0,47,,10265,4,0,10 31,0,87,,10266,4,0,10 31,0,87,,10267,4,0,10 31,0,87,,10268,4,0,10 31,0,47,,10269,4,0,10 31,0,87,,10270,4,0,10 31,0,87,,10271,4,0,10 31,0,87,,10272,4,0,10 31,0,88,,10273,4,0,10 31,0,47,,10274,4,0,10 31,0,100,,10275,4,0,10 31,0,100,,10276,4,0,10 31,0,100,,10277,4,0,10 31,0,94,,10278,4,0,10 31,0,92,,10279,4,0,10 31,0
500,'4',830,,10281,4,0,10 31,0,84,,10282,4,0,10 31,0,87,,10283,4,0,10 31,0,47,,10284,4,0,10 31,0,87,,10285,4,0,10 31,0,87,,10286,4,0,10 31,0,87,,10287,4,0,10 31,0,47,,10288,4,0,10 31,0,87,,10289,4,0,10 31,0,87,,10290,4,0,10 31,0,87,,10291,4,0,10 31,0,88,,10292,4,0,10 31,0,47,,10293,4,0,10 31,0,100,,10294,4,0,10 31,0,100,,10295,4,0,10 31,0,100,,10296,4,0,10 31,0,94,,10297,4,0,10 31,0,92,,10298,4,0,10 31,0
