100,1093,1,0
100,1096,2,0
100,1095,3,0
100,1094,4,0
100,1097,5,0
100,302,6,0
100,2601,7,0
100,300,8,0
100,1003,9,0
100,999,10,0
100,1024,11,0
100,998,12,0
100,40,13,0
100,88,14,0
100,345,15,0
100,369,16,0
100,358,17,0
100,2796,18,0
100,2797,19,0
100,2801,20,0
100,438,21,0
100,440,22,0
100,433,23,0
100,434,24,0
100,2218,25,0
100,535,26,0
100,1938,27,0
100,978,28,0
100,2240,29,0
100,804,30,0
100,805,31,0
100,1945,32,0
100,1969,33,0
100,1943,34,0
100,1930,35,0
100,1974,36,0
100,1970,37,0
100,1958,38,0
100,206,39,0
100,190,40,0
100,1985,41,0
100,2007,42,0
100,2292,43,0
100,1776,44,0
100,1781,45,0
100,1779,46,0
100,1783,47,0
100,1089,48,0
100,2334,49,0
100,1088,50,0
100,1083,51,0
100,1079,52,0
100,1082,53,0
100,312,54,0
100,313,55,0
100,1786,56,0
100,2449,57,0
100,1422,58,0
100,1399,59,0
100,1408,60,0
100,1656,61,0
100,2452,62,0
100,1657,63,1
101,1657,1,0
101,452,2,0
101,1409,3,0
101,478,4,0
101,1406,5,0
101,1407,6,0
101,2915,7,0
101,1421,8,0
101,1412,9,0
101,463,11,0
101,1077,12,0
101,1078,13,0
101,1090,14,0
101,1087,15,0
101,2333,16,0
101,1787,17,0
101,1784,18,0
101,1780,19,0
101,1785,20,0
101,1777,21,0
101,2702,22,0
101,2008,23,0
101,1986,24,0
101,189,25,0
101,2911,26,0
101,1929,27,0
101,1922,28,0
101,1925,29,0
101,1950,30,0
101,1942,31,0
101,1705,32,0
101,1702,33,0
101,2276,34,0
101,804,35,0
101,805,36,0
101,1944,37,0
101,1947,38,0
101,1939,39,0
101,1936,40,0
101,532,41,0
101,531,42,0
101,443,43,0
101,432,44,0
101,439,45,0
101,2799,46,0
101,2800,47,0
101,2798,48,0
101,2795,49,0
101,357,50,0
101,368,51,0
101,24,52,0
101,87,53,0
101,74,54,0
101,39,55,0
101,42,56,0
101,1093,57,1
200,1222,1,0
200,1989,2,0
200,1996,3,0
200,2003,4,0
200,2004,5,0
200,2002,6,0
200,1993,7,0
200,2042,8,0
200,2047,9,0
200,2049,10,0
200,2041,11,0
200,2045,12,0
200,1600,13,0
200,1602,14,0
200,600,15,0
200,2736,16,0
200,1086,17,0
200,2916,18,0
200,1939,19,0
200,614,20,0
200,552,21,0
200,585,22,0
200,623,23,0
200,537,24,0
200,584,25,0
200,576,26,0
200,592,27,0
200,594,28,0
200,560,29,0
200,583,30,0
200,562,31,0
200,540,32,0
200,577,33,0
200,573,34,0
200,832,35,0
200,828,36,0
200,838,37,0
200,830,38,0
200,840,39,0
200,842,40,0
200,1799,41,0
200,1801,42,0
200,1803,43,0
200,1789,44,0
200,2279,45,0
200,1791,46,0
200,417,47,0
200,412,48,0
200,414,49,0
200,420,50,0
200,398,51,0
200,566,52,0
200,602,53,0
200,587,54,0
200,543,55,0
200,550,56,0
200,166,57,0
200,399,58,0
200,421,59,0
200,413,60,0
200,416,61,0
200,1139,62,0
200,1137,63,0
200,1238,64,0
200,290,65,0
200,990,66,0
200,991,67,0
200,992,68,0
200,993,69,0
200,1796,70,1
200,557,71,0
200,617,72,0
200,569,73,0
200,605,74,0
200,547,75,0
200,281,76,1
201,281,1,0
201,285,2,0
201,283,3,0
201,94,4,0
201,102,5,0
201,96,6,0
201,327,7,0
201,329,8,0
201,328,9,0
201,330,10,0
201,606,11,0
201,607,12,0
201,570,13,0
201,539,14,0
201,556,15,0
201,2212,16,0
201,167,17,0
201,551,18,0
201,544,19,0
201,612,20,0
201,546,21,0
201,567,22,0
201,572,23,0
201,1796,24,0
201,1797,25,0
201,1790,26,0
201,1798,27,0
201,1792,28,0
201,1793,29,0
201,1788,30,0
201,1794,31,0
201,1804,32,0
201,1802,33,0
201,1800,34,0
201,839,35,0
201,829,36,0
201,836,37,0
201,834,38,0
201,831,39,0
201,833,40,0
201,574,41,0
201,578,42,0
201,542,43,0
201,2219,44,0
201,554,45,0
201,561,46,0
201,595,47,0
201,593,48,0
201,597,49,0
201,565,50,0
201,564,51,0
201,538,52,0
201,624,53,0
201,586,54,0
201,553,55,0
201,615,56,0
201,620,57,0
201,1442,58,0
201,2737,59,0
201,1443,60,0
201,1603,61,0
201,2336,62,0
201,2044,63,0
201,2043,64,0
201,2035,65,0
201,2046,66,0
201,1991,67,0
201,1992,68,0
201,2001,69,0
201,2290,70,0
201,2291,71,0
201,141,72,0
201,1173,73,0
201,1222,74,1
300,166,1,0
300,399,2,0
300,421,3,0
300,413,4,0
300,418,5,0
300,419,6,0
300,396,7,0
300,405,8,0
300,2638,9,0
300,2637,10,0
300,2639,11,0
300,2657,12,0
300,2654,13,0
300,2659,14,0
300,2652,15,0
300,2658,16,0
300,2660,17,0
300,2661,18,0
300,2662,19,0
300,2656,20,0
300,859,21,0
300,861,22,0
300,856,23,0
300,850,24,0
300,884,25,0
300,854,26,0
300,852,27,0
300,880,28,0
300,875,29,0
300,863,30,0
300,846,31,0
300,2318,32,0
300,966,33,0
300,2239,34,0
300,977,35,0
300,1947,36,0
300,1939,37,0
300,1442,38,0
300,2742,39,1
301,2742,1,0
301,1086,2,0
301,2916,3,0
301,978,4,0
301,2240,5,0
301,967,6,0
301,2317,7,0
301,845,8,0
301,865,9,0
301,874,10,0
301,879,11,0
301,851,12,0
301,885,13,0
301,883,14,0
301,871,15,0
301,855,16,0
301,860,17,0
301,868,18,0
301,866,19,0
301,867,20,0
301,887,21,0
301,858,22,0
301,848,23,0
301,847,24,0
301,878,25,0
301,2655,26,0
301,2653,27,0
301,2640,28,0
301,2636,29,0
301,406,30,0
301,404,31,0
301,397,32,0
301,395,33,0
301,417,34,0
301,412,35,0
301,414,36,0
301,420,37,0
301,398,38,0
301,166,39,1
400,2914,1,0
400,1336,2,0
400,1310,3,0
400,1308,4,0
400,1362,5,0
400,1323,6,0
400,1279,7,0
400,1319,8,0
400,1349,9,0
400,1330,10,0
400,1347,11,0
400,1297,12,0
400,1288,13,0
400,1286,14,0
400,1261,15,0
400,1361,16,0
400,1321,17,0
400,1281,18,0
400,1355,19,0
400,1357,20,0
400,1495,21,0
400,1493,22,0
400,1463,23,0
400,1489,24,0
400,1467,25,0
400,2741,26,0
400,2740,27,0
400,969,28,0
400,1546,29,0
400,1538,30,0
400,1539,31,0
400,1556,32,0
400,1557,33,0
400,1541,34,0
400,1554,35,0
400,1533,36,0
400,1553,37,0
400,1827,38,0
400,1825,39,0
400,385,40,0
400,384,41,0
400,2067,42,0
400,1627,43,0
400,1625,44,0
400,1852,45,0
400,627,46,0
400,628,47,0
400,1234,48,0
400,1236,49,0
400,1055,50,0
400,1041,51,0
400,1072,52,0
400,1043,53,0
400,1047,54,0
400,2296,55,1
400,663,56,0
400,658,57,0
400,667,58,0
400,655,59,0
400,657,60,0
400,660,61,0
400,661,62,0
400,668,63,0
400,1057,64,0
400,1169,65,0
400,670,66,0
400,1658,67,0
400,1660,68,0
400,1064,69,0
400,2295,70,1
401,2295,1,0
401,1044,2,0
401,1046,3,0
401,1065,4,0
401,1040,5,0
401,1067,6,0
401,2296,7,0
401,1661,8,0
401,1659,9,0
401,671,10,0
401,1168,11,0
401,1056,12,0
401,669,13,0
401,659,14,0
401,656,15,0
401,654,16,0
401,666,17,0
401,665,18,0
401,662,19,0
401,1237,20,0
401,1235,21,0
401,626,22,0
401,629,23,0
401,1626,24,0
401,1628,25,0
401,2066,26,0
401,390,27,0
401,386,28,0
401,389,29,0
401,1826,30,0
401,1532,31,0
401,1545,32,0
401,1540,33,0
401,1531,34,0
401,1555,35,0
401,1544,36,0
401,1537,37,0
401,1547,38,0
401,970,39,0
401,1478,40,0
401,1490,41,0
401,1501,42,0
401,1488,43,0
401,1483,44,0
401,1496,45,0
401,1333,46,0
401,1356,47,0
401,1354,48,0
401,1280,49,0
401,1320,50,0
401,1360,51,0
401,1260,52,0
401,1285,53,0
401,1287,54,0
401,1296,55,0
401,1346,56,0
401,1329,57,0
401,1348,58,0
401,1345,59,0
401,1278,60,0
401,1289,61,0
401,1322,62,0
401,1307,63,0
401,1309,64,0
401,2914,65,1
500,166,1,0
500,399,2,0
500,421,3,0
500,413,4,0
500,418,5,0
500,419,6,0
500,396,7,0
500,405,8,0
500,2638,9,0
500,785,10,0
500,783,11,0
500,1200,12,0
500,1199,13,0
500,1206,14,0
500,1201,15,0
500,1133,16,0
500,1810,17,0
500,1811,18,0
500,1812,19,0
500,1813,20,0
500,837,21,0
500,835,22,0
500,859,23,0
500,861,24,0
500,856,25,0
500,850,26,0
500,884,27,0
500,854,28,0
500,852,29,0
500,880,30,0
500,875,31,0
500,863,32,0
500,846,33,0
500,2318,34,0
500,966,35,0
500,2239,36,0
500,977,37,0
500,1947,38,0
500,1939,39,0
500,1442,40,0
500,2737,41,0
500,1443,42,0
500,1558,43,0
500,2171,44,0
500,980,45,0
500,982,46,0
500,2683,47,0
500,1736,48,0
500,2688,49,0
500,1732,50,0
500,1743,51,0
500,1745,52,0
500,1749,53,0
500,2763,54,0
500,2272,55,0
500,763,56,0
500,766,57,0
500,240,58,0
500,2195,59,0
500,244,60,0
500,1730,61,0
500,1755,62,0
500,1747,63,0
500,1741,64,0
500,1739,65,0
500,1753,66,0
500,1734,67,0
500,480,68,0
500,472,69,0
500,468,70,0
500,481,71,0
500,448,72,0
500,458,73,1
501,458,1,0
501,482,2,0
501,811,3,0
501,816,4,0
501,817,5,0
501,808,6,0
501,814,7,0
501,812,8,0
501,822,9,0
501,818,10,0
501,810,11,0
501,279,12,0
501,280,13,0
501,275,14,0
501,278,15,0
501,276,16,0
501,2213,17,0
501,479,18,0
501,470,19,0
501,471,20,0
501,1733,21,0
501,1750,22,0
501,1752,23,0
501,1738,24,0
501,1740,25,0
501,1746,26,0
501,1754,27,0
501,245,28,0
501,2196,29,0
501,241,30,0
501,759,31,0
501,767,32,0
501,762,33,0
501,2762,34,0
501,1728,35,0
501,1729,36,0
501,1744,37,0
501,1742,38,0
501,1737,39,0
501,1735,40,0
501,1748,41,0
501,981,42,0
501,1759,43,0
501,1758,44,0
501,1760,45,0
501,2170,46,0
501,2743,47,0
501,2736,48,0
501,1086,49,0
501,2916,50,0
501,978,51,0
501,2240,52,0
501,967,53,0
501,2317,54,0
501,845,55,0
501,865,56,0
501,874,57,0
501,879,58,0
501,851,59,0
501,885,60,0
501,883,61,0
501,871,62,0
501,855,63,0
501,860,64,0
501,2650,65,0
501,2651,66,0
501,2675,67,0
501,2676,68,0
501,2674,69,0
501,2665,70,0
501,2673,71,0
501,2672,72,0
501,2648,73,0
501,2646,74,0
501,2647,75,0
501,406,76,0
501,404,77,0
501,397,78,0
501,395,79,0
501,417,80,0
501,412,81,0
501,414,82,0
501,420,83,0
501,398,84,0
501,166,85,1
600,1373,1,0
600,1854,2,0
600,1856,3,0
600,2423,4,0
600,189,5,0
600,210,6,0
600,930,7,0
600,931,8,0
600,933,9,0
600,941,10,0
600,937,11,0
600,791,12,0
600,792,13,0
600,325,14,0
600,323,15,0
600,1509,16,0
600,1480,17,0
600,1490,18,0
600,1501,19,0
600,1488,20,0
600,1483,21,0
600,1496,22,0
600,1494,23,0
600,1486,24,0
600,1476,25,0
600,1464,26,0
600,1514,27,0
600,1506,28,0
600,1481,29,0
600,1512,30,0
600,2870,31,0
600,1502,32,0
600,2084,33,0
600,1379,34,0
600,1817,35,1
601,1817,1,0
601,509,2,0
601,1820,3,0
601,1818,4,0
601,1482,5,0
601,1515,6,0
601,1465,7,0
601,1477,8,0
601,1487,9,0
601,1495,10,0
601,1493,11,0
601,1463,12,0
601,1489,13,0
601,1467,14,0
601,2742,15,0
601,2740,16,0
601,1479,17,0
601,1475,18,0
601,324,19,0
601,326,20,0
601,790,21,0
601,936,22,0
601,940,23,0
601,934,24,0
601,932,25,0
601,192,26,0
601,208,27,0
601,190,28,0
601,1859,29,0
601,1855,30,0
601,2284,31,0
601,1857,32,0
601,1376,33,0
601,2616,34,0
601,1373,35,1
700,2437,1,0
700,2139,2,0
700,2135,3,0
700,2100,4,0
700,2465,5,0
700,2770,6,0
700,246,7,0
700,242,8,0
700,759,9,0
700,2767,10,0
700,2765,11,0
700,1670,12,0
700,647,13,0
700,644,14,0
700,649,15,0
700,646,16,0
700,2033,17,0
700,2054,18,0
700,2031,19,0
700,2022,20,0
700,2037,21,0
700,1759,22,0
700,1758,23,0
700,1760,24,0
700,2170,25,0
700,2743,26,0
700,2736,27,0
700,1086,28,0
700,2916,29,0
700,2744,30,0
700,2172,31,0
700,2157,32,0
700,2163,33,0
700,2175,34,0
700,2154,35,0
700,2161,36,0
700,2165,37,0
700,740,38,0
700,736,39,0
700,744,40,0
700,738,41,0
700,733,42,0
700,894,43,0
700,929,44,0
700,309,45,0
700,305,46,0
700,2207,47,0
700,1910,48,0
700,1916,49,0
700,1907,50,0
700,1912,51,0
700,420,52,0
700,398,53,0
700,167,54,0
700,557,55,0
700,1906,56,0
700,1903,57,0
700,1905,58,0
700,1897,59,0
700,166,60,1
701,166,1,0
701,399,2,0
701,1899,3,0
701,1913,4,0
701,1908,5,0
701,1918,6,0
701,1915,7,0
701,1911,8,0
701,2208,9,0
701,306,10,0
701,308,11,0
701,928,12,0
701,893,13,0
701,743,14,0
701,734,15,0
701,739,16,0
701,745,17,0
701,737,18,0
701,741,19,0
701,2166,20,0
701,2162,21,0
701,2155,22,0
701,2176,23,0
701,2164,24,0
701,2158,25,0
701,2173,26,0
701,2976,27,0
701,1939,28,0
701,1442,29,0
701,2737,30,0
701,1443,31,0
701,1558,32,0
701,2171,33,0
701,2293,34,0
701,2023,35,0
701,2032,36,0
701,2055,37,0
701,1105,38,0
701,1131,39,0
701,650,40,0
701,645,41,0
701,648,42,0
701,2220,43,0
701,2764,44,0
701,2766,45,0
701,2198,46,0
701,243,47,0
701,247,48,0
701,2466,49,0
701,2464,50,0
701,2101,51,0
701,2136,52,0
701,2305,53,0
701,2437,54,1
900,1939,1,0
900,1442,2,0
900,2971,3,0
900,1443,4,0
900,1603,5,0
900,1601,6,0
900,1587,7,0
900,2144,8,0
900,2142,9,0
900,2140,10,0
900,1391,11,0
900,1389,12,0
900,1393,13,0
900,2290,14,0
900,1647,15,0
900,1637,16,0
900,1644,17,0
900,1641,18,0
900,2987,19,0
900,2249,20,0
900,1108,21,0
900,1110,22,0
900,1120,23,0
900,1118,24,0
900,1124,25,0
900,756,26,0
900,2107,27,0
900,267,28,0
900,265,29,0
900,262,30,0
900,263,31,0
900,269,32,0
900,120,33,0
900,2510,34,0
900,2755,35,0
900,2835,36,1
901,2835,1,0
901,2095,2,0
901,2096,3,0
901,2099,4,0
901,757,5,0
901,2343,6,0
901,1125,7,0
901,1119,8,0
901,1121,9,0
901,1109,10,0
901,1107,11,0
901,2248,12,0
901,1638,13,0
901,1643,14,0
901,1639,15,0
901,1640,16,0
901,1646,17,0
901,2003,18,0
901,2004,19,0
901,1394,20,0
901,1390,21,0
901,1392,22,0
901,2141,23,0
901,2143,24,0
901,2146,25,0
901,1606,26,0
901,1570,27,0
901,1600,28,0
901,1602,29,0
901,600,30,0
901,2736,31,0
901,1086,32,0
901,2916,33,0
901,1939,34,1
1000,176,1,0
1000,2306,2,0
1000,1002,3,0
1000,1011,4,0
1000,1017,5,0
1000,2241,6,0
1000,908,7,0
1000,899,8,0
1000,917,9,0
1000,925,10,0
1000,923,11,0
1000,920,12,0
1000,901,13,0
1000,894,14,0
1000,929,15,0
1000,896,16,0
1000,927,17,0
1000,897,18,0
1000,910,19,0
1000,453,20,0
1000,450,21,0
1000,1410,22,0
1000,1401,23,0
1000,1411,24,0
1000,1418,25,0
1000,1416,26,0
1000,1414,27,0
1000,1698,28,0
1000,1684,29,0
1000,1686,30,0
1000,1688,31,0
1000,1690,32,0
1000,77,33,0
1000,61,34,0
1000,65,35,0
1000,63,36,0
1000,292,37,0
1000,2324,38,0
1000,293,39,0
1000,2205,40,0
1000,294,41,0
1000,1927,42,0
1000,2062,43,0
1000,1926,44,0
1000,1952,45,0
1000,2887,46,0
1000,2878,47,0
1000,1701,48,0
1000,1678,49,0
1000,1692,50,0
1000,1674,51,0
1000,1675,52,0
1000,1680,53,0
1000,1709,54,0
1000,1707,55,0
1000,1695,56,0
1000,1696,57,0
1000,1669,58,0
1000,1714,59,0
1000,2128,60,0
1000,2119,61,0
1000,2113,62,0
1000,2111,63,0
1000,2438,64,0
1000,2139,65,0
1000,2135,66,0
1000,2100,67,0
1000,2102,68,0
1000,2134,69,0
1000,2132,70,0
1000,2122,71,0
1000,2108,72,0
1000,2117,73,0
1000,2115,74,0
1000,2103,75,0
1000,2105,76,0
1000,2097,77,0
1000,2987,78,0
1000,2977,79,0
1000,2981,80,0
1000,2107,81,0
1000,2978,82,0
1000,2982,83,0
1000,2980,84,0
1000,2516,85,0
1000,2979,86,0
1000,2514,87,0
1000,2227,88,0
1000,701,89,0
1000,2831,90,0
1000,1143,91,1
1001,1143,1,0
1001,707,2,0
1001,702,3,0
1001,2512,4,0
1001,2515,5,0
1001,2505,6,0
1001,2976,7,0
1001,2095,8,0
1001,2096,9,0
1001,2099,10,0
1001,2988,11,0
1001,2986,12,0
1001,2322,13,0
1001,2098,14,0
1001,2106,15,0
1001,2104,16,0
1001,2116,17,0
1001,2118,18,0
1001,2109,19,0
1001,2123,20,0
1001,2323,21,0
1001,2124,22,0
1001,2101,23,0
1001,2136,24,0
1001,2305,25,0
1001,2436,26,0
1001,1889,27,0
1001,1893,28,0
1001,2114,29,0
1001,2112,30,0
1001,2120,31,0
1001,2121,32,0
1001,1713,33,0
1001,2748,34,0
1001,1668,35,0
1001,2749,36,0
1001,1694,37,0
1001,2337,38,0
1001,1706,39,0
1001,1708,40,0
1001,1710,41,0
1001,1681,42,0
1001,1673,43,0
1001,1691,44,0
1001,1700,45,0
1001,2689,46,0
1001,1954,47,0
1001,1953,48,0
1001,1927,49,0
1001,2063,50,0
1001,297,51,0
1001,298,52,0
1001,2325,53,0
1001,291,54,0
1001,2203,55,0
1001,64,56,0
1001,66,57,0
1001,62,58,0
1001,1666,59,0
1001,1689,60,0
1001,1687,61,0
1001,1685,62,0
1001,1683,63,0
1001,1697,64,0
1001,1420,65,0
1001,1417,66,0
1001,1415,67,0
1001,2264,68,0
1001,1400,69,0
1001,1419,70,0
1001,477,71,0
1001,449,72,0
1001,2453,73,0
1001,909,74,0
1001,921,75,0
1001,926,76,0
1001,895,77,0
1001,928,78,0
1001,893,79,0
1001,900,80,0
1001,919,81,0
1001,922,82,0
1001,924,83,0
1001,916,84,0
1001,898,85,0
1001,907,86,0
1001,913,87,0
1001,911,88,0
1001,905,89,0
1001,752,90,0
1001,750,91,0
1001,1159,92,0
1001,1170,93,0
1001,1171,94,0
1001,176,95,1
1200,2971,1,0
1200,1443,2,0
1200,1603,3,0
1200,2057,4,0
1200,2051,5,0
1200,2293,6,0
1200,2023,7,0
1200,2032,8,0
1200,2055,9,0
1200,2034,10,0
1200,2024,11,0
1200,2016,12,0
1200,2027,13,0
1200,457,14,0
1200,461,15,0
1200,1872,16,0
1200,1886,17,0
1200,1877,18,0
1200,1240,19,0
1200,235,20,0
1200,236,21,0
1200,234,22,0
1200,237,23,0
1200,2056,24,0
1200,2594,25,0
1200,2593,26,0
1200,2751,27,0
1200,2961,28,0
1200,2595,29,0
1200,2528,30,0
1200,2610,31,1
1201,2610,1,0
1201,2752,2,0
1201,2525,3,0
1201,2596,4,0
1201,1713,5,0
1201,2748,6,0
1201,1668,7,0
1201,2749,8,0
1201,2591,9,0
1201,2590,10,0
1201,2589,11,0
1201,2592,12,0
1201,1878,13,0
1201,1876,14,0
1201,1885,15,0
1201,483,16,0
1201,456,17,0
1201,2026,18,0
1201,2015,19,0
1201,2029,20,0
1201,2033,21,0
1201,2054,22,0
1201,2031,23,0
1201,2022,24,0
1201,2037,25,0
1201,2050,26,0
1201,1600,27,0
1201,1602,28,0
1201,600,29,0
1201,2736,30,0
1201,1086,31,0
1201,2916,32,0
1201,1939,33,0
1201,1442,34,0
1201,2971,35,1
1201,2312,36,1
1300,1144,1,0
1300,1485,2,0
1300,1508,3,0
1300,1518,4,0
1300,1519,5,0
1300,1523,6,0
1300,2084,7,0
1300,1379,8,0
1300,1817,9,0
1300,509,10,0
1300,1820,11,0
1300,1818,12,0
1300,1482,13,0
1300,1515,14,0
1300,1465,15,0
1300,1477,16,0
1300,1487,17,0
1300,1495,18,0
1300,1493,19,0
1300,1463,20,0
1300,1489,21,0
1300,1467,22,0
1300,2742,23,0
1300,1086,24,0
1300,2916,25,0
1300,1948,26,0
1300,1945,27,0
1300,1969,28,0
1300,1943,29,0
1300,1930,30,0
1300,1974,31,0
1300,1970,32,0
1300,1924,33,0
1300,1933,34,0
1300,1972,35,0
1300,1978,36,0
1300,1956,37,0
1300,1957,38,0
1300,1964,39,0
1300,2689,40,0
1300,1954,41,0
1300,1953,42,0
1300,1703,43,0
1300,1711,44,0
1300,1666,45,0
1300,1188,46,0
1300,1180,47,0
1300,1195,48,0
1300,1193,49,0
1300,1186,50,0
1300,1192,51,0
1300,1190,52,0
1300,1182,53,0
1300,1174,54,0
1300,1176,55,0
1300,1178,56,0
1300,169,57,0
1300,170,58,0
1300,529,59,0
1300,1259,60,0
1300,60,61,0
1300,1255,62,0
1300,1256,63,0
1300,1253,64,0
1300,1252,65,0
1300,2070,66,0
1300,508,67,0
1300,507,68,0
1300,294,69,0
1300,1927,70,0
1300,2061,71,1
1301,2061,1,0
1301,297,2,0
1301,505,3,0
1301,506,4,0
1301,2068,5,0
1301,2069,6,0
1301,1251,7,0
1301,1257,8,0
1301,1254,9,0
1301,1250,10,0
1301,1249,11,0
1301,1258,12,0
1301,528,13,0
1301,171,14,0
1301,168,15,0
1301,1177,16,0
1301,1175,17,0
1301,1179,18,0
1301,1181,19,0
1301,1185,20,0
1301,1191,21,0
1301,1187,22,0
1301,1194,23,0
1301,1184,24,0
1301,1183,25,0
1301,1189,26,0
1301,1667,27,0
1301,1712,28,0
1301,1704,29,0
1301,1965,30,0
1301,955,31,0
1301,954,32,0
1301,1940,33,0
1301,1935,34,0
1301,1926,35,0
1301,1952,36,0
1301,1963,37,0
1301,1934,38,0
1301,2428,39,0
1301,1975,40,0
1301,1977,41,0
1301,1971,42,0
1301,1931,43,0
1301,1923,44,0
1301,1929,45,0
1301,1922,46,0
1301,1925,47,0
1301,1950,48,0
1301,1942,49,0
1301,1968,50,0
1301,1944,51,0
1301,1947,52,0
1301,1939,53,0
1301,1442,54,0
1301,1501,55,0
1301,1488,56,0
1301,1483,57,0
1301,1496,58,0
1301,1494,59,0
1301,1486,60,0
1301,1476,61,0
1301,1464,62,0
1301,1514,63,0
1301,1506,64,0
1301,1481,65,0
1301,1821,66,0
1301,510,67,0
1301,1816,68,0
1301,1378,69,0
1301,1520,70,0
1301,1516,71,0
1301,1460,72,0
1301,1511,73,0
1301,1144,74,1
1500,1245,1,0
1500,1246,2,0
1500,1244,3,0
1500,391,4,0
1500,393,5,0
1500,392,6,0
1500,1620,7,0
1500,1624,8,0
1500,1016,9,0
1500,1022,10,0
1500,1010,11,0
1500,1018,12,0
1500,1157,13,0
1500,1161,14,0
1500,1163,15,0
1500,1155,16,0
1500,350,17,0
1500,361,18,0
1500,355,19,0
1500,2209,20,0
1500,346,21,0
1500,345,22,0
1500,369,23,0
1500,358,24,0
1500,353,25,0
1500,365,26,0
1500,360,27,0
1500,1477,28,0
1500,1487,29,0
1500,1495,30,0
1500,1493,31,0
1500,1463,32,0
1500,1489,33,0
1500,1467,34,0
1500,2742,35,0
1500,2740,36,0
1500,969,37,0
1500,1546,38,0
1500,1538,39,0
1500,1539,40,0
1500,642,41,0
1500,643,42,0
1500,641,43,0
1500,634,44,0
1500,640,45,0
1500,639,46,0
1500,637,47,0
1500,630,48,0
1500,216,49,0
1500,212,50,0
1500,214,51,0
1500,2605,52,0
1500,223,53,0
1500,155,54,0
1500,161,55,0
1500,156,56,0
1500,163,57,0
1500,1879,58,0
1500,1875,59,0
1500,1890,60,0
1500,1999,61,1
1500,1998,62,1
1501,1998,1,0
1501,1889,2,0
1501,1893,3,0
1501,2114,4,0
1501,1154,5,0
1501,2761,6,0
1501,2760,7,0
1501,2769,8,0
1501,2768,9,0
1501,2128,10,0
1501,2119,11,0
1501,2113,12,0
1501,2111,13,0
1501,1999,14,0
1501,1874,15,0
1501,1888,16,0
1501,1873,17,0
1501,488,18,0
1501,487,19,0
1501,473,20,0
1501,474,21,0
1501,2101,22,0
1501,2136,23,0
1501,2138,24,0
1501,1891,25,0
1501,1884,26,0
1501,1883,27,0
1501,164,28,0
1501,158,29,0
1501,160,30,0
1501,154,31,0
1501,222,32,0
1501,213,33,0
1501,211,34,0
1501,196,35,0
1501,2194,36,0
1501,184,37,0
1501,331,38,0
1501,334,39,0
1501,339,40,0
1501,340,41,0
1501,336,42,0
1501,304,43,0
1501,303,44,0
1501,1537,45,0
1501,1547,46,0
1501,970,47,0
1501,1478,48,0
1501,1490,49,0
1501,1501,50,0
1501,1488,51,0
1501,1483,52,0
1501,1496,53,0
1501,1494,54,0
1501,1486,55,0
1501,1476,56,0
1501,1464,57,0
1501,364,58,0
1501,2795,59,0
1501,357,60,0
1501,368,61,0
1501,344,62,0
1501,351,63,0
1501,354,64,0
1501,348,65,0
1501,349,66,0
1501,359,67,0
1501,1164,68,0
1501,1162,69,0
1501,1156,70,0
1501,1017,71,0
1501,2241,72,0
1501,1021,73,0
1501,1015,74,0
1501,232,75,0
1501,229,76,0
1501,230,77,0
1501,233,78,0
1501,231,79,0
1501,1665,80,0
1501,1663,81,0
1501,1245,82,1
1600,1145,1,0
1600,709,2,0
1600,704,3,0
1600,706,4,0
1600,697,5,0
1600,695,6,0
1600,713,7,0
1600,711,8,0
1600,32,9,0
1600,55,10,0
1600,2186,11,0
1600,90,12,0
1600,44,13,0
1600,47,14,0
1600,40,15,0
1600,88,16,0
1600,25,17,0
1600,35,18,0
1600,79,19,0
1600,68,20,0
1600,71,21,0
1600,69,22,0
1600,23,23,0
1600,72,24,0
1600,2690,25,0
1600,73,26,0
1600,28,27,0
1600,36,28,0
1600,38,29,0
1600,59,30,0
1600,21,31,0
1600,29,32,0
1600,84,33,0
1600,85,34,0
1600,83,35,0
1600,86,36,0
1600,49,37,0
1600,445,38,0
1600,464,39,0
1600,454,40,0
1600,462,41,0
1600,475,42,0
1600,1410,43,0
1600,1401,44,0
1600,2819,45,0
1600,2817,46,0
1600,2818,47,0
1600,2816,48,0
1600,513,49,0
1600,452,50,1
1601,452,1,0
1601,478,2,0
1601,463,3,0
1601,455,4,0
1601,465,5,0
1601,446,6,0
1601,48,7,0
1601,50,8,0
1601,52,9,0
1601,2185,10,0
1601,82,11,0
1601,56,12,0
1601,81,13,0
1601,20,14,0
1601,58,15,0
1601,37,16,0
1601,53,17,0
1601,27,18,0
1601,54,19,0
1601,22,20,0
1601,57,21,0
1601,70,22,0
1601,67,23,0
1601,78,24,0
1601,34,25,0
1601,24,26,0
1601,87,27,0
1601,74,28,0
1601,39,29,0
1601,42,30,0
1601,43,31,0
1601,89,32,0
1601,33,33,0
1601,80,34,0
1601,684,35,0
1601,712,36,0
1601,696,37,0
1601,699,38,0
1601,700,39,0
1601,705,40,0
1601,1145,41,1
1700,2543,1,0
1700,2542,2,0
1700,2546,3,0
1700,2545,4,0
1700,2547,5,0
1700,2975,6,0
1700,2974,7,0
1700,2533,8,0
1700,2534,9,0
1700,2535,10,0
1700,2538,11,0
1700,2539,12,0
1700,2537,13,0
1700,318,14,0
1700,314,15,0
1700,316,16,0
1700,275,17,0
1700,278,18,0
1700,276,19,0
1700,277,20,0
1700,1592,21,0
1700,1583,22,0
1700,1562,23,0
1700,1581,24,0
1700,1031,25,0
1700,1032,26,0
1700,1026,27,0
1700,1029,28,0
1700,1631,29,0
1700,1633,30,0
1700,1341,31,0
1700,1324,32,0
1700,1339,33,0
1700,1337,34,0
1700,1311,35,0
1700,1291,36,0
1700,1304,37,0
1700,1294,38,0
1700,1316,39,0
1700,1317,40,0
1700,1268,41,0
1700,1363,42,0
1700,1327,43,0
1700,1263,44,0
1700,1270,45,0
1700,1272,46,0
1700,1266,47,0
1700,1331,48,0
1700,1358,49,0
1700,1262,50,0
1700,1350,51,0
1700,1298,52,0
1700,1333,53,0
1700,1356,54,0
1700,1354,55,0
1700,1280,56,0
1700,1320,57,0
1700,1360,58,0
1700,1260,59,0
1700,1285,60,0
1700,1287,61,0
1700,1296,62,0
1700,1346,63,0
1700,1329,64,0
1700,1348,65,0
1700,1345,66,0
1700,1278,67,0
1700,1289,68,0
1700,1322,69,0
1700,1307,70,0
1700,1309,71,0
1700,2914,72,0
1700,1343,73,0
1700,1352,74,0
1700,1772,75,0
1700,2600,76,0
1700,499,77,0
1700,495,78,0
1700,496,79,0
1700,498,80,0
1700,492,81,0
1700,400,82,0
1700,411,83,0
1700,2329,84,0
1700,403,85,0
1700,2212,86,0
1700,167,87,1
1701,167,1,0
1701,402,2,0
1701,394,3,0
1701,410,4,0
1701,409,5,0
1701,494,6,0
1701,493,7,0
1701,497,8,0
1701,2313,9,0
1701,500,10,0
1701,1769,11,0
1701,1771,12,0
1701,1344,13,0
1701,2914,14,0
1701,1336,15,0
1701,1310,16,0
1701,1308,17,0
1701,1362,18,0
1701,1323,19,0
1701,1279,20,0
1701,1319,21,0
1701,1349,22,0
1701,1330,23,0
1701,1347,24,0
1701,1297,25,0
1701,1288,26,0
1701,1286,27,0
1701,1261,28,0
1701,1361,29,0
1701,1321,30,0
1701,1281,31,0
1701,1355,32,0
1701,1357,33,0
1701,1334,34,0
1701,1299,35,0
1701,1351,36,0
1701,1303,37,0
1701,1359,38,0
1701,1290,39,0
1701,1332,40,0
1701,1326,41,0
1701,1271,42,0
1701,1265,43,0
1701,1264,44,0
1701,1328,45,0
1701,1364,46,0
1701,1269,47,0
1701,1318,48,0
1701,1305,49,0
1701,1295,50,0
1701,1306,51,0
1701,1292,52,0
1701,1030,53,0
1701,1027,54,0
1701,2663,55,0
1701,2664,56,0
1701,1582,57,0
1701,1563,58,0
1701,1584,59,0
1701,1593,60,0
1701,1312,61,0
1701,1338,62,0
1701,1340,63,0
1701,1325,64,0
1701,1634,65,0
1701,1632,66,0
1701,843,67,0
1701,482,68,0
1701,811,69,0
1701,2536,70,0
1701,2531,71,0
1701,2532,72,0
1701,2543,73,0
1701,816,74,0
1701,817,75,0
1701,318,76,1
1900,1939,1,0
1900,1442,2,0
1900,2971,3,0
1900,1443,4,0
1900,1603,5,0
1900,1601,6,0
1900,1587,7,0
1900,1607,8,0
1900,1569,9,0
1900,1565,10,0
1900,1566,11,0
1900,1590,12,0
1900,1568,13,0
1900,2122,14,0
1900,1092,15,0
1900,1085,16,0
1900,1833,17,0
1900,1848,18,0
1900,1832,19,0
1900,1835,20,0
1900,1836,21,0
1900,1838,22,0
1900,1845,23,0
1900,1850,24,0
1900,1840,25,0
1900,1026,26,0
1900,1029,27,0
1900,2400,28,0
1900,2402,29,0
1900,1028,30,0
1900,2401,31,0
1900,2493,32,0
1900,2404,33,0
1900,2397,34,0
1900,2685,35,0
1900,2419,36,0
1900,2421,37,0
1900,2614,38,0
1900,2753,39,0
1900,2510,40,0
1900,2755,41,0
1900,2516,42,0
1900,2979,43,0
1900,2514,44,0
1900,2227,45,0
1900,701,46,0
1900,2831,47,0
1900,704,48,0
1900,706,49,0
1900,697,50,0
1900,891,51,0
1900,892,52,0
1900,889,53,0
1900,341,54,0
1900,342,55,0
1900,2309,56,0
1900,2699,57,0
1900,2693,58,0
1900,255,59,0
1900,1773,60,0
1900,2435,61,0
1900,1727,62,1
1901,1727,1,0
1901,2434,2,0
1901,1725,3,0
1901,1726,4,0
1901,1723,5,0
1901,2433,6,0
1901,1724,7,0
1901,2700,8,0
1901,2697,9,0
1901,2750,10,0
1901,274,11,0
1901,1662,12,0
1901,343,13,0
1901,890,14,0
1901,2233,15,0
1901,696,16,0
1901,699,17,0
1901,700,18,0
1901,705,19,0
1901,2832,20,0
1901,707,21,0
1901,702,22,0
1901,2512,23,0
1901,2515,24,0
1901,2505,25,0
1901,2517,26,0
1901,2756,27,0
1901,2513,28,0
1901,2511,29,0
1901,2754,30,0
1901,2615,31,0
1901,1757,32,0
1901,1653,33,0
1901,2686,34,0
1901,2687,35,0
1901,2398,36,0
1901,2405,37,0
1901,2494,38,0
1901,2396,39,0
1901,2399,40,0
1901,2403,41,0
1901,1030,42,0
1901,1027,43,0
1901,1839,44,0
1901,1849,45,0
1901,1844,46,0
1901,1846,47,0
1901,1837,48,0
1901,1843,49,0
1901,2458,50,0
1901,1834,51,0
1901,1847,52,0
1901,1841,53,0
1901,1084,54,0
1901,1091,55,0
1901,1604,56,0
1901,1567,57,0
1901,1589,58,0
1901,1564,59,0
1901,1588,60,0
1901,1606,61,0
1901,1570,62,0
1901,1600,63,0
1901,1602,64,0
1901,600,65,0
1901,2736,66,0
1901,1086,67,0
1901,2916,68,0
1901,1939,69,1
2000,224,1,0
2000,2415,2,0
2000,2385,3,0
2000,2575,4,0
2000,2388,5,0
2000,2387,6,0
2000,2409,7,0
2000,2407,8,0
2000,2408,9,0
2000,2701,10,0
2000,2416,11,0
2000,2389,12,0
2000,2417,13,0
2000,2418,14,0
2000,1425,15,0
2000,1428,16,0
2000,1431,17,0
2000,2341,18,0
2000,1423,19,0
2000,226,20,0
2000,1270,21,0
2000,378,22,0
2000,372,23,0
2000,374,24,0
2000,381,25,0
2000,1392,26,0
2000,2141,27,0
2000,2143,28,0
2000,2146,29,0
2000,1606,30,0
2000,1570,31,0
2000,1600,32,0
2000,1602,33,0
2000,600,34,0
2000,2736,35,0
2000,1086,36,0
2000,2916,37,0
2000,1939,38,0
2000,614,39,0
2000,552,40,0
2000,585,41,0
2000,623,42,0
2000,537,43,0
2000,584,44,0
2000,576,45,0
2000,592,46,0
2000,1435,47,0
2000,1441,48,0
2000,1438,49,0
2000,1436,50,0
2000,1617,51,0
2000,768,52,0
2000,1219,53,0
2000,1217,54,0
2000,1207,55,0
2000,2251,56,0
2000,1322,57,0
2000,1307,58,0
2000,1309,59,0
2000,2914,60,1
2001,2914,1,0
2001,1336,2,0
2001,1310,3,0
2001,1308,4,0
2001,1214,5,0
2001,1216,6,0
2001,1208,7,0
2001,2252,8,0
2001,1218,9,0
2001,1209,10,0
2001,1210,11,0
2001,1440,12,0
2001,1437,13,0
2001,1439,14,0
2001,1434,15,0
2001,595,16,0
2001,593,17,0
2001,597,18,0
2001,565,19,0
2001,564,20,0
2001,538,21,0
2001,624,22,0
2001,586,23,0
2001,553,24,0
2001,615,25,0
2001,620,26,0
2001,1442,27,0
2001,2971,28,0
2001,1443,29,0
2001,1603,30,0
2001,1601,31,0
2001,1587,32,0
2001,2144,33,0
2001,2142,34,0
2001,2140,35,0
2001,1391,36,0
2001,382,37,0
2001,375,38,0
2001,371,39,0
2001,379,40,0
2001,227,41,0
2001,1424,42,0
2001,2342,43,0
2001,1432,44,0
2001,1430,45,0
2001,1429,46,0
2001,1427,47,0
2001,225,48,0
2001,228,49,0
2001,224,50,1
2400,2468,1,0
2400,2478,2,0
2400,2476,3,0
2400,2477,4,0
2400,2486,5,0
2400,1454,6,0
2400,1165,7,0
2400,2216,8,0
2400,453,9,0
2400,450,10,0
2400,478,11,0
2400,463,12,0
2400,455,13,0
2400,465,14,0
2400,446,15,0
2400,447,16,0
2400,2426,17,0
2400,2499,18,0
2400,2284,19,0
2400,1857,20,0
2400,2812,21,0
2400,2805,22,0
2400,2808,23,0
2400,2809,24,0
2400,2815,25,0
2400,2803,26,0
2400,2807,27,0
2400,2814,28,0
2400,457,29,0
2400,461,30,0
2400,2759,31,0
2400,2461,32,0
2400,2463,33,0
2400,2466,34,0
2400,2464,35,0
2400,2101,36,0
2400,2136,37,0
2400,2305,38,0
2400,1997,39,0
2400,1874,40,0
2400,1888,41,0
2400,1873,42,0
2400,2620,43,0
2400,2622,44,0
2400,2624,45,0
2400,2632,46,0
2400,2885,47,0
2400,2884,48,0
2400,2869,49,0
2400,2868,50,0
2400,2619,51,1
2401,2619,1,0
2401,2629,2,0
2401,2631,3,0
2401,2623,4,0
2401,2621,5,0
2401,2625,6,0
2401,2633,7,0
2401,2438,8,0
2401,2139,9,0
2401,2135,10,0
2401,2100,11,0
2401,2465,12,0
2401,2467,13,0
2401,2462,14,0
2401,2758,15,0
2401,483,16,0
2401,456,17,0
2401,2813,18,0
2401,2802,19,0
2401,2806,20,0
2401,2810,21,0
2401,2804,22,0
2401,2811,23,0
2401,2499,24,0
2401,2284,25,0
2401,1857,26,0
2401,2217,27,0
2401,445,28,0
2401,464,29,0
2401,454,30,0
2401,462,31,0
2401,475,32,0
2401,477,33,0
2401,449,34,0
2401,2215,35,0
2401,2392,36,0
2401,2485,37,0
2401,2483,38,0
2401,2484,39,0
2401,2482,40,0
2401,2468,41,1
2500,2914,1,0
2500,2230,2,0
2500,2228,3,0
2500,1618,4,0
2500,1623,5,0
2500,1016,6,0
2500,1022,7,0
2500,1008,8,0
2500,911,9,0
2500,905,10,0
2500,2712,11,0
2500,2234,12,0
2500,2710,13,0
2500,2969,14,0
2500,2711,15,0
2500,2704,16,0
2500,703,17,0
2500,2734,18,0
2500,694,19,0
2500,2834,20,0
2500,2830,21,0
2500,684,22,0
2500,712,23,0
2500,708,24,0
2500,696,25,0
2500,699,26,0
2500,700,27,0
2500,705,28,0
2500,1141,29,1
2501,1141,1,0
2501,709,2,0
2501,704,3,0
2501,706,4,0
2501,697,5,0
2501,695,6,0
2501,713,7,0
2501,711,8,0
2501,682,9,0
2501,688,10,0
2501,692,11,0
2501,2833,12,0
2501,2469,13,0
2501,2470,14,0
2501,2732,15,0
2501,698,16,0
2501,914,17,0
2501,903,18,0
2501,2447,19,0
2501,915,20,0
2501,2235,21,0
2501,906,22,0
2501,912,23,0
2501,1009,24,0
2501,1021,25,0
2501,1015,26,0
2501,1619,27,0
2501,2229,28,0
2501,2231,29,0
2501,2914,30,1
2700,2914,1,0
2700,2230,2,0
2700,2228,3,0
2700,1618,4,0
2700,1623,5,0
2700,1016,6,0
2700,1022,7,0
2700,1010,8,0
2700,1018,9,0
2700,1012,10,0
2700,1003,11,0
2700,2786,12,0
2700,2788,13,0
2700,2787,14,0
2700,2852,15,0
2700,2850,16,0
2700,47,17,0
2700,997,18,0
2700,2071,19,0
2700,1455,20,0
2700,1006,21,0
2700,1020,22,0
2700,1014,23,0
2700,1821,24,0
2700,1173,25,0
2700,1222,26,0
2700,1989,27,0
2700,1996,28,0
2700,1647,29,0
2700,1637,30,0
2700,1644,31,0
2700,1641,32,0
2700,2322,33,0
2700,224,34,0
2700,2415,35,0
2700,321,36,0
2700,322,37,0
2700,2390,38,1
2701,2390,1,0
2701,2115,2,0
2701,2103,3,0
2701,2105,4,0
2701,2097,5,0
2701,1638,6,0
2701,1643,7,0
2701,1639,8,0
2701,1640,9,0
2701,1646,10,0
2701,2291,11,0
2701,141,12,0
2701,1104,13,0
2701,1820,14,0
2701,1818,15,0
2701,1013,16,0
2701,1019,17,0
2701,1005,18,0
2701,1132,19,0
2701,1456,20,0
2701,39,21,0
2701,42,22,0
2701,1093,23,0
2701,1096,24,0
2701,1095,25,0
2701,2789,26,0
2701,176,27,0
2701,2306,28,0
2701,1002,29,0
2701,1011,30,0
2701,1017,31,0
2701,2241,32,0
2701,1009,33,0
2701,1021,34,0
2701,1015,35,0
2701,1619,36,0
2701,2229,37,0
2701,2231,38,0
2701,2914,39,1
2800,2060,1,0
2800,2327,2,0
2800,2793,3,0
2800,2790,4,0
2800,2791,5,0
2800,2794,6,0
2800,2898,7,0
2800,2901,8,0
2800,2904,9,0
2800,2905,10,0
2800,2827,11,0
2800,2821,12,0
2800,2823,13,0
2800,2824,14,0
2800,2828,15,0
2800,2523,16,0
2800,2897,17,0
2800,2522,18,0
2800,2506,19,0
2800,2507,20,0
2800,2691,21,0
2800,2703,22,1
2801,2703,1,0
2801,2508,2,0
2801,2504,3,0
2801,2518,4,0
2801,2894,5,0
2801,2829,6,0
2801,2825,7,0
2801,2826,8,0
2801,2822,9,0
2801,2820,10,0
2801,2906,11,0
2801,2903,12,0
2801,2902,13,0
2801,2900,14,0
2801,2899,15,0
2801,2792,16,0
2801,296,17,0
2801,295,18,0
2801,2206,19,0
2801,2597,20,0
2801,2326,21,0
2801,2060,22,1
3000,2062,1,0
3000,1941,2,0
3000,672,3,0
3000,250,4,0
3000,253,5,0
3000,252,6,0
3000,1229,7,0
3000,1228,8,0
3000,1231,9,0
3000,1232,10,0
3000,2335,11,0
3000,1402,12,0
3000,2262,13,0
3000,1405,14,0
3000,1413,15,0
3000,653,16,0
3000,652,17,0
3000,651,18,0
3000,988,19,0
3000,989,20,0
3000,2949,21,0
3000,2612,22,0
3000,2613,23,0
3000,2611,24,1
3001,2611,1,0
3001,2297,2,0
3001,2300,3,0
3001,2299,4,0
3001,2303,5,0
3001,2075,6,0
3001,2492,7,0
3001,2490,8,0
3001,2488,9,0
3001,1608,10,0
3001,1940,11,0
3001,1935,12,0
3001,2062,13,1
3100,142,1,0
3100,1647,2,0
3100,1637,3,0
3100,1644,4,0
3100,1641,5,0
3100,1645,6,0
3100,1636,7,0
3100,136,8,0
3100,121,9,0
3100,130,10,0
3100,137,11,0
3100,122,12,0
3100,114,13,0
3100,126,14,0
3100,132,15,0
3100,128,16,0
3100,134,17,0
3100,120,18,0
3100,2511,19,0
3100,2754,20,0
3100,2615,21,0
3100,1757,22,0
3100,1653,23,1
3101,1653,1,0
3101,2614,2,0
3101,2753,3,0
3101,2188,4,0
3101,119,5,0
3101,135,6,0
3101,129,7,0
3101,127,8,0
3101,115,9,0
3101,123,10,0
3101,138,11,0
3101,131,12,0
3101,117,13,0
3101,116,14,0
3101,1635,15,0
3101,1648,16,0
3101,1638,17,0
3101,1643,18,0
3101,1639,19,0
3101,1640,20,0
3101,1646,21,0
3101,2291,22,0
3101,142,23,1
3300,142,1,0
3300,2003,2,0
3300,2004,3,0
3300,1394,4,0
3300,382,5,0
3300,375,6,0
3300,371,7,0
3300,379,8,0
3300,227,9,0
3300,1424,10,0
3300,2342,11,0
3300,1432,12,0
3300,1364,13,0
3300,2730,14,0
3300,717,15,1
3301,717,1,0
3301,1428,2,0
3301,1431,3,0
3301,2341,4,0
3301,1423,5,0
3301,226,6,0
3301,1270,7,0
3301,378,8,0
3301,372,9,0
3301,374,10,0
3301,381,11,0
3301,1393,12,0
3301,2290,13,0
3301,2291,14,0
3301,142,15,1
3400,1141,1,0
3400,709,2,0
3400,704,3,0
3400,706,4,0
3400,697,5,0
3400,695,6,0
3400,2715,7,0
3400,2713,8,0
3400,2714,9,0
3400,2716,10,0
3400,2706,11,0
3400,2707,12,0
3400,2705,13,0
3400,2708,14,0
3400,2709,15,0
3400,2844,16,0
3400,2847,17,0
3400,2879,18,0
3400,2839,19,0
3400,2842,20,0
3400,2475,21,0
3400,2474,22,0
3400,2472,23,0
3400,2473,24,0
3400,2779,25,0
3400,90,26,0
3400,2077,27,0
3400,2079,28,0
3400,2082,29,0
3400,2080,30,0
3400,521,31,0
3400,2549,32,0
3400,525,33,0
3400,524,34,0
3400,523,35,0
3400,527,36,0
3400,2086,37,0
3400,2084,38,0
3400,1379,39,0
3400,1817,40,0
3400,509,41,0
3400,1222,42,0
3400,1988,43,0
3400,1983,44,0
3400,147,45,0
3400,145,46,0
3400,2190,47,0
3400,149,48,0
3400,150,49,0
3400,2259,50,0
3400,2857,51,0
3400,2861,52,0
3400,2863,53,0
3400,2867,54,0
3400,2865,55,0
3400,2854,56,0
3400,2856,57,0
3400,2883,58,0
3400,2881,59,0
3400,2774,60,0
3400,2874,61,0
3400,2872,62,0
3400,1140,63,1
3401,1140,1,0
3401,2871,2,0
3401,2873,3,0
3401,2773,4,0
3401,2880,5,0
3401,2882,6,0
3401,2855,7,0
3401,2853,8,0
3401,2866,9,0
3401,2862,10,0
3401,2860,11,0
3401,2859,12,0
3401,2858,13,0
3401,2784,14,0
3401,2782,15,0
3401,2781,16,0
3401,2780,17,0
3401,2783,18,0
3401,1984,19,0
3401,2889,20,0
3401,1989,21,0
3401,141,22,0
3401,510,23,0
3401,1816,24,0
3401,1378,25,0
3401,2083,26,0
3401,2085,27,0
3401,526,28,0
3401,520,29,0
3401,519,30,0
3401,522,31,0
3401,2304,32,0
3401,2081,33,0
3401,2076,34,0
3401,89,35,0
3401,33,36,0
3401,2840,37,0
3401,2843,38,0
3401,2841,39,0
3401,2469,40,0
3401,2910,41,0
3401,2846,42,0
3401,2845,43,0
3401,2848,44,0
3401,803,45,0
3401,801,46,0
3401,800,47,0
3401,1385,48,0
3401,1383,49,0
3401,2352,50,0
3401,708,51,0
3401,696,52,0
3401,699,53,0
3401,700,54,0
3401,705,55,0
3401,1141,56,1
3500,166,1,0
3500,399,2,0
3500,1898,3,0
3500,1896,4,0
3500,1609,5,0
3500,2011,6,0
3500,2009,7,0
3500,99,8,0
3500,97,9,0
3500,95,10,0
3500,101,11,0
3500,93,12,0
3500,284,13,0
3500,287,14,1
3501,287,1,0
3501,2267,2,0
3501,1445,3,0
3501,1447,4,0
3501,1446,5,0
3501,1138,6,0
3501,2666,7,0
3501,2671,8,0
3501,2667,9,0
3501,2668,10,0
3501,2670,11,0
3501,2635,12,0
3501,2677,13,0
3501,2010,14,0
3501,1610,15,0
3501,420,16,0
3501,398,17,0
3501,166,18,1
3600,2914,1,0
3600,1343,2,0
3600,1352,3,0
3600,1276,4,0
3600,2935,5,0
3600,2934,6,0
3600,2929,7,0
3600,2937,8,0
3600,2939,9,0
3600,2943,10,0
3600,2942,11,0
3600,2941,12,0
3600,2945,13,0
3600,2932,14,0
3600,1273,15,0
3600,1275,16,0
3600,1300,17,0
3600,1302,18,0
3600,1315,19,0
3600,1313,20,0
3600,2410,21,0
3600,2394,22,0
3600,2395,23,0
3600,2411,24,0
3600,490,25,0
3600,2393,26,0
3600,2179,27,1
3601,2179,1,0
3601,2933,2,0
3601,2944,3,0
3601,2930,4,0
3601,2931,5,0
3601,2946,6,0
3601,2940,7,0
3601,2938,8,0
3601,2936,9,0
3601,2947,10,0
3601,2948,11,0
3601,2745,12,0
3601,1371,13,0
3601,1035,14,0
3601,1036,15,0
3601,1034,16,0
3601,1314,17,0
3601,1301,18,0
3601,1274,19,0
3601,2257,20,0
3601,1277,21,0
3601,1353,22,0
3601,1344,23,0
3601,2914,24,1
3700,166,1,0
3700,557,2,0
3700,617,3,0
3700,569,4,0
3700,605,5,0
3700,547,6,0
3700,2314,7,0
3700,2412,8,0
3700,2414,9,0
3700,2413,10,0
3700,1717,11,0
3700,1722,12,0
3700,1718,13,0
3700,1720,14,0
3700,1719,15,0
3700,1226,16,1
3701,1226,1,0
3701,1225,2,0
3701,1227,3,0
3701,1721,4,0
3701,1716,5,0
3701,100,6,0
3701,104,7,0
3701,2315,8,0
3701,581,9,0
3701,606,10,0
3701,607,11,0
3701,570,12,0
3701,539,13,0
3701,556,14,0
3701,166,15,1
3800,2953,1,0
3800,2956,2,0
3800,2957,3,0
3800,2640,4,0
3800,406,5,0
3800,417,6,0
3800,166,7,1
3801,166,1,0
3801,418,2,0
3801,2638,3,0
3801,2639,4,0
3801,2958,5,0
3801,2955,6,0
3801,2959,7,0
3801,2951,8,0
3801,2952,9,0
3801,2950,10,0
3801,2990,11,0
3801,2954,12,0
3801,2953,13,1
9000,1143,1,0
9000,1521,2,0
9000,1513,3,0
9000,1477,4,0
9000,1495,5,0
9000,2742,6,0
9000,2916,7,0
9000,1948,8,0
9000,1943,9,0
9000,1924,10,0
9000,1933,11,0
9000,2689,12,0
9000,2061,13,1
9001,2061,1,0
9001,1963,2,0
9001,1931,3,0
9001,1923,4,0
9001,1942,5,0
9001,1947,6,0
9001,1939,7,0
9001,1442,8,0
9001,1501,9,0
9001,1494,10,0
9001,1476,11,0
9001,1512,12,0
9001,1520,13,0
9001,1143,14,1
9100,2390,1,0
9100,1363,2,0
9100,1327,3,0
9100,1266,4,0
9100,1358,5,0
9100,1333,6,0
9100,1260,7,0
9100,1296,8,0
9100,1309,9,0
9100,2914,10,1
9101,2914,1,0
9101,1308,2,0
9101,1297,3,0
9101,1261,4,0
9101,1334,5,0
9101,1290,6,0
9101,1326,7,0
9101,1328,8,0
9101,1364,9,0
9101,2390,10,1
9200,2284,1,0
9200,48,2,0
9200,56,3,0
9200,53,4,0
9200,27,5,0
9200,67,6,0
9200,24,7,0
9200,39,8,0
9200,43,9,0
9200,684,10,0
9200,700,11,0
9200,1142,12,1
9201,1142,1,0
9201,706,2,0
9201,32,3,0
9201,44,4,0
9201,40,5,0
9201,25,6,0
9201,68,7,0
9201,28,8,0
9201,36,9,0
9201,29,10,0
9201,49,11,0
9201,2284,12,1
9300,2296,1,0
9300,1661,2,0
9300,2598,3,0
9300,1063,4,0
9300,1056,5,0
9300,1039,6,0
9300,1059,7,0
9300,1058,8,0
9300,1048,9,0
9300,2243,10,0
9300,2242,11,0
9300,1051,12,0
9300,1050,13,0
9300,1060,14,0
9300,1071,15,0
9300,608,16,0
9300,579,17,0
9300,2645,18,0
9300,2642,19,0
9300,721,20,0
9300,943,21,0
9300,947,22,0
9300,945,23,0
9300,950,24,0
9300,951,25,0
9300,2015,26,0
9300,2033,27,0
9300,2031,28,0
9300,2022,29,0
9300,2896,30,0
9300,2046,31,0
9300,1991,32,0
9300,2291,33,0
9300,2912,34,0
9300,1988,35,0
9300,2877,36,0
9300,1142,37,1
9301,1142,1,0
9301,2876,2,0
9301,2889,3,0
9301,1996,4,0
9301,2003,5,0
9301,2042,6,0
9301,2047,7,0
9301,2057,8,0
9301,2023,9,0
9301,2032,10,0
9301,2034,11,0
9301,2016,12,0
9301,949,13,0
9301,2236,14,0
9301,946,15,0
9301,948,16,0
9301,944,17,0
9301,2643,18,0
9301,2641,19,0
9301,575,20,0
9301,580,21,0
9301,604,22,0
9301,1061,23,0
9301,1062,24,0
9301,1052,25,0
9301,1053,26,0
9301,296,27,0
9301,295,28,0
9301,2206,29,0
9301,2597,30,0
9301,1047,31,0
9301,2296,32,1
9400,1222,1,0
9400,2003,2,0
9400,2042,3,0
9400,2047,4,0
9400,1600,5,0
9400,2736,6,0
9400,1086,7,0
9400,2916,8,0
9400,2977,9,0
9400,2962,10,0
9400,2972,11,0
9400,577,12,0
9400,602,13,0
9400,167,14,1
9401,167,1,0
9401,546,2,0
9401,578,3,0
9401,2973,4,0
9401,2963,5,0
9401,1939,6,0
9401,1442,7,0
9401,2737,8,0
9401,1443,9,0
9401,2336,10,0
9401,2046,11,0
9401,1991,12,0
9401,2785,13,0
9401,2849,14,0
9401,1222,15,1
9500,2060,1,0
9500,297,2,0
9500,2203,3,0
9500,2967,4,0
9500,2970,5,0
9500,909,6,0
9500,895,7,0
9500,900,8,0
9500,922,9,0
9500,2914,10,1
9501,2914,1,0
9501,925,2,0
9501,901,3,0
9501,896,4,0
9501,910,5,0
9501,2204,6,0
9501,2968,7,0
9501,292,8,0
9501,294,9,0
9501,2060,10,1
10200,1222,1,0
10200,1988,2,0
10200,2772,3,0
10200,2083,4,0
10200,1503,5,0
10200,1497,6,0
10200,1513,7,0
10200,1482,8,0
10200,1515,9,0
10200,1465,10,0
10200,1477,11,0
10200,1487,12,0
10200,1495,13,0
10200,1493,14,0
10200,1463,15,0
10200,1489,16,0
10200,1467,17,0
10200,2741,18,0
10200,1443,19,1
10201,1443,1,0
10201,1603,2,0
10201,2336,3,0
10201,2044,4,0
10201,2043,5,0
10201,2035,6,0
10201,2046,7,0
10201,1991,8,0
10201,1992,9,0
10201,2001,10,0
10201,2290,11,0
10201,2291,12,0
10201,141,13,0
10201,1173,14,0
10201,1222,15,1
10400,2684,1,0
10400,325,2,0
10400,323,3,0
10400,1509,4,0
10400,1478,5,0
10400,1490,6,0
10400,1501,7,0
10400,1488,8,0
10400,1483,9,0
10400,1496,10,0
10400,1333,11,0
10400,1356,12,0
10400,1354,13,0
10400,1280,14,0
10400,1320,15,0
10400,1360,16,0
10400,1260,17,0
10400,1285,18,0
10400,1287,19,0
10400,1296,20,0
10400,1346,21,0
10400,1329,22,0
10400,1348,23,0
10400,1345,24,0
10400,1278,25,0
10400,1289,26,0
10400,1322,27,0
10400,1307,28,0
10400,1309,29,0
10400,2914,30,1
10401,2914,1,0
10401,1336,2,0
10401,1310,3,0
10401,1308,4,0
10401,1362,5,0
10401,1323,6,0
10401,1279,7,0
10401,1319,8,0
10401,1349,9,0
10401,1330,10,0
10401,1347,11,0
10401,1297,12,0
10401,1288,13,0
10401,1286,14,0
10401,1261,15,0
10401,1361,16,0
10401,1321,17,0
10401,1281,18,0
10401,1355,19,0
10401,1357,20,0
10401,1495,21,0
10401,1493,22,0
10401,1463,23,0
10401,1489,24,0
10401,1467,25,0
10401,2741,26,0
10401,2740,27,0
10401,969,28,0
10401,1546,29,0
10401,1538,30,0
10401,1539,31,0
10401,2684,32,1
10600,1939,1,0
10600,1442,2,0
10600,1501,3,0
10600,1488,4,0
10600,1483,5,0
10600,1496,6,0
10600,1494,7,0
10600,1486,8,0
10600,1476,9,0
10600,1464,10,0
10600,1514,11,0
10600,1506,12,0
10600,1481,13,0
10600,1821,14,0
10600,1173,15,0
10600,1222,16,1
10601,1222,1,0
10601,1989,2,0
10601,1996,3,0
10601,2003,4,0
10601,2004,5,0
10601,2002,6,0
10601,1993,7,0
10601,2042,8,0
10601,2047,9,0
10601,2049,10,0
10601,2041,11,0
10601,2045,12,0
10601,1600,13,0
10601,1602,14,0
10601,600,15,0
10601,1086,16,0
10601,2916,17,0
10601,1939,18,1
12700,2390,1,0
12700,2115,2,0
12700,2103,3,0
12700,2105,4,0
12700,2097,5,0
12700,1638,6,0
12700,1643,7,0
12700,1639,8,0
12700,1640,9,0
12700,1646,10,0
12700,2291,11,0
12700,141,12,0
12700,1173,13,0
12700,1222,14,1
12701,1222,1,0
12701,1989,2,0
12701,1996,3,0
12701,1647,4,0
12701,1637,5,0
12701,1644,6,0
12701,1641,7,0
12701,2322,8,0
12701,224,9,0
12701,2415,10,0
12701,321,11,0
12701,322,12,0
12701,2390,13,1
