1901,'2',631,4,22239,34,,,0,79,10,22240,34,,,0,27,10,22241,34,,,0,69,50,22242,34,,,0,29,4,22243,34,,,0,65,50,22244,34,,,0,27,10,22245,34,,,0,28,12,22246,34,,,0,67,12,22247,34,,,0,27,10,22248,34,,,0,67,10,22249,34,,,0,27,10,22250,34,,,0,67,10,22251,34,,,0,27,10,22252,34,,,0,65,47,22253,34,,,0,24,4,22254,34,,,0,27,6,22255,34,,,0,67,6,22256,34,,,0,31,9,22257,34,,,0,67,9,22258,34,,,0,30,9,22259,34,,,0,68,9,22260,34,,,0,28,8,22261,34,,,0,68,8,22262,34,,,0,28,8,22263,34,,,0,68,8,22264,34,,,0,28,8,22265,34,,,0,67,50,22266,34,,,0,27,10,22267,34,,,0,27,10,22268,34,,,0,67,10,22269,34,,,0,27,10,22270,34,,,0,67,10,22271,34,,,0,22,6,22272,34,,,0,67,6,22273,34,,,0,27,6,22274,34,,,0,76,55,22275,34,,,0,12,6,22276,34,,,0,85,6,22277,34,,,0
1901,'3',809,,22278,18,,,0,29,10,22280,34,,,0,73,7,22281,34,,,0,30,8,22282,34,,,0,72,8,22283,34,,,0,32,8,22284,34,,,0,72,8,22285,34,,,0,32,5,22286,34,,,0,72,5,22287,34,,,0,32,5,22288,34,,,0,72,5,22289,34,,,0,30,3,22290,34,,,0,67,3,22291,34,,,0,24,5,22292,34,,,0,67,12,22293,34,,,0,27,10,22294,34,,,0,67,5,22295,34,,,0,27,5,22296,34,,,0,67,45,22297,34,,,0,27,5,22298,34,,,0,9,3,22299,34,0,9 3 37,0,70,5,22300,34,,,0,33,5,22301,34,,,0,72,8,22302,34,,,0,32,12,22303,34,,,0,72,8,22304,34,,,0,32,8,22305,34,,,0,75,8,22306,34,,,0,30,9,22307,34,0,9 3 37,0,66,3,22308,34,0,9 3 37,0,15,,22279,34,0,9 3 37,0
1901,'30',847,8,22330,34,,,0,75,9,22310,34,,,0,35,9,22324,34,,,0,75,9,22311,34,,,0,74,48,22312,34,,,0,41,14,22313,34,,,0,79,16,22328,34,,,0,80,55,22314,34,,,0,40,15,22315,34,,,0,80,15,22316,34,,,0,80,55,22317,34,,,0,40,15,22325,34,,,0,80,15,22318,34,,,0,75,50,22319,34,,,0,34,9,22329,34,,,0,78,12,22320,34,,,0,35,11,22321,34,,,0,75,11,22326,34,,,0,25,,22327,34,0,9 3 37,0
1901,'4',847,8,22351,34,,,0,75,9,22331,34,,,0,35,9,22345,34,,,0,75,9,22332,34,,,0,74,48,22333,34,,,0,41,14,22334,34,,,0,79,16,22349,34,,,0,80,55,22335,34,,,0,40,15,22336,34,,,0,80,15,22337,34,,,0,80,55,22338,34,,,0,40,15,22346,34,,,0,80,15,22339,34,,,0,75,50,22340,34,,,0,34,9,22350,34,,,0,78,12,22341,34,,,0,35,11,22342,34,,,0,75,11,22347,34,,,0,25,,22348,34,0,9 3 37,0
3100,'2',652,,23511,23,4,,0,89,,23512,23,4,,0,73,,23513,23,4,,0,28,,23514,23,4,,0,68,,23515,23,4,,0,28,,23516,23,4,,0,63,,23517,23,4,,0,27,,23518,23,4,,0,27,,23519,23,4,,0,67,,23520,23,4,,0,27,,23521,23,4,,0,67,,23522,23,4,,0,27,,23523,23,4,,0,68,,23524,23,4,,0,27,,23525,23,4,,0,67,,23526,23,4,,0,30,,23527,23,4,,0,72,,23528,23,4,,0,30,,23529,23,4,,0,70,,23530,23,4,,0,31,,23531,23,4,,0,70,,23532,23,4,,0,30,,23533,23,4,,0,67,,23534,23,4,,0,30,,23535,23,4,,0,70,,23536,23,4,,0,30,,23537,23,4,,0,70,,23538,23,4,,0,30,,23539,23,4,,0,70,,23540,23,4,,0,26,,23541,23,4,,0,70,,23542,23,4,,0,30,,23543,23,4,,0,70,,23544,23,4,,0
3100,'3',820,,23574,23,4,,0,25,,23573,23,4,,0,64,,23572,23,4,,0,25,,23545,23,4,,0,25,,23571,23,4,,0,64,,23546,23,4,,0,25,,23547,23,4,,0,65,,23548,23,4,,0,25,,23549,23,4,,0,65,,23550,23,4,,0,25,,23551,23,4,,0,25,,23552,23,4,,0,65,,23553,23,4,,0,25,,23554,23,4,,0,65,,23555,23,4,,0,28,,23556,23,4,,0,67,,23557,23,4,,0,27,,23558,23,4,,0,27,,23559,23,4,,0,67,,23560,23,4,,0,27,,23561,23,4,,0,67,,23562,23,4,,0,27,,23563,23,4,,0,68,,23564,23,4,,0,24,,23575,23,4,,0,65,,23565,23,4,,0,26,,23576,23,4,,0,25,,23566,23,4,,0,66,,23577,23,4,,0,26,,23567,23,4,,0,65,,23578,23,4,,0,24,,23568,23,4,,0,24,,23579,23,4,,0,62,,23569,23,4,,0,21,,23580,23,4,,0,61,,23570,23,4,,0,26,,23581,23,4,,0
3100,'30',908,,23582,23,4,,0,26,,23583,23,4,,0,25,,23584,23,4,,0,65,,23585,23,4,,0,25,,23586,23,4,,0,65,,23587,23,4,,0,25,,23588,23,4,,0,65,,23589,23,4,,0,25,,23590,23,4,,0,25,,23596,23,4,,0,65,,23597,23,4,,0,25,,23598,23,4,,0,65,,23599,23,4,,0,25,,23600,23,4,,0,25,,23601,23,4,,0,65,,23602,23,4,,0,25,,23603,23,4,,0,65,,23591,23,4,,0,25,,23604,23,4,,0,65,,23592,23,4,,0,25,,23605,23,4,,0,25,,23593,23,4,,0,65,,23606,23,4,,0,25,,23594,23,4,,0,65,,23607,23,4,,0,25,,23595,23,4,,0,25,,23608,23,4,,0
3100,'4',908,,23609,23,4,,0,26,,23610,23,4,,0,25,,23611,23,4,,0,65,,23612,23,4,,0,25,,23613,23,4,,0,65,,23614,23,4,,0,25,,23615,23,4,,0,65,,23616,23,4,,0,25,,23617,23,4,,0,25,,23623,23,4,,0,65,,23624,23,4,,0,25,,23625,23,4,,0,65,,23626,23,4,,0,25,,23627,23,4,,0,25,,23628,23,4,,0,65,,23629,23,4,,0,25,,23630,23,4,,0,65,,23618,23,4,,0,25,,23631,23,4,,0,65,,23619,23,4,,0,25,,23632,23,4,,0,25,,23620,23,4,,0,65,,23633,23,4,,0,25,,23621,23,4,,0,65,,23634,23,4,,0,25,,23622,23,4,,0,25,,23635,23,4,,0
3101,'2',610,,23636,1,,,0,48,,23637,1,,,0,68,,23638,1,,,0,28,,23639,1,,,0,68,,23640,1,,,0,28,,23641,1,,,0,67,,23642,1,,,0,27,,23643,1,,,0,67,,23644,1,,,0,27,,23645,1,,,0,67,,23646,1,,,0,27,,23647,1,,,0,27,,23648,1,,,0,67,,23649,1,,,0,27,,23650,1,,,0,67,,23651,1,,,0,27,,23652,1,,,0,70,,23653,1,,,0,30,,23654,1,,,0,70,,23655,1,,,0,30,,23656,1,,,0,70,,23657,1,,,0,30,,23658,1,,,0,70,,23659,1,,,0,30,,23660,1,,,0,67,,23661,1,,,0,30,,23662,1,,,0,70,,23663,1,,,0,30,,23664,1,,,0,70,,23665,1,,,0,30,,23666,1,,,0,70,,23667,1,,,0,30,,23668,1,,,0,70,,23669,1,,,0,30,,23670,1,,,0
3101,'3',803,,23699,1,,,0,25,,23698,1,,,0,25,,23671,1,,,0,65,,23697,1,,,0,25,,23672,1,,,0,65,,23673,1,,,0,24,,23674,1,,,0,25,,23675,1,,,0,65,,23676,1,,,0,25,,23677,1,,,0,65,,23678,1,,,0,25,,23679,1,,,0,65,,23680,1,,,0,25,,23681,1,,,0,25,,23682,1,,,0,67,,23683,1,,,0,27,,23684,1,,,0,67,,23685,1,,,0,27,,23686,1,,,0,67,,23687,1,,,0,27,,23688,1,,,0,67,,23689,1,,,0,27,,23690,1,,,0,26,,23700,1,,,0,66,,23691,1,,,0,26,,23701,1,,,0,66,,23692,1,,,0,26,,23702,1,,,0,65,,23693,1,,,0,25,,23703,1,,,0,27,,23694,1,,,0,65,,23704,1,,,0,21,,23695,1,,,0,62,,23705,1,,,0,22,,23696,1,,,0,25,,23706,1,,,0,65,,23707,1,,,0
3101,'30',830,,23708,1,,,0,25,,23723,1,,,0,65,,23709,1,,,0,25,,23724,1,,,0,65,,23710,1,,,0,25,,23725,1,,,0,65,,23711,1,,,0,25,,23726,1,,,0,25,,23712,1,,,0,65,,23727,1,,,0,25,,23713,1,,,0,65,,23728,1,,,0,25,,23714,1,,,0,25,,23729,1,,,0,65,,23715,1,,,0,25,,23730,1,,,0,65,,23716,1,,,0,25,,23731,1,,,0,65,,23717,1,,,0,25,,23732,1,,,0,25,,23718,1,,,0,65,,23733,1,,,0,25,,23719,1,,,0,65,,23734,1,,,0,25,,23720,1,,,0,25,,23735,1,,,0,65,,23721,1,,,0,25,,23736,1,,,0,65,,23722,1,,,0
3101,'4',830,,23737,1,,,0,25,,23752,1,,,0,65,,23738,1,,,0,25,,23753,1,,,0,65,,23739,1,,,0,25,,23754,1,,,0,65,,23740,1,,,0,25,,23755,1,,,0,25,,23741,1,,,0,65,,23756,1,,,0,25,,23742,1,,,0,65,,23757,1,,,0,25,,23743,1,,,0,25,,23758,1,,,0,65,,23744,1,,,0,25,,23759,1,,,0,65,,23745,1,,,0,25,,23760,1,,,0,65,,23746,1,,,0,25,,23761,1,,,0,25,,23747,1,,,0,65,,23762,1,,,0,25,,23748,1,,,0,65,,23763,1,,,0,25,,23749,1,,,0,25,,23764,1,,,0,65,,23750,1,,,0,25,,23765,1,,,0,65,,23751,1,,,0
