200,'2',622,,377,13,0,10 22 27,0,30,,376,13,0,10 22 27,0,57,,414,50,0,10 23 20,0,30,,415,50,0,10 23 20,0,70,,416,50,0,10 23 20,0,30,,417,50,0,10 23 20,0,70,,418,50,0,10 23 20,0,30,,419,50,0,10 23 20,0,70,,420,50,0,10 23 20,0,30,,421,50,0,10 23 20,0,70,,422,50,0,10 23 20,0,30,,423,50,0,10 23 20,0,73,,424,50,0,10 23 20,0,27,,425,50,0,10 23 20,0,70,,426,50,0,10 23 20,0,30,,427,50,0,10 23 20,0,71,,428,50,0,10 23 20,0,30,,429,50,0,10 23 20,0,68,,430,50,0,10 23 20,0,29,,431,50,0,10 23 20,0,74,,432,50,0,10 23 20,0,34,,433,50,0,10 23 20,0,70,,434,50,0,10 23 20,0,28,,435,50,0,10 23 20,0,70,,436,50,0,10 23 20,0,29,,437,50,0,10 23 20,0,67,,438,50,0,10 23 20,0,30,,439,50,0,10 23 20,0,70,,440,50,0,10 23 20,0,30,,441,50,0,10 23 20,0,70,,442,50,0,10 23 20,0,35,,443,50,0,10 23 20,0,80,,444,50,0,10 23 20,0,80,,445,50,0,10 23 20,0,37,,446,50,0,10 23 20,0,72,,447,50,0,10 23 20,0,35,,448,50,0,10 23 20,0
200,'3',626,,452,13,0,10 22 27,0,94,,454,50,0,10 23 20,0,32,,455,13,0,10 22 27,0,65,,457,13,0,10 22 27,0,20,,459,50,0,10 23 20,0,70,,461,50,0,10 23 20,0,30,,463,50,0,10 23 20,0,65,,465,50,0,10 23 20,0,31,,467,50,0,10 23 20,0,70,,469,50,0,10 23 20,0,25,,471,50,0,10 23 20,0,25,,473,50,0,10 23 20,0,71,,475,50,0,10 23 20,0,30,,477,50,0,10 23 20,0,65,,489,50,0,10 23 20,0,25,,490,50,0,10 23 20,0,70,,491,50,0,10 23 20,0,29,,492,50,0,10 23 20,0,70,,493,50,0,10 23 20,0,30,,494,50,0,10 23 20,0,60,,495,50,0,10 23 20,0,30,,496,50,0,10 23 20,0,70,,497,50,0,10 23 20,0,30,,498,50,0,10 23 20,0,70,,499,50,0,10 23 20,0,31,,501,50,0,10 23 20,0,70,,502,50,0,10 23 20,0,30,,503,50,0,10 23 20,0,70,,504,50,0,10 23 20,0,30,,505,50,0,10 23 20,0,70,,506,50,0,10 23 20,0,43,,516,50,0,10 23 20,0,100,,517,50,0,10 23 20,0,99,,450,50,0,10 23 20,0,100,,520,50,0,10 23 20,0
200,'30',655,,527,13,0,10 22 27,0,96,,528,50,0,10 23 20,0,100,,529,50,0,10 23 20,0,96,,532,50,0,10 23 20,0,90,,533,50,0,10 23 20,0,90,,534,50,0,10 23 20,0,26,,538,50,0,10 23 20,0,67,,535,50,0,10 23 20,0,30,,551,50,0,10 23 20,0,70,,552,50,0,10 23 20,0,30,,553,50,0,10 23 20,0,70,,554,50,0,10 23 20,0,30,,555,50,0,10 23 20,0,70,,556,50,0,10 23 20,0,30,,557,50,0,10 23 20,0,70,,558,50,0,10 23 20,0,30,,559,50,0,10 23 20,0,70,,560,50,0,10 23 20,0,30,,561,50,0,10 23 20,0,66,,562,50,0,10 23 20,0,90,,571,50,0,10 23 20,0,50,,572,50,0,10 23 20,0,90,,573,50,0,10 23 20,0,90,,574,50,0,10 23 20,0,90,,575,50,0,10 23 20,0,95,,524,50,0,10 23 20,0
200,'4',655,,581,13,0,10 22 27,0,96,,582,50,0,10 23 20,0,100,,583,50,0,10 23 20,0,96,,586,50,0,10 23 20,0,90,,587,50,0,10 23 20,0,90,,588,50,0,10 23 20,0,26,,592,50,0,10 23 20,0,67,,589,50,0,10 23 20,0,30,,605,50,0,10 23 20,0,70,,606,50,0,10 23 20,0,30,,607,50,0,10 23 20,0,70,,608,50,0,10 23 20,0,30,,609,50,0,10 23 20,0,70,,610,50,0,10 23 20,0,30,,611,50,0,10 23 20,0,70,,612,50,0,10 23 20,0,30,,613,50,0,10 23 20,0,70,,614,50,0,10 23 20,0,30,,615,50,0,10 23 20,0,66,,616,50,0,10 23 20,0,90,,625,50,0,10 23 20,0,50,,626,50,0,10 23 20,0,90,,627,50,0,10 23 20,0,90,,628,50,0,10 23 20,0,90,,629,50,0,10 23 20,0,95,,578,50,0,10 23 20,0
301,'2',615,,979,37,,,0,96,,980,37,,,0,30,,981,37,,,0,73,,982,37,,,0,27,,983,37,,,0,70,,984,37,,,0,28,,985,37,,,0,70,,986,37,,,0,30,,987,37,,,0,70,,988,37,,,0,30,,989,37,,,0,70,,990,37,,,0,32,,991,37,,,0,70,,992,37,,,0,30,,993,37,,,0,71,,994,37,,,0,33,,995,37,,,0,70,,996,37,,,0,30,,997,37,,,0,70,,998,37,,,0,30,,999,37,,,0,70,,1000,37,,,0,30,,1001,37,,,0,69,,1002,37,,,0,26,,1003,37,,,0,68,,1007,37,,,0,30,,1008,37,,,0,70,,1009,37,,,0,30,,1010,37,,,0,70,,1011,37,,,0,28,,1012,37,,,0,66,,1013,37,,,0,30,,1014,37,,,0,70,,1015,37,,,0,30,,1016,37,,,0,19,,1004,37,,,0
301,'3',725,,1017,37,,,0,100,,1018,37,,,0,102,,1019,37,,,0,104,,1020,37,,,0,71,,1024,37,,,0,35,,1025,37,,,0,75,,1026,37,,,0,36,,1027,37,,,0,75,,1028,37,,,0,35,,1029,37,,,0,75,,1030,37,,,0,75,,1031,37,,,0,35,,1032,37,,,0,75,,1033,37,,,0,35,,1034,37,,,0,75,,1035,37,,,0,75,,1036,37,,,0,33,,1037,37,,,0,100,,1038,37,,,0,100,,1039,37,,,0,100,,1040,37,,,0,100,,1041,37,,,0,108,,1021,37,,,0
301,'30',944,,1042,37,,,0,87,,1043,37,,,0,87,,1044,37,,,0,87,,1045,37,,,0,48,,1046,37,,,0,87,,1047,37,,,0,87,,1048,37,,,0,87,,1049,37,,,0,87,,1050,37,,,0,47,,1051,37,,,0,87,,1052,37,,,0,87,,1053,37,,,0,87,,1054,37,,,0,107,,1055,37,,,0,100,,1056,37,,,0,98,,1057,37,,,0,100,,1058,37,,,0
301,'4',944,,1059,37,,,0,87,,1060,37,,,0,87,,1061,37,,,0,87,,1062,37,,,0,48,,1063,37,,,0,87,,1064,37,,,0,87,,1065,37,,,0,87,,1066,37,,,0,87,,1067,37,,,0,47,,1068,37,,,0,87,,1069,37,,,0,87,,1070,37,,,0,87,,1071,37,,,0,107,,1072,37,,,0,100,,1073,37,,,0,98,,1074,37,,,0,100,,1075,37,,,0
501,'2',654,,1526,76,0,10 23 20,0,73,,1527,80,0,13 36,0,30,,1528,76,0,10 23 20,0,70,,1529,80,0,13 36,0,32,,1530,76,0,10 23 20,0,66,,1540,80,0,13 36,0,30,,1531,76,0,10 23 20,0,70,,1541,80,0,13 36,0,30,,1532,76,0,10 23 20,0,70,,1542,80,0,13 36,0,30,,1533,76,0,10 23 20,0,72,,1543,80,0,13 36,0,30,,1534,76,0,10 23 20,0,70,,1544,80,0,13 36,0,30,,1535,76,0,10 23 20,0,74,,1545,80,0,13 36,0,70,,1536,76,0,10 23 20,0,30,,1546,80,0,13 36,0,70,,1537,76,0,10 23 20,0,30,,1547,80,0,13 36,0,70,,1538,76,0,10 23 20,0,30,,1548,80,0,13 36,0,72,,1539,76,0,10 23 20,0,26,,1549,80,0,13 36,0,30,,1550,76,0,10 23 20,0,78,,1555,76,0,10 23 20,0,70,,1556,76,0,10 23 20,0,30,,1557,76,0,10 23 20,0,70,,1558,76,0,10 23 20,0,26,,1559,76,0,10 23 20,0,69,,1560,76,0,10 23 20,0,30,,1561,76,0,10 23 20,0,24,,1562,76,0,10 23 20,0,71,,1563,76,0,10 23 20,0,98,,1564,76,0,10 23 20,0
501,'3',655,,1566,76,0,10 23 20,0,100,,1567,76,0,10 23 20,0,100,,1568,76,0,10 23 20,0,147,,1569,76,0,10 23 20,0,42,,1573,76,0,10 23 20,0,75,,1580,80,0,13 36,0,35,,1574,76,0,10 23 20,0,79,,1581,80,0,13 36,0,75,,1575,76,0,10 23 20,0,35,,1582,80,0,13 36,0,75,,1576,76,0,10 23 20,0,35,,1583,80,0,13 36,0,74,,1577,76,0,10 23 20,0,76,,1584,80,0,13 36,0,34,,1578,76,0,10 23 20,0,76,,1585,80,0,13 36,0,34,,1579,76,0,10 23 20,0,76,,1586,80,0,13 36,0,29,,1587,76,0,10 23 20,0,75,,1588,80,0,13 36,0,78,,1589,76,0,10 23 20,0,100,,1590,76,0,10 23 20,0,100,,1591,76,0,10 23 20,0,110,,1592,76,0,10 23 20,0,110,,1570,76,0,10 23 20,0
501,'30',921,,1594,76,0,10 23 20,0,87,,1595,76,0,10 23 20,0,47,,1596,76,0,10 23 20,0,87,,1597,76,0,10 23 20,0,88,,1598,76,0,10 23 20,0,87,,1599,76,0,10 23 20,0,87,,1600,76,0,10 23 20,0,47,,1601,76,0,10 23 20,0,87,,1602,76,0,10 23 20,0,87,,1603,76,0,10 23 20,0,87,,1604,76,0,10 23 20,0,47,,1605,76,0,10 23 20,0,87,,1606,76,0,10 23 20,0,100,,1607,76,0,10 23 20,0,100,,1608,76,0,10 23 20,0,95,,1609,76,0,10 23 20,0,91,,1610,76,0,10 23 20,0,88,,1611,76,0,10 23 20,0
501,'4',921,,1613,76,0,10 23 20,0,87,,1614,76,0,10 23 20,0,47,,1615,76,0,10 23 20,0,87,,1616,76,0,10 23 20,0,88,,1617,76,0,10 23 20,0,87,,1618,76,0,10 23 20,0,87,,1619,76,0,10 23 20,0,47,,1620,76,0,10 23 20,0,87,,1621,76,0,10 23 20,0,87,,1622,76,0,10 23 20,0,87,,1623,76,0,10 23 20,0,47,,1624,76,0,10 23 20,0,87,,1625,76,0,10 23 20,0,100,,1626,76,0,10 23 20,0,100,,1627,76,0,10 23 20,0,95,,1628,76,0,10 23 20,0,91,,1629,76,0,10 23 20,0,88,,1630,76,0,10 23 20,0
700,'2',555,,1927,8,,,0,46,,1927,16,,,0,21,,1928,8,,,0,6,,1928,16,,,0,19,,1929,52,,,0,6,,1929,60,,,0,54,,1930,52,,,0,8,,1930,60,,,0,26,,1931,52,,,0,8,,1931,60,,,0,52,,1932,52,,,0,8,,1932,60,,,0,12,,1933,52,,,0,8,,1933,60,,,0,12,,1934,52,,,0,8,,1934,60,,,0,52,,1935,52,,,0,8,,1935,60,,,0,11,,1936,52,,,0,7,,1936,60,,,0,18,,1937,52,,,0,7,,1937,60,,,0,63,,1938,52,,,0,7,,1938,60,,,0,23,,1939,52,,,0,7,,1939,60,,,0,58,,1940,52,,,0,7,,1940,60,,,0,23,,1941,52,,,0,7,,1941,60,,,0,63,,1942,52,,,0,7,,1942,60,,,0,24,,1943,52,,,0,7,,1943,60,,,0,63,,1944,52,,,0,7,,1944,60,,,0,23,,1945,52,,,0,7,,1945,60,,,0,54,,1946,8,,,0,6,,1946,16,,,0,3,,1947,52,,,0,8,,1947,60,,,0,17,,1948,52,,,0,8,,1948,60,,,0,12,,1949,52,,,0,48,,1949,60,,,0,12,,1950,52,,,0,8,,1950,60,,,0,12,,1951,52,,,0,8,,1951,60,,,0,12,,1952,52,,,0,48,,1952,60,,,0,12,,1953,52,,,0,8,,1953,60,,,0,13,,1954,52,,,0,8,,1954,60,,,0,12,,1955,52,,,0,48,,1955,60,,,0,12,,1956,52,,,0,8,,1956,60,,,0,17,,1957,52,,,0,8,,1957,60,,,0,3,,1958,52,,,0,6,,1958,60,,,0,57,,1959,52,,,0,6,,1959,60,,,0,16,,1960,52,,,0,6,,1960,60,,,0,59,,1961,52,,,0,6,,1961,60,,,0,19,,1962,52,,,0,6,,1962,60,,,0,19,,1963,52,,,0,6,,1963,60,,,0,59,,1964,52,,,0,6,,1964,60,,,0,19,,1965,52,,,0,6,,1965,60,,,0,59,,1966,52,,,0,6,,1966,60,,,0,29,,1967,52,,,0,6,,1967,60,,,0,64,,1968,52,,,0,6,,1968,60,,,0,24,,1969,52,,,0,6,,1969,60,,,0,64,,1970,52,,,0,6,,1970,60,,,0,24,,1971,52,,,0,6,,1971,60,,,0,61,,1972,52,,,0,6,,1972,60,,,0
700,'3',643,,2008,52,,,0,3,,2008,60,,,0,66,,2009,52,,,0,4,,2009,60,,,0,26,,2007,52,,,0,4,,2007,60,,,0,78,,1973,52,,,0,5,,1973,60,,,0,25,,2006,52,,,0,5,,2006,60,,,0,65,,1974,52,,,0,5,,1974,60,,,0,20,,1975,52,,,0,5,,1975,60,,,0,60,,1976,52,,,0,5,,1976,60,,,0,25,,1977,52,,,0,5,,1977,60,,,0,65,,1978,52,,,0,5,,1978,60,,,0,20,,1979,52,,,0,5,,1979,60,,,0,60,,1980,52,,,0,6,,1980,60,,,0,26,,1981,52,,,0,6,,1981,60,,,0,64,,1982,52,,,0,6,,1982,60,,,0,24,,1983,52,,,0,6,,1983,60,,,0,59,,1984,52,,,0,6,,1984,60,,,0,23,,1985,52,,,0,7,,1985,60,,,0,63,,1986,52,,,0,7,,1986,60,,,0,23,,1987,52,,,0,7,,1987,60,,,0,63,,1988,52,,,0,7,,1988,60,,,0,23,,1989,52,,,0,7,,1989,60,,,0,63,,1990,52,,,0,7,,1990,60,,,0,23,,1991,52,,,0,7,,1991,60,,,0,63,,1992,52,,,0,6,,1992,60,,,0,18,,1993,52,,,0,6,,1993,60,,,0,24,,1994,52,,,0,46,,1994,60,,,0,24,,1995,52,,,0,6,,1995,60,,,0,24,,1996,52,,,0,46,,1996,60,,,0,19,,1997,52,,,0,6,,1997,60,,,0,24,,1998,52,,,0,6,,1998,60,,,0,63,,1999,52,,,0,5,,1999,60,,,0,25,,2000,52,,,0,5,,2000,60,,,0,63,,2001,52,,,0,5,,2001,60,,,0,27,,2002,52,,,0,5,,2002,60,,,0,65,,2003,52,,,0,5,,2003,60,,,0,25,,2004,52,,,0,5,,2004,60,,,0,65,,2005,52,,,0,5,,2005,60,,,0
700,'30',855,,2010,8,,,0,47,,2010,16,,,0,17,,2011,52,,,0,5,,2011,60,,,0,16,,2012,25,,,0,7,,2012,33,,,0,57,,2013,52,,,0,5,,2013,60,,,0,25,,2014,52,,,0,5,,2014,60,,,0,65,,2015,52,,,0,5,,2015,60,,,0,20,,2016,52,,,0,5,,2016,60,,,0,20,,2017,52,,,0,5,,2017,60,,,0,65,,2018,52,,,0,5,,2018,60,,,0,25,,2019,52,,,0,5,,2019,60,,,0,65,,2020,52,,,0,5,,2020,60,,,0,20,,2021,52,,,0,5,,2021,60,,,0,65,,2022,52,,,0,5,,2022,60,,,0,25,,2023,52,,,0,5,,2023,60,,,0,65,,2024,52,,,0,5,,2024,60,,,0,20,,2025,52,,,0,5,,2025,60,,,0,65,,2026,52,,,0,5,,2026,60,,,0,25,,2027,52,,,0,5,,2027,60,,,0,57,,2028,52,,,0,5,,2028,60,,,0,22,,2029,52,,,0,5,,2029,60,,,0,65,,2030,52,,,0,5,,2030,60,,,0,25,,2031,52,,,0,5,,2031,60,,,0,65,,2032,52,,,0,5,,2032,60,,,0,25,,2033,52,,,0,5,,2033,60,,,0,65,,2034,52,,,0,5,,2034,60,,,0,25,,2035,52,,,0,5,,2035,60,,,0,65,,2036,52,,,0,5,,2036,60,,,0,25,,2037,52,,,0,5,,2037,60,,,0,65,,2038,52,,,0,4,,2038,60,,,0,25,,2040,52,,,0,4,,2040,60,,,0,81,,2039,52,,,0,4,,2039,60,,,0
700,'4',855,,2041,8,,,0,47,,2041,16,,,0,17,,2042,52,,,0,5,,2042,60,,,0,16,,2043,25,,,0,7,,2043,33,,,0,57,,2044,52,,,0,5,,2044,60,,,0,25,,2045,52,,,0,5,,2045,60,,,0,65,,2046,52,,,0,5,,2046,60,,,0,20,,2047,52,,,0,5,,2047,60,,,0,20,,2048,52,,,0,5,,2048,60,,,0,65,,2049,52,,,0,5,,2049,60,,,0,25,,2050,52,,,0,5,,2050,60,,,0,65,,2051,52,,,0,5,,2051,60,,,0,20,,2052,52,,,0,5,,2052,60,,,0,65,,2053,52,,,0,5,,2053,60,,,0,25,,2054,52,,,0,5,,2054,60,,,0,65,,2055,52,,,0,5,,2055,60,,,0,20,,2056,52,,,0,5,,2056,60,,,0,65,,2057,52,,,0,5,,2057,60,,,0,25,,2058,52,,,0,5,,2058,60,,,0,57,,2059,52,,,0,5,,2059,60,,,0,22,,2060,52,,,0,5,,2060,60,,,0,65,,2061,52,,,0,5,,2061,60,,,0,25,,2062,52,,,0,5,,2062,60,,,0,65,,2063,52,,,0,5,,2063,60,,,0,25,,2064,52,,,0,5,,2064,60,,,0,65,,2065,52,,,0,5,,2065,60,,,0,25,,2066,52,,,0,5,,2066,60,,,0,65,,2067,52,,,0,5,,2067,60,,,0,25,,2068,52,,,0,5,,2068,60,,,0,65,,2069,52,,,0,4,,2069,60,,,0,25,,2071,52,,,0,4,,2071,60,,,0,81,,2070,52,,,0,4,,2070,60,,,0
3501,'2',712,,6843,16,,,0,27,,6815,16,,,0,70,,6816,16,,,0,30,,6817,16,,,0,70,,6818,16,,,0,30,,6819,16,,,0,70,,6820,16,,,0,30,,6821,16,,,0,70,,6822,16,,,0,30,,6823,16,,,0,70,,6824,16,,,0,30,,6825,16,,,0,70,,6826,16,,,0,30,,6827,16,,,0,70,,6828,16,,,0,30,,6829,16,,,0,70,,6830,16,,,0,30,,6831,16,,,0,70,,6832,16,,,0,30,,6833,16,,,0,70,,6834,16,,,0,30,,6835,16,,,0,69,,6836,16,,,0,28,,6837,16,,,0,68,,6838,16,,,0,28,,6839,16,,,0,68,,6840,16,,,0,28,,6841,16,,,0,27,,6842,16,,,0
3501,'3',811,,6844,16,,,0,28,,6845,16,,,0,68,,6846,16,,,0,28,,6847,16,,,0,68,,6848,16,,,0,28,,6849,16,,,0,28,,6850,16,,,0,68,,6851,16,,,0,28,,6852,16,,,0,70,,6853,16,,,0,30,,6854,16,,,0,70,,6855,16,,,0,30,,6856,16,,,0,69,,6857,16,,,0,28,,6858,16,,,0,70,,6859,16,,,0,28,,6860,16,,,0,70,,6861,16,,,0,28,,6862,16,,,0,70,,6863,16,,,0,28,,6864,16,,,0,70,,6865,16,,,0,27,,6866,16,,,0,67,,6867,16,,,0,27,,6868,16,,,0,67,,6869,16,,,0
3501,'30',1211,,6884,16,,,0,24,,6883,16,,,0,67,,6882,16,,,0,27,,6881,16,,,0,27,,6880,16,,,0,67,,6879,16,,,0,27,,6878,16,,,0,70,,6877,16,,,0,30,,6876,16,,,0,70,,6875,16,,,0,27,,6874,16,,,0,68,,6873,16,,,0,28,,6872,16,,,0,68,,6871,16,,,0,28,,6870,16,,,0,67,,6885,16,,,0
3501,'4',1211,,6900,16,,,0,24,,6899,16,,,0,67,,6898,16,,,0,27,,6897,16,,,0,27,,6896,16,,,0,67,,6895,16,,,0,27,,6894,16,,,0,70,,6893,16,,,0,30,,6892,16,,,0,70,,6891,16,,,0,27,,6890,16,,,0,68,,6889,16,,,0,28,,6888,16,,,0,68,,6887,16,,,0,28,,6886,16,,,0,67,,6901,16,,,0
