700,'2',618,,19286,20,,,0,27,,19287,20,,,0,68,,19288,20,,,0,20,,19289,20,,,0,20,,19290,20,,,0,60,,19291,20,,,0,20,,19292,20,,,0,21,,19293,20,,,0,65,,19294,20,,,0,30,,19295,20,,,0,70,,19296,20,,,0,25,,19297,20,,,0,70,,19298,20,,,0,30,,19299,20,,,0,69,,19300,20,,,0,30,,19301,20,,,0,70,,19302,20,,,0,30,,19304,20,,,0,66,,19305,20,,,0,20,,19306,20,,,0,20,,19307,20,,,0,60,,19308,20,,,0,20,,19309,20,,,0,20,,19310,20,,,0,59,,19311,20,,,0,20,,19312,20,,,0,20,,19313,20,,,0,65,,19314,20,,,0,15,,19315,20,,,0,20,,19316,20,,,0,66,,19317,20,,,0,25,,19318,20,,,0,65,,19319,20,,,0,25,,19320,20,,,0,25,,19321,20,,,0,65,,19322,20,,,0,25,,19323,20,,,0,78,,19324,20,,,0,30,,19325,20,,,0,70,,19326,20,,,0,30,,19327,20,,,0,70,,19328,20,,,0,27,,19329,20,,,0
700,'3',622,,19365,20,,,0,29,,19366,20,,,0,70,,19364,20,,,0,79,,19330,20,,,0,29,,19363,20,,,0,30,,19331,20,,,0,65,,19332,20,,,0,25,,19333,20,,,0,70,,19334,20,,,0,30,,19335,20,,,0,65,,19336,20,,,0,25,,19337,20,,,0,70,,19338,20,,,0,30,,19339,20,,,0,70,,19340,20,,,0,25,,19341,20,,,0,70,,19342,20,,,0,30,,19343,20,,,0,70,,19344,20,,,0,30,,19345,20,,,0,70,,19346,20,,,0,30,,19347,20,,,0,70,,19348,20,,,0,30,,19349,20,,,0,66,,19350,20,,,0,30,,19351,20,,,0,70,,19352,20,,,0,30,,19353,20,,,0,25,,19354,20,,,0,70,,19355,20,,,0,30,,19356,20,,,0,70,,19357,20,,,0,28,,19358,20,,,0,72,,19359,20,,,0,30,,19360,20,,,0,70,,19361,20,,,0,30,,19362,20,,,0
700,'30',855,,19368,20,,,0,85,,19370,20,,,0,70,,19371,20,,,0,30,,19372,20,,,0,65,,19373,20,,,0,25,,19374,20,,,0,29,,19375,20,,,0,70,,19376,20,,,0,30,,19377,20,,,0,65,,19378,20,,,0,30,,19379,20,,,0,70,,19380,20,,,0,30,,19381,20,,,0,65,,19382,20,,,0,30,,19383,20,,,0,70,,19384,20,,,0,22,,19385,20,,,0,69,,19386,20,,,0,30,,19387,20,,,0,70,,19388,20,,,0,30,,19389,20,,,0,70,,19390,20,,,0,30,,19391,20,,,0,70,,19392,20,,,0,30,,19393,20,,,0,70,,19394,20,,,0,30,,19395,20,,,0,71,,19397,20,,,0,45,,19396,20,,,0
700,'4',855,,19399,20,,,0,85,,19401,20,,,0,70,,19402,20,,,0,30,,19403,20,,,0,65,,19404,20,,,0,25,,19405,20,,,0,29,,19406,20,,,0,70,,19407,20,,,0,30,,19408,20,,,0,65,,19409,20,,,0,30,,19410,20,,,0,70,,19411,20,,,0,30,,19412,20,,,0,65,,19413,20,,,0,30,,19414,20,,,0,70,,19415,20,,,0,22,,19416,20,,,0,69,,19417,20,,,0,30,,19418,20,,,0,70,,19419,20,,,0,30,,19420,20,,,0,70,,19421,20,,,0,30,,19422,20,,,0,70,,19423,20,,,0,30,,19424,20,,,0,70,,19425,20,,,0,30,,19426,20,,,0,71,,19428,20,,,0,45,,19427,20,,,0
1201,'2',616,,20445,24,,,0,30,,20444,24,,,0,70,,20446,24,,,0,27,,20447,24,,,0,70,,20448,24,,,0,30,,20449,24,,,0,70,,20450,24,,,0,32,,20451,24,,,0,70,,20452,24,,,0,30,,20453,24,,,0,70,,20454,24,,,0,30,,20455,24,,,0,70,,20456,24,,,0,30,,20457,24,,,0,70,,20458,24,,,0,30,,20459,24,,,0,70,,20460,24,,,0,23,,20461,24,,,0,17,,20462,24,,,0,65,,20463,24,,,0,25,,20464,24,,,0,65,,20465,24,,,0,26,,20466,24,,,0,65,,20467,24,,,0,25,,20468,24,,,0,25,,20469,24,,,0,65,,20470,24,,,0,30,,20472,24,,,0,70,,20473,24,,,0,30,,20474,24,,,0,70,,20475,24,,,0,30,,20476,24,,,0,70,,20481,24,,,0,30,,20480,24,,,0,69,,20482,24,,,0,32,,20477,24,,,0,70,,20483,24,,,0,29,,20478,24,,,0
1201,'3',620,,20485,24,,,0,28,,20507,24,,,0,72,,20486,24,,,0,28,,20506,24,,,0,70,,20487,24,,,0,30,,20505,24,,,0,65,,20488,24,,,0,25,,20504,24,,,0,70,,20489,24,,,0,30,,20503,24,,,0,70,,20490,24,,,0,30,,20502,24,,,0,70,,20491,24,,,0,35,,20501,24,,,0,75,,20492,24,,,0,35,,20493,24,,,0,75,,20494,24,,,0,75,,20495,24,,,0,35,,20496,24,,,0,75,,20497,24,,,0,35,,20498,24,,,0,77,,20499,24,,,0,25,,20500,24,,,0,73,,20508,24,,,0,27,,20514,24,,,0,73,,20509,24,,,0,27,,20515,24,,,0,73,,20510,24,,,0,27,,20516,24,,,0,72,,20511,24,,,0,27,,20517,24,,,0,73,,20512,24,,,0,27,,20518,24,,,0,73,,20513,24,,,0,27,,20519,24,,,0,65,,20520,24,,,0
1201,'30',821,,20536,24,,,0,30,,20535,24,,,0,70,,20537,24,,,0,23,,20522,24,,,0,70,,20538,24,,,0,30,,20534,24,,,0,70,,20539,24,,,0,24,,20533,24,,,0,70,,20540,24,,,0,24,,20532,24,,,0,24,,20541,24,,,0,71,,20531,24,,,0,24,,20542,24,,,0,70,,20530,24,,,0,30,,20543,24,,,0,70,,20529,24,,,0,30,,20544,24,,,0,70,,20528,24,,,0,30,,20545,24,,,0,70,,20527,24,,,0,30,,20546,24,,,0,70,,20526,24,,,0,30,,20547,24,,,0,70,,20525,24,,,0,30,,20548,24,,,0,70,,20524,24,,,0,30,,20549,24,,,0,70,,20521,24,,,0,30,,20550,24,,,0
1201,'4',821,,20566,24,,,0,30,,20565,24,,,0,70,,20567,24,,,0,23,,20552,24,,,0,70,,20568,24,,,0,30,,20564,24,,,0,70,,20569,24,,,0,24,,20563,24,,,0,70,,20570,24,,,0,24,,20562,24,,,0,24,,20571,24,,,0,71,,20561,24,,,0,24,,20572,24,,,0,70,,20560,24,,,0,30,,20573,24,,,0,70,,20559,24,,,0,30,,20574,24,,,0,70,,20558,24,,,0,30,,20575,24,,,0,70,,20557,24,,,0,30,,20576,24,,,0,70,,20556,24,,,0,30,,20577,24,,,0,70,,20555,24,,,0,30,,20578,24,,,0,70,,20554,24,,,0,30,,20579,24,,,0,70,,20551,24,,,0,30,,20580,24,,,0
9300,'2',618,,24756,29,,,0,85,,24757,29,,,0,35,,24758,29,,,0,70,,24780,29,,,0,47,,24759,29,,,0,71,,24760,29,,,0,28,,24761,29,,,0,75,,24762,29,,,0,75,,24763,29,,,0,25,,24764,29,,,0,30,,24765,29,,,0,71,,24766,29,,,0,28,,24767,29,,,0,70,,24768,29,,,0,72,,24769,29,,,0,33,,24770,29,,,0,13,,24772,29,,,0,10,,24771,29,,,0,77,,24773,29,,,0,69,,24774,29,,,0,26,,24775,29,,,0,30,,24776,29,,,0,73,,24777,29,,,0,23,,24778,29,,,0,63,,24782,29,,,0,32,,24783,29,,,0,65,,24786,29,,,0,30,,24779,29,,,0,76,,24784,29,,,0,26,,24787,29,,,0,67,,24781,29,,,0,37,,24789,29,,,0,98,,24785,29,,,0,69,,24790,29,,,0,95,,24788,29,,,0
9300,'3',825,,24792,29,,,0,25,,24793,29,,,0,65,,24794,29,,,0,25,,24795,29,,,0,65,,24796,29,,,0,18,,24797,29,,,0,28,,24798,29,,,0,70,,24799,29,,,0,30,,24800,29,,,0,70,,24801,29,,,0,30,,24802,29,,,0,79,,24803,29,,,0,70,,24804,29,,,0,30,,24805,29,,,0,80,,24806,29,,,0,30,,24807,29,,,0,70,,24808,29,,,0,35,,24809,29,,,0,75,,24810,29,,,0,30,,24811,29,,,0,68,,24812,29,,,0,23,,24813,29,,,0,65,,24814,29,,,0,22,,24815,29,,,0,25,,24816,29,,,0,65,,24817,29,,,0,25,,24818,29,,,0,65,,24819,29,,,0,26,,24820,29,,,0,25,,24821,29,,,0,81,,24822,29,,,0,65,,24823,29,,,0,25,,24824,29,,,0
9300,'30',816,,24852,29,,,0,27,,24827,29,,,0,75,,24828,29,,,0,35,,24829,29,,,0,75,,24830,29,,,0,75,,24831,29,,,0,35,,24832,29,,,0,75,,24833,29,,,0,37,,24834,29,,,0,77,,24835,29,,,0,77,,24836,29,,,0,37,,24837,29,,,0,77,,24838,29,,,0,37,,24839,29,,,0,77,,24840,29,,,0,76,,24841,29,,,0,37,,24842,29,,,0,77,,24843,29,,,0,37,,24844,29,,,0,77,,24845,29,,,0,77,,24846,29,,,0,37,,24847,29,,,0,77,,24848,29,,,0,78,,24849,29,,,0,32,,24850,29,,,0
9300,'4',816,,24878,29,,,0,27,,24853,29,,,0,75,,24854,29,,,0,35,,24855,29,,,0,75,,24856,29,,,0,75,,24857,29,,,0,35,,24858,29,,,0,75,,24859,29,,,0,37,,24860,29,,,0,77,,24861,29,,,0,77,,24862,29,,,0,37,,24863,29,,,0,77,,24864,29,,,0,37,,24865,29,,,0,77,,24866,29,,,0,76,,24867,29,,,0,37,,24868,29,,,0,77,,24869,29,,,0,37,,24870,29,,,0,77,,24871,29,,,0,77,,24872,29,,,0,37,,24873,29,,,0,77,,24874,29,,,0,78,,24875,29,,,0,32,,24876,29,,,0
