1000,'2',620,,2584,59,,,0,15,,2585,59,,,0,15,,2586,74,,,0,55,,2587,59,,,0,15,,2595,74,,,0,15,,2596,59,,,0,20,,2594,74,,,0,55,,2597,59,,,0,20,,2588,74,,,0,19,,2634,74,,,0,57,,2589,74,,,0,14,,2635,74,,,0,15,,2593,74,,,0,18,,2592,74,,,0,69,,2590,74,,,0,30,,2601,74,,,0,70,,2600,74,,,0,30,,2599,74,,,0,71,,2598,74,,,0,32,,2605,74,,,0,52,,2606,59,,,0,28,,2604,74,,,0,13,,2638,59,,,0,57,,2603,74,,,0,19,,2602,74,,,0,12,,2639,59,,,0,21,,2608,74,,,0,63,,2607,74,,,0,18,,2636,74,,,0,16,,2609,74,,,0,55,,2637,74,,,0,19,,2610,74,,,0,18,,2617,74,,,0,12,,2611,74,,,0,58,,2612,74,,,0,17,,2613,74,,,0,17,,2614,74,,,0,56,,2615,74,,,0,15,,2640,74,,,0,12,,2616,74,,,0,73,,2618,74,,,0,12,,2619,74,,,0,33,,2620,74,,,0,73,,2621,74,,,0,30,,2622,74,,,0,70,,2623,74,,,0,35,,2624,74,,,0,63,,2625,74,,,0,78,,2626,74,,,0,33,,2627,74,,,0,70,,2628,74,,,0,35,,2629,74,,,0,75,,2630,74,,,0,30,,2631,74,,,0
1000,'3',627,,2646,59,,,0,75,,2643,59,,,0,35,,2644,74,,,0,76,,2645,74,,,0,37,,2647,74,,,0,70,,2648,74,,,0,15,,2649,74,,,0,71,,2650,74,,,0,32,,2651,74,,,0,70,,2652,74,,,0,30,,2653,74,,,0,71,,2654,74,,,0,41,,2655,74,,,0,70,,2656,74,,,0,30,,2657,74,,,0,70,,2658,74,,,0,31,,2659,74,,,0,70,,2660,74,,,0,30,,2661,74,,,0,65,,2662,74,,,0,12,,2663,74,,,0,30,,2664,74,,,0,70,,2665,74,,,0,30,,2666,74,,,0,66,,2667,74,,,0,28,,2668,74,,,0,65,,2669,74,,,0,30,,2670,74,,,0,70,,2671,74,,,0,30,,2672,74,,,0,69,,2673,74,,,0,30,,2677,74,,,0,64,,2678,74,,,0,25,,2679,74,,,0,65,,2680,74,,,0,25,,2681,74,,,0,30,,2682,74,,,0,61,,2683,74,,,0,87,,2684,74,,,0
1000,'30',721,,2685,59,,,0,37,,2721,74,,,0,60,,2686,74,,,0,36,,2720,74,,,0,60,,2687,74,,,0,30,,2688,74,,,0,70,,2689,74,,,0,30,,2690,74,,,0,65,,2691,74,,,0,25,,2692,74,,,0,25,,2693,74,,,0,68,,2694,74,,,0,31,,2695,74,,,0,70,,2696,74,,,0,30,,2697,74,,,0,70,,2698,74,,,0,30,,2699,74,,,0,70,,2700,74,,,0,30,,2701,74,,,0,70,,2702,74,,,0,30,,2703,74,,,0,69,,2704,74,,,0,29,,2707,74,,,0,70,,2708,74,,,0,30,,2709,74,,,0,70,,2710,74,,,0,30,,2711,74,,,0,66,,2712,74,,,0,30,,2713,74,,,0,70,,2714,74,,,0,26,,2715,74,,,0,70,,2716,74,,,0,32,,2717,74,,,0,70,,2718,74,,,0
1000,'4',721,,2722,59,,,0,37,,2758,74,,,0,60,,2723,74,,,0,36,,2757,74,,,0,60,,2724,74,,,0,30,,2725,74,,,0,70,,2726,74,,,0,30,,2727,74,,,0,65,,2728,74,,,0,25,,2729,74,,,0,25,,2730,74,,,0,68,,2731,74,,,0,31,,2732,74,,,0,70,,2733,74,,,0,30,,2734,74,,,0,70,,2735,74,,,0,30,,2736,74,,,0,70,,2737,74,,,0,30,,2738,74,,,0,70,,2739,74,,,0,30,,2740,74,,,0,69,,2741,74,,,0,29,,2744,74,,,0,70,,2745,74,,,0,30,,2746,74,,,0,70,,2747,74,,,0,30,,2748,74,,,0,66,,2749,74,,,0,30,,2750,74,,,0,70,,2751,74,,,0,26,,2752,74,,,0,70,,2753,74,,,0,32,,2754,74,,,0,70,,2755,74,,,0
2701,'2',543,,6043,1,,,0,92,,5972,2,,,0,65,,5973,1,,,0,13,,5974,2,,,0,13,,5975,1,,,0,13,,5976,1,,,0,13,,5977,2,,,0,53,,5978,2,,,0,8,,5979,2,,,0,13,,5980,2,,,0,13,,5981,2,,,0,12,,5982,2,,,0,53,,5983,2,,,0,13,,5984,2,,,0,13,,5985,2,,,0,13,,5986,2,,,0,13,,5987,2,,,0,53,,5988,2,,,0,13,,5989,2,,,0,13,,5990,2,,,0,13,,5991,2,,,0,53,,5992,2,,,0,13,,5993,2,,,0,13,,5994,2,,,0,13,,5995,2,,,0,12,,5996,2,,,0,52,,5997,2,,,0,12,,5998,2,,,0,12,,5999,2,,,0,12,,6000,2,,,0,12,,6001,2,,,0,52,,6002,2,,,0,12,,6003,2,,,0,12,,6004,2,,,0,12,,6005,2,,,0,12,,6006,2,,,0,53,,6007,2,,,0,13,,6008,2,,,0,13,,6009,2,,,0,13,,6010,2,,,0,13,,6011,2,,,0,53,,6012,2,,,0,10,,6013,1,,,0,11,,6014,2,,,0,12,,6015,2,,,0,11,,6016,2,,,0,51,,6017,2,,,0,12,,6018,1,,,0,10,,6019,2,,,0,11,,6020,2,,,0,11,,6021,2,,,0,51,,6022,2,,,0,11,,6023,2,,,0,11,,6024,2,,,0,11,,6025,2,,,0,7,,6026,2,,,0,14,,6027,2,,,0,52,,6028,2,,,0,13,,6029,2,,,0,11,,6030,2,,,0,11,,6031,2,,,0,17,,6032,2,,,0,57,,6033,2,,,0,17,,6034,2,,,0,17,,6035,2,,,0,57,,6036,2,,,0,17,,6037,2,,,0,17,,6038,2,,,0,64,,6039,2,,,0,27,,6040,2,,,0,27,,6041,2,,,0,67,,6042,2,,,0
2701,'3',850,,6044,1,,,0,83,,6054,2,,,0,70,,6045,2,,,0,104,,6055,2,,,0,32,,6046,2,,,0,72,,6063,2,,,0,32,,6056,2,,,0,72,,6047,2,,,0,32,,6064,2,,,0,72,,6057,2,,,0,34,,6048,2,,,0,72,,6065,2,,,0,30,,6058,2,,,0,74,,6049,2,,,0,72,,6066,2,,,0,30,,6059,2,,,0,76,,6050,2,,,0,45,,6060,2,,,0,85,,6051,2,,,0,85,,6061,2,,,0,85,,6052,2,,,0,40,,6062,2,,,0,80,,6053,2,,,0,80,,6067,2,,,0
2701,'30',832,,6068,1,,,0,85,,6069,2,,,0,85,,6075,2,,,0,45,,6070,2,,,0,85,,6076,2,,,0,85,,6071,2,,,0,88,,6077,2,,,0,32,,6078,2,,,0,72,,6072,2,,,0,32,,6080,2,,,0,72,,6079,2,,,0,32,,6073,2,,,0,72,,6081,2,,,0,32,,6083,2,,,0,71,,6074,2,,,0,37,,6082,2,,,0,85,,6084,2,,,0,85,,6085,2,,,0
2701,'4',832,,6086,1,,,0,85,,6087,2,,,0,85,,6093,2,,,0,45,,6088,2,,,0,85,,6094,2,,,0,85,,6089,2,,,0,88,,6095,2,,,0,32,,6096,2,,,0,72,,6090,2,,,0,32,,6098,2,,,0,72,,6097,2,,,0,32,,6091,2,,,0,72,,6099,2,,,0,32,,6101,2,,,0,71,,6092,2,,,0,37,,6100,2,,,0,85,,6102,2,,,0,85,,6103,2,,,0
12700,'3302',603,,8344,1,,,0,27,,8345,2,,,0,70,,8346,2,,,0,18,,8347,1,,,0,12,,8348,2,,,0,24,,8349,2,,,0,52,,8350,2,,,0,24,,8351,2,,,0,12,,8352,2,,,0,64,,8353,2,,,0,12,,8354,2,,,0,24,,8355,2,,,0,12,,8356,2,,,0,64,,8357,2,,,0,12,,8358,2,,,0,24,,8359,2,,,0,52,,8360,2,,,0,24,,8361,2,,,0,12,,8362,2,,,0,64,,8363,2,,,0,12,,8364,2,,,0,24,,8365,2,,,0,12,,8366,2,,,0,64,,8367,2,,,0,12,,8368,2,,,0,24,,8369,2,,,0,58,,8370,2,,,0,24,,8371,2,,,0,64,,8372,2,,,0,24,,8373,2,,,0,31,,8374,2,,,0,60,,8375,2,,,0,30,,8376,2,,,0,60,,8377,2,,,0,30,,8378,2,,,0,20,,8379,2,,,0,65,,8380,2,,,0,20,,8381,2,,,0,60,,8382,2,,,0,20,,8383,2,,,0,20,,8384,2,,,0,60,,8385,2,,,0,20,,8386,2,,,0,20,,8387,2,,,0,60,,8388,2,,,0,15,,8389,2,,,0,30,,8390,2,,,0,70,,8391,2,,,0,30,,8392,2,,,0,70,,8393,2,,,0,30,,8394,2,,,0
12700,'3602',742,,8395,2,,,0,76,,8396,2,,,0,36,,8397,2,,,0,76,,8398,2,,,0,76,,8399,2,,,0,36,,8400,2,,,0,76,,8401,2,,,0,36,,8402,2,,,0,76,,8403,2,,,0,76,,8404,2,,,0,36,,8405,2,,,0,63,,8406,1,,,0,19,,8407,2,,,0,24,,8408,2,,,0,64,,8409,2,,,0,24,,8410,2,,,0,69,,8411,2,,,0,20,,8412,2,,,0,10,,8413,2,,,0,20,,8414,2,,,0,60,,8415,2,,,0,10,,8416,2,,,0,20,,8417,2,,,0,60,,8418,2,,,0
12700,'3903',600,,8462,1,,,0,30,,8463,2,,,0,70,,8464,2,,,0,30,,8465,2,,,0,70,,8466,2,,,0,30,,8419,2,,,0,70,,8420,2,,,0,30,,8421,2,,,0,70,,8422,2,,,0,25,,8423,2,,,0,20,,8424,2,,,0,60,,8425,2,,,0,20,,8426,2,,,0,20,,8427,2,,,0,60,,8428,2,,,0,20,,8429,2,,,0,20,,8430,2,,,0,60,,8431,2,,,0,20,,8432,2,,,0,20,,8433,2,,,0,60,,8434,2,,,0,20,,8435,2,,,0,20,,8436,2,,,0,60,,8437,2,,,0,20,,8438,2,,,0,20,,8439,2,,,0,60,,8440,2,,,0,20,,8441,2,,,0,20,,8442,2,,,0,60,,8443,2,,,0,20,,8444,2,,,0,20,,8445,2,,,0,60,,8446,2,,,0,20,,8447,2,,,0,20,,8448,2,,,0,60,,8449,2,,,0,20,,8450,2,,,0,20,,8451,2,,,0,60,,8452,2,,,0,20,,8453,2,,,0,20,,8454,2,,,0,55,,8455,2,,,0,30,,8456,2,,,0,70,,8457,2,,,0,30,,8458,2,,,0,70,,8459,2,,,0,30,,8460,2,,,0,70,,8461,2,,,0
12700,'6404',700,,8499,1,,,0,30,,8500,2,,,0,70,,8501,2,,,0,30,,8502,2,,,0,70,,8503,2,,,0,20,,8467,2,,,0,20,,8468,2,,,0,60,,8469,2,,,0,20,,8470,2,,,0,20,,8471,2,,,0,60,,8472,2,,,0,20,,8473,2,,,0,20,,8474,2,,,0,60,,8475,2,,,0,20,,8476,2,,,0,20,,8477,2,,,0,60,,8478,2,,,0,20,,8479,2,,,0,20,,8480,2,,,0,60,,8481,2,,,0,20,,8482,2,,,0,20,,8483,2,,,0,60,,8484,2,,,0,20,,8485,2,,,0,20,,8486,2,,,0,60,,8487,2,,,0,20,,8488,2,,,0,20,,8489,2,,,0,60,,8490,2,,,0,35,,8491,2,,,0,75,,8492,2,,,0,35,,8493,2,,,0,75,,8494,2,,,0,35,,8495,2,,,0,75,,8496,2,,,0,75,,8497,2,,,0,35,,8498,2,,,0,75,,8504,2,,,0,35,,8505,2,,,0
