601,'2',642,,1778,31,,,0,74,,1780,31,,,0,35,,1781,31,,,0,65,,1782,31,,,0,25,,1783,31,,,0,65,,1784,31,,,0,30,,1786,31,,,0,65,,1787,31,,,0,30,,1788,31,,,0,70,,1789,31,,,0,25,,1790,31,,,0,30,,1791,31,,,0,70,,1792,31,,,0,30,,1793,31,,,0,70,,1794,31,,,0,25,,1795,31,,,0,71,,1796,31,,,0,30,,1797,31,,,0,70,,1798,31,,,0,30,,1799,31,,,0,70,,1800,31,,,0,25,,1801,31,,,0,70,,1802,31,,,0,29,,1803,31,,,0,70,,1804,31,,,0,25,,1805,31,,,0,65,,1806,31,,,0,25,,1807,31,,,0,25,,1808,31,,,0,61,,1809,31,,,0,25,,1810,31,,,0,69,,1811,31,,,0,35,,1812,31,,,0,81,,1813,31,,,0,30,,1814,31,,,0,80,,1815,31,,,0,20,,1818,31,,,0
601,'3',628,,1865,31,,,0,73,,1866,31,,,0,27,,1864,31,,,0,30,,1820,31,,,0,70,,1863,31,,,0,30,,1821,31,,,0,75,,1822,31,,,0,72,,1823,31,,,0,18,,1824,31,,,0,25,,1825,31,,,0,65,,1826,31,,,0,25,,1827,31,,,0,65,,1828,31,,,0,30,,1829,31,,,0,25,,1830,31,,,0,58,,1831,31,,,0,18,,1832,31,,,0,66,,1833,31,,,0,18,,1834,31,,,0,19,,1835,31,,,0,20,,1837,31,,,0,60,,1838,31,,,0,20,,1839,31,,,0,20,,1840,31,,,0,60,,1841,31,,,0,22,,1842,31,,,0,20,,1843,31,,,0,60,,1844,31,,,0,20,,1845,31,,,0,20,,1846,31,,,0,60,,1847,31,,,0,20,,1848,31,,,0,65,,1849,31,,,0,27,,1850,31,,,0,25,,1851,31,,,0,61,,1852,31,,,0,25,,1853,31,,,0,70,,1854,31,,,0,34,,1856,31,,,0,75,,1857,31,,,0,35,,1858,31,,,0,75,,1859,31,,,0,75,,1860,31,,,0
601,'30',927,,1867,31,,,0,73,,1868,31,,,0,35,,1869,31,,,0,75,,1870,31,,,0,38,,1871,31,,,0,79,,1872,31,,,0,25,,1873,31,,,0,65,,1874,31,,,0,25,,1875,31,,,0,65,,1876,31,,,0,25,,1877,31,,,0,25,,1878,31,,,0,65,,1879,31,,,0,25,,1880,31,,,0,65,,1881,31,,,0,25,,1882,31,,,0,65,,1883,31,,,0,29,,1884,31,,,0,25,,1885,31,,,0,77,,1887,31,,,0,72,,1888,31,,,0,35,,1889,31,,,0,75,,1890,31,,,0,35,,1891,31,,,0,75,,1892,31,,,0,75,,1893,31,,,0,33,,1894,31,,,0,77,,1896,31,,,0
601,'4',927,,1897,31,,,0,73,,1898,31,,,0,35,,1899,31,,,0,75,,1900,31,,,0,38,,1901,31,,,0,79,,1902,31,,,0,25,,1903,31,,,0,65,,1904,31,,,0,25,,1905,31,,,0,65,,1906,31,,,0,25,,1907,31,,,0,25,,1908,31,,,0,65,,1909,31,,,0,25,,1910,31,,,0,65,,1911,31,,,0,25,,1912,31,,,0,65,,1913,31,,,0,29,,1914,31,,,0,25,,1915,31,,,0,77,,1917,31,,,0,72,,1918,31,,,0,35,,1919,31,,,0,75,,1920,31,,,0,35,,1921,31,,,0,75,,1922,31,,,0,75,,1923,31,,,0,33,,1924,31,,,0,77,,1926,31,,,0
2400,'2',615,,5366,19,,,0,22,,5367,19,,,0,70,,5368,19,,,0,32,,5369,19,,,0,70,,5370,19,,,0,30,,5371,19,,,0,70,,5372,19,,,0,29,,5373,19,,,0,70,,5374,19,,,0,30,,5375,19,,,0,70,,5376,19,,,0,30,,5377,19,,,0,70,,5378,19,,,0,30,,5379,19,,,0,70,,5380,19,,,0,30,,5381,19,,,0,70,,5382,19,,,0,31,,5383,19,,,0,70,,5384,19,,,0,30,,5385,19,,,0,70,,5391,19,,,0,35,,5388,19,,,0,73,,5389,19,,,0,33,,5390,19,,,0,72,,5392,19,,,0,33,,5393,19,,,0,72,,5394,19,,,0,30,,5395,19,,,0,70,,5396,19,,,0,30,,5397,19,0,42 20,0
2400,'3',621,,5415,10,,,0,32,,5414,19,,,0,80,,5413,19,,,0,80,,5399,19,,,0,40,,5406,19,,,0,80,,5400,19,,,0,80,,5407,19,,,0,41,,5401,19,,,0,77,,5408,19,,,0,83,,5402,19,,,0,38,,5409,19,,,0,85,,5403,19,,,0,86,,5410,19,,,0,84,,5404,19,,,0,46,,5411,19,,,0,84,,5405,19,,,0,86,,5412,19,,,0,84,,5416,19,,,0,40,,5417,19,,,0,84,,5418,19,,,0,80,,5419,19,,,0
2400,'30',704,,5437,10,,,0,30,,5436,19,,,0,80,,5435,19,,,0,40,,5434,19,,,0,80,,5433,19,,,0,80,,5421,19,,,0,40,,5427,19,,,0,80,,5422,19,,,0,81,,5428,19,,,0,39,,5423,19,,,0,81,,5429,19,,,0,79,,5424,19,,,0,41,,5430,19,,,0,79,,5425,19,,,0,81,,5431,19,,,0,39,,5426,19,,,0
2400,'4',704,,5455,10,,,0,30,,5454,19,,,0,80,,5453,19,,,0,40,,5452,19,,,0,80,,5451,19,,,0,80,,5439,19,,,0,40,,5445,19,,,0,80,,5440,19,,,0,81,,5446,19,,,0,39,,5441,19,,,0,81,,5447,19,,,0,79,,5442,19,,,0,41,,5448,19,,,0,79,,5443,19,,,0,81,,5449,19,,,0,39,,5444,19,,,0
2401,'2',638,,5457,25,,,0,70,,5458,25,,,0,30,,5459,25,,,0,71,,5460,25,,,0,30,,5461,25,,,0,70,,5462,25,,,0,29,,5463,25,,,0,70,,5464,25,,,0,30,,5465,25,,,0,70,,5466,25,,,0,30,,5467,25,,,0,70,,5468,25,,,0,30,,5469,25,,,0,70,,5470,25,,,0,30,,5471,25,,,0,70,,5472,25,,,0,30,,5473,25,,,0,71,,5474,25,,,0,30,,5475,25,,,0,73,,5476,25,,,0,32,,5479,25,,,0,73,,5480,25,,,0,33,,5481,25,,,0,73,,5482,25,,,0,32,,5483,25,,,0,70,,5484,25,,,0,30,,5485,25,,,0,70,,5486,25,,,0,30,,5487,25,,,0,60,,5488,25,,,0
2401,'3',704,,5504,25,,,0,40,,5503,25,,,0,80,,5489,25,,,0,80,,5490,25,,,0,40,,5497,25,,,0,81,,5491,25,,,0,78,,5498,25,,,0,42,,5492,25,,,0,77,,5499,25,,,0,84,,5493,25,,,0,46,,5500,25,,,0,85,,5494,25,,,0,85,,5501,25,,,0,84,,5495,25,,,0,46,,5502,25,,,0,84,,5496,25,,,0,80,,5506,25,,,0,84,,5507,25,,,0,40,,5508,25,,,0,84,,5509,25,,,0
2401,'30',747,,5524,25,,,0,80,,5523,25,,,0,80,,5522,25,,,0,40,,5521,25,,,0,80,,5510,25,,,0,80,,5511,25,,,0,40,,5516,25,,,0,79,,5512,25,,,0,81,,5517,25,,,0,39,,5513,25,,,0,81,,5518,25,,,0,79,,5514,25,,,0,41,,5519,25,,,0,79,,5515,25,,,0,81,,5520,25,,,0,39,,5526,25,,,0
2401,'4',747,,5541,25,,,0,80,,5540,25,,,0,80,,5539,25,,,0,40,,5538,25,,,0,80,,5527,25,,,0,80,,5528,25,,,0,40,,5533,25,,,0,79,,5529,25,,,0,81,,5534,25,,,0,39,,5530,25,,,0,81,,5535,25,,,0,79,,5531,25,,,0,41,,5536,25,,,0,79,,5532,25,,,0,81,,5537,25,,,0,39,,5543,25,,,0
9200,'2',713,,7455,1,,,0,22,,7456,1,,,0,22,,7457,1,,,0,62,,7458,1,,,0,22,,7459,1,,,0,62,,7460,1,,,0,399,,7461,1,,,0,32,,7462,1,,,0,72,,7463,1,,,0,28,,7464,1,,,0,25,,7465,1,,,0,65,,7466,1,,,0,25,,7467,1,,,0,65,,7468,1,,,0,25,,7469,1,,,0,65,,7470,1,,,0,25,,7471,1,,,0,27,,7472,1,,,0,73,,7473,1,,,0,81,,7474,1,,,0
9201,'2',729,,7475,12,4,,0,22,,7476,12,4,,0,62,,7477,12,4,,0,22,,7478,12,4,,0,22,,7479,12,4,,0,62,,7480,12,4,,0,19,,7481,12,4,,0,388,,7482,12,4,,0,32,,7483,12,4,,0,74,,7484,12,4,,0,25,,7485,12,4,,0,60,,7486,12,4,,0,20,,7487,12,4,,0,65,,7488,12,4,,0,25,,7489,12,4,,0,27,,7490,12,4,,0,65,,7491,12,4,,0,25,,7492,12,4,,0,65,,7493,12,4,,0,18,,7494,12,4,,0,32,,7495,12,4,,0,68,,7496,12,4,,0
