900,'2',630,4,2222,3,,,0,17,,2223,3,,,0,57,,2224,3,,,0,16,,2225,3,,,0,16,,2226,3,,,0,16,,2227,3,,,0,54,,2228,3,,,0,16,,2229,3,,,0,15,,2230,3,,,0,17,,2231,3,,,0,55,,2232,3,,,0,15,,2233,3,,,0,15,,2234,3,,,0,15,,2235,3,,,0,55,,2236,3,,,0,15,,2237,3,,,0,15,,2238,3,,,0,15,,2239,3,,,0,55,,2240,3,,,0,15,,2241,3,,,0,15,,2242,3,,,0,15,,2243,3,,,0,55,,2244,3,,,0,15,,2245,3,,,0,15,,2246,3,,,0,15,,2247,3,,,0,55,,2248,3,,,0,15,,2249,3,,,0,15,,2250,3,,,0,15,,2251,3,,,0,55,,2252,3,,,0,15,,2253,3,,,0,15,,2254,3,,,0,15,,2255,3,,,0,55,,2256,3,,,0,15,,2257,3,,,0,15,,2258,3,,,0,15,,2259,3,,,0,55,,2260,3,,,0,15,,2261,3,,,0,15,,2262,3,,,0,15,,2263,3,,,0,55,,2264,3,,,0,15,,2265,3,,,0,15,,2266,3,,,0,15,,2267,3,,,0,55,,2268,3,,,0,22,,2269,3,,,0,69,,2270,3,,,0,22,,2271,3,,,0,22,,2272,3,,,0,62,,2273,3,,,0,22,,2274,3,,,0,22,,2275,3,,,0,65,,2276,3,,,0,29,,2277,3,,,0,72,,2278,3,,,0,32,,2279,3,,,0,72,,2280,3,,,0,37,,2282,3,,,0,143,44,2281,3,,,0
900,'3',532,,2325,2,,,0,68,,2328,2,,,0,30,,2289,3,,,0,70,,2327,3,,,0,30,,2290,3,,,0,72,,2326,3,,,0,29,,2291,3,,,0,75,,2292,3,,,0,32,,2293,3,,,0,20,,2294,2,,,0,67,,2295,3,,,0,25,,2296,3,,,0,65,,2297,3,,,0,22,,2298,3,,,0,65,,2299,3,,,0,25,,2300,3,,,0,29,,2301,3,,,0,61,,2302,3,,,0,25,,2303,3,,,0,68,,2304,3,,,0,22,,2305,3,,,0,25,,2306,3,,,0,65,,2307,3,,,0,25,,2308,3,,,0,65,,2309,3,,,0,25,,2310,3,,,0,65,,2311,3,,,0,25,,2312,3,,,0,25,,2313,3,,,0,64,,2314,3,,,0,84,,2315,3,,,0,25,,2316,3,,,0,78,,2317,3,,,0,35,,2318,3,,,0,75,,2319,3,,,0,35,,2320,3,,,0,75,,2321,3,,,0,35,,2322,3,,,0,75,,2323,3,,,0,75,,2324,3,,,0
900,'30',605,,2332,2,,,0,25,,2329,3,,,0,80,,2365,3,,,0,35,,2330,3,,,0,75,,2364,3,,,0,36,,2331,3,,,0,75,,2333,3,,,0,73,,2334,3,,,0,33,,2335,3,,,0,73,,2336,3,,,0,33,,2337,3,,,0,61,,2338,2,,,0,18,,2339,3,,,0,28,,2340,3,,,0,63,,2341,3,,,0,23,,2342,3,,,0,23,,2343,3,,,0,63,,2344,3,,,0,23,,2345,3,,,0,63,,2346,3,,,0,23,,2347,3,,,0,23,,2348,3,,,0,63,,2349,3,,,0,23,,2350,3,,,0,63,,2351,3,,,0,23,,2352,3,,,0,23,,2353,3,,,0,65,,2354,3,,,0,35,,2355,3,,,0,70,,2356,3,,,0,30,,2357,3,,,0,70,,2358,3,,,0,30,,2359,3,,,0,70,,2360,3,,,0,30,,2361,3,,,0,70,,2362,3,,,0,81,,2363,3,,,0
900,'4',605,,2369,2,,,0,25,,2366,3,,,0,80,,2402,3,,,0,35,,2367,3,,,0,75,,2401,3,,,0,36,,2368,3,,,0,75,,2370,3,,,0,73,,2371,3,,,0,33,,2372,3,,,0,73,,2373,3,,,0,33,,2374,3,,,0,61,,2375,2,,,0,18,,2376,3,,,0,28,,2377,3,,,0,63,,2378,3,,,0,23,,2379,3,,,0,23,,2380,3,,,0,63,,2381,3,,,0,23,,2382,3,,,0,63,,2383,3,,,0,23,,2384,3,,,0,23,,2385,3,,,0,63,,2386,3,,,0,23,,2387,3,,,0,63,,2388,3,,,0,23,,2389,3,,,0,23,,2390,3,,,0,65,,2391,3,,,0,35,,2392,3,,,0,70,,2393,3,,,0,30,,2394,3,,,0,70,,2395,3,,,0,30,,2396,3,,,0,70,,2397,3,,,0,30,,2398,3,,,0,70,,2399,3,,,0,81,,2400,3,,,0
1200,'2',630,,2936,1,,,0,29,,2937,1,,,0,68,,2938,1,,,0,30,,2939,1,,,0,70,,2940,1,,,0,30,,2941,1,,,0,70,,2942,1,,,0,30,,2943,1,,,0,70,,2944,1,,,0,30,,2945,1,,,0,70,,2946,1,,,0,30,,2947,1,,,0,70,,2948,1,,,0,30,,2949,1,,,0,70,,2950,1,,,0,30,,2951,1,,,0,70,,2952,1,,,0,25,,2953,1,,,0,56,,2954,1,,,0,25,,2955,1,,,0,25,,2956,1,,,0,65,,2957,1,,,0,27,,2958,1,,,0,65,,2959,1,,,0,25,,2960,1,,,0,65,,2961,1,,,0,25,,2962,1,,,0,28,,2963,1,,,0,70,,2964,1,,,0,30,,2965,1,,,0,70,,2966,1,,,0,30,,2971,1,,,0,70,,2967,1,,,0,30,,2968,1,,,0,70,,2972,1,,,0,30,,2969,1,,,0,70,,2973,1,,,0,29,,2970,1,,,0
1200,'3',630,,2974,1,,,0,70,,3006,1,,,0,30,,2975,1,,,0,70,,3005,1,,,0,30,,2976,1,,,0,70,,3004,1,,,0,25,,2977,1,,,0,25,,3003,1,,,0,70,,2978,1,,,0,30,,3002,1,,,0,70,,2979,1,,,0,30,,3001,1,,,0,70,,2980,1,,,0,35,,2981,1,,,0,75,,2982,1,,,0,75,,2983,1,,,0,35,,2984,1,,,0,75,,2985,1,,,0,35,,2986,1,,,0,75,,2987,1,,,0,75,,2988,1,,,0,35,,2989,1,,,0,65,,2990,1,,,0,33,,2991,1,,,0,67,,2992,1,,,0,33,,2993,1,,,0,67,,2994,1,,,0,33,,2995,1,,,0,67,,2996,1,,,0,33,,2997,1,,,0,67,,2998,1,,,0,33,,2999,1,,,0,67,,3000,1,,,0,33,,3007,1,,,0,67,,3008,1,,,0
1200,'30',830,,3037,1,,,0,70,,3022,1,,,0,30,,3024,1,,,0,23,,3010,1,,,0,70,,3025,1,,,0,30,,3021,1,,,0,70,,3026,1,,,0,24,,3020,1,,,0,70,,3027,1,,,0,24,,3019,1,,,0,64,,3036,1,,,0,31,,3018,1,,,0,64,,3031,1,,,0,30,,3017,1,,,0,70,,3032,1,,,0,30,,3016,1,,,0,70,,3033,1,,,0,30,,3015,1,,,0,70,,3034,1,,,0,30,,3014,1,,,0,70,,3035,1,,,0,30,,3013,1,,,0,70,,3028,1,,,0,30,,3012,1,,,0,70,,3029,1,,,0,30,,3009,1,,,0,70,,3030,1,,,0,30,,3011,1,,,0
1200,'4',830,,3066,1,,,0,70,,3051,1,,,0,30,,3053,1,,,0,23,,3039,1,,,0,70,,3054,1,,,0,30,,3050,1,,,0,70,,3055,1,,,0,24,,3049,1,,,0,70,,3056,1,,,0,24,,3048,1,,,0,64,,3065,1,,,0,31,,3047,1,,,0,64,,3060,1,,,0,30,,3046,1,,,0,70,,3061,1,,,0,30,,3045,1,,,0,70,,3062,1,,,0,30,,3044,1,,,0,70,,3063,1,,,0,30,,3043,1,,,0,70,,3064,1,,,0,30,,3042,1,,,0,70,,3057,1,,,0,30,,3041,1,,,0,70,,3058,1,,,0,30,,3038,1,,,0,70,,3059,1,,,0,30,,3040,1,,,0
1201,'2',626,,3068,35,4,,0,33,,3067,35,4,,0,68,,3069,35,4,,0,30,,3070,35,4,,0,70,,3071,35,4,,0,30,,3072,35,4,,0,70,,3073,35,4,,0,30,,3074,35,4,,0,70,,3075,35,4,,0,30,,3076,35,4,,0,70,,3077,35,4,,0,30,,3078,35,4,,0,70,,3079,35,4,,0,30,,3080,35,4,,0,70,,3081,35,4,,0,30,,3082,35,4,,0,70,,3083,35,4,,0,25,,3084,35,4,,0,56,,3085,35,4,,0,25,,3086,35,4,,0,25,,3087,35,4,,0,65,,3088,35,4,,0,27,,3089,35,4,,0,65,,3090,35,4,,0,25,,3091,35,4,,0,65,,3092,35,4,,0,25,,3093,35,4,,0,28,,3095,35,4,,0,70,,3096,35,4,,0,30,,3097,35,4,,0,70,,3098,35,4,,0,30,,3099,35,4,,0,70,,3104,35,4,,0,30,,3103,35,4,,0,70,,3105,35,4,,0,30,,3100,35,4,,0,70,,3106,35,4,,0,29,,3101,35,4,,0
1201,'3',630,,3108,35,4,,0,70,,3130,35,4,,0,30,,3109,35,4,,0,70,,3129,35,4,,0,30,,3110,35,4,,0,70,,3128,35,4,,0,25,,3111,35,4,,0,25,,3127,35,4,,0,70,,3112,35,4,,0,30,,3126,35,4,,0,70,,3113,35,4,,0,30,,3125,35,4,,0,70,,3114,35,4,,0,35,,3124,35,4,,0,75,,3115,35,4,,0,75,,3116,35,4,,0,35,,3117,35,4,,0,75,,3118,35,4,,0,35,,3119,35,4,,0,75,,3120,35,4,,0,75,,3121,35,4,,0,35,,3122,35,4,,0,65,,3123,35,4,,0,33,,3131,35,4,,0,67,,3137,35,4,,0,33,,3132,35,4,,0,67,,3138,35,4,,0,33,,3133,35,4,,0,67,,3139,35,4,,0,33,,3134,35,4,,0,67,,3140,35,4,,0,33,,3135,35,4,,0,67,,3141,35,4,,0,33,,3136,35,4,,0,67,,3142,35,4,,0,25,,3143,35,4,,0
1201,'30',830,,3159,35,4,,0,70,,3158,35,4,,0,30,,3160,35,4,,0,23,,3145,35,4,,0,70,,3161,35,4,,0,30,,3157,35,4,,0,70,,3162,35,4,,0,24,,3156,35,4,,0,70,,3163,35,4,,0,24,,3155,35,4,,0,64,,3164,35,4,,0,31,,3154,35,4,,0,64,,3165,35,4,,0,30,,3153,35,4,,0,70,,3166,35,4,,0,30,,3152,35,4,,0,70,,3167,35,4,,0,30,,3151,35,4,,0,70,,3168,35,4,,0,30,,3150,35,4,,0,70,,3169,35,4,,0,30,,3149,35,4,,0,70,,3170,35,4,,0,30,,3148,35,4,,0,70,,3171,35,4,,0,30,,3147,35,4,,0,70,,3172,35,4,,0,30,,3144,35,4,,0,70,,3173,35,4,,0
1201,'4',830,,3189,35,4,,0,70,,3188,35,4,,0,30,,3190,35,4,,0,23,,3175,35,4,,0,70,,3191,35,4,,0,30,,3187,35,4,,0,70,,3192,35,4,,0,24,,3186,35,4,,0,70,,3193,35,4,,0,24,,3185,35,4,,0,64,,3194,35,4,,0,31,,3184,35,4,,0,64,,3195,35,4,,0,30,,3183,35,4,,0,70,,3196,35,4,,0,30,,3182,35,4,,0,70,,3197,35,4,,0,30,,3181,35,4,,0,70,,3198,35,4,,0,30,,3180,35,4,,0,70,,3199,35,4,,0,30,,3179,35,4,,0,70,,3200,35,4,,0,30,,3178,35,4,,0,70,,3201,35,4,,0,30,,3177,35,4,,0,70,,3202,35,4,,0,30,,3174,35,4,,0,70,,3203,35,4,,0
1900,'2',602,,4760,3,,,0,30,,4759,3,,,0,73,,4761,3,,,0,12,,4762,3,,,0,27,,4763,3,,,0,67,,4764,3,,,0,27,,4765,3,,,0,69,,4766,3,,,0,25,,4767,3,,,0,27,,4768,3,,,0,67,,4769,3,,,0,27,,4770,3,,,0,67,,4771,3,,,0,27,,4772,3,,,0,67,,4773,3,,,0,27,,4774,3,,,0,67,,4775,3,,,0,27,,4776,3,,,0,24,,4777,3,,,0,67,,4778,3,,,0,27,,4779,3,,,0,71,,4780,3,,,0,27,,4781,3,,,0,70,,4782,3,,,0,28,,4783,3,,,0,69,,4784,3,,,0,28,,4785,3,,,0,68,,4786,3,,,0,28,,4787,3,,,0,68,,4788,3,,,0,24,,4789,3,,,0,67,,4790,3,,,0,27,,4791,3,,,0,27,,4792,3,,,0,67,,4793,3,,,0,27,,4794,3,,,0,87,,4795,3,,,0,67,,4796,3,,,0,36,,4758,3,0,40 3 52,0
1900,'3',803,,4809,3,,,0,32,,4810,3,,,0,72,,4799,3,,,0,32,,4800,3,,,0,73,,4801,3,,,0,32,,4802,3,,,0,72,,4803,3,,,0,32,,4804,3,,,0,72,,4805,3,,,0,32,,4806,3,,,0,72,,4807,3,,,0,32,,4808,3,,,0,70,,4811,3,,,0,27,,4812,3,,,0,64,,4813,3,,,0,27,,4814,3,,,0,67,,4815,3,,,0,27,,4816,3,,,0,67,,4817,3,,,0,27,,4818,3,,,0,27,,4819,3,,,0,79,,4820,3,,,0,72,,4821,3,,,0,32,,4822,3,,,0,72,,4823,3,,,0,32,,4824,3,,,0,71,,4825,3,,,0,35,,4826,3,,,0
1900,'30',803,,4834,3,,,0,35,,4844,3,,,0,75,,4830,3,,,0,35,,4831,3,,,0,75,,4845,3,,,0,35,,4832,3,,,0,75,,4833,3,,,0,79,,4835,3,,,0,40,,4836,3,,,0,80,,4846,3,,,0,80,,4837,3,,,0,40,,4838,3,,,0,80,,4839,3,,,0,80,,4840,3,,,0,40,,4847,3,,,0,75,,4841,3,,,0,75,,4842,3,,,0,35,,4848,3,,,0,75,,4843,3,,,0,35,,4849,3,,,0
1900,'4',803,,4855,3,,,0,35,,4865,3,,,0,75,,4851,3,,,0,35,,4852,3,,,0,75,,4866,3,,,0,35,,4853,3,,,0,75,,4854,3,,,0,79,,4856,3,,,0,40,,4857,3,,,0,80,,4867,3,,,0,80,,4858,3,,,0,40,,4859,3,,,0,80,,4860,3,,,0,80,,4861,3,,,0,40,,4868,3,,,0,75,,4862,3,,,0,75,,4863,3,,,0,35,,4869,3,,,0,75,,4864,3,,,0,35,,4870,3,,,0
2001,'2',630,7,5178,28,,,0,80,,5179,28,,,0,15,,5183,28,,,0,15,,5208,28,,,0,15,,5209,28,,,0,55,,5210,28,,,0,15,,5211,28,,,0,15,,5212,28,,,0,15,,5213,28,,,0,55,,5214,28,,,0,15,,5215,28,,,0,15,,5216,28,,,0,15,,5217,28,,,0,55,,5218,28,,,0,13,,5219,28,,,0,15,,5220,28,,,0,15,,5221,28,,,0,55,,5222,28,,,0,15,,5223,28,,,0,15,,5224,28,,,0,15,,5225,28,,,0,55,,5226,28,,,0,15,,5227,28,,,0,15,,5228,28,,,0,15,,5229,28,,,0,55,,5230,28,,,0,15,,5231,28,,,0,15,,5232,28,,,0,15,,5233,28,,,0,55,,5234,28,,,0,15,,5235,28,,,0,15,,5236,28,,,0,15,,5237,28,,,0,55,,5238,28,,,0,15,,5239,28,,,0,15,,5240,28,,,0,15,,5241,28,,,0,55,,5242,28,,,0,15,,5243,28,,,0,20,,5184,28,,,0,10,,5185,28,,,0,55,,5186,28,,,0,15,,5187,28,,,0,15,,5188,28,,,0,15,,5189,28,,,0,54,,5190,28,,,0,16,,5191,28,,,0,20,,5192,28,,,0,64,,5193,28,,,0,20,,5194,28,,,0,20,,5195,28,,,0,65,,5196,28,,,0,20,,5197,28,,,0,71,,5198,28,,,0,32,,5199,28,,,0,66,,5200,28,,,0,26,,5201,28,,,0,26,,5202,28,,,0,66,,5203,28,,,0,26,,5204,28,,,0,58,,5206,28,,,0,27,,5207,28,,,0,70,44,5205,28,,,0
2001,'3',630,,5244,28,,,0,75,,5246,28,,,0,28,,5247,28,,,0,75,,5248,28,,,0,27,,5249,28,,,0,22,,5250,28,,,0,70,,5251,28,,,0,26,,5252,28,,,0,66,,5253,28,,,0,23,,5254,28,,,0,60,,5255,28,,,0,20,,5256,28,,,0,20,,5257,28,,,0,60,,5258,28,,,0,20,,5259,28,,,0,23,,5260,28,,,0,60,,5261,28,,,0,20,,5262,28,,,0,20,,5263,28,,,0,60,,5264,28,,,0,20,,5265,28,,,0,16,,5266,28,,,0,60,,5267,28,,,0,20,,5268,28,,,0,20,,5269,28,,,0,60,,5270,28,,,0,20,,5271,28,,,0,20,,5272,28,,,0,60,,5273,28,,,0,20,,5274,28,,,0,20,,5275,28,,,0,60,,5276,28,,,0,18,,5277,28,,,0,20,,5278,28,,,0,67,,5279,28,,,0,27,,5280,28,,,0,67,,5281,28,,,0,27,,5282,28,,,0,27,,5283,28,,,0,66,,5284,28,,,0,27,,5285,28,,,0,67,,5286,28,,,0,27,,5287,28,,,0,67,,5288,28,,,0,22,,5289,28,,,0,72,,5290,28,,,0,26,,5291,28,,,0,72,,5245,28,,,0
2001,'30',653,,5292,28,,,0,80,,5294,28,,,0,81,,5295,28,,,0,29,,5296,28,,,0,65,,5297,28,,,0,20,,5298,28,,,0,26,,5299,28,,,0,71,,5300,28,,,0,26,,5301,28,,,0,66,,5302,28,,,0,26,,5303,28,,,0,66,,5304,28,,,0,27,,5305,28,,,0,66,,5306,28,,,0,26,,5307,28,,,0,26,,5308,28,,,0,66,,5309,28,,,0,26,,5310,28,,,0,66,,5311,28,,,0,26,,5312,28,,,0,66,,5313,28,,,0,26,,5314,28,,,0,26,,5315,28,,,0,65,,5316,28,,,0,26,,5317,28,,,0,66,,5318,28,,,0,26,,5319,28,,,0,65,,5320,28,,,0,25,,5321,28,,,0,25,,5322,28,,,0,65,,5323,28,,,0,25,,5324,28,,,0,65,,5325,28,,,0,25,,5326,28,,,0,25,,5327,28,,,0,66,,5328,28,,,0,75,,5293,28,,,0
2001,'4',653,,5329,28,,,0,80,,5331,28,,,0,81,,5332,28,,,0,29,,5333,28,,,0,65,,5334,28,,,0,20,,5335,28,,,0,26,,5336,28,,,0,71,,5337,28,,,0,26,,5338,28,,,0,66,,5339,28,,,0,26,,5340,28,,,0,66,,5341,28,,,0,27,,5342,28,,,0,66,,5343,28,,,0,26,,5344,28,,,0,26,,5345,28,,,0,66,,5346,28,,,0,26,,5347,28,,,0,66,,5348,28,,,0,26,,5349,28,,,0,66,,5350,28,,,0,26,,5351,28,,,0,26,,5352,28,,,0,65,,5353,28,,,0,26,,5354,28,,,0,66,,5355,28,,,0,26,,5356,28,,,0,65,,5357,28,,,0,25,,5358,28,,,0,25,,5359,28,,,0,65,,5360,28,,,0,25,,5361,28,,,0,65,,5362,28,,,0,25,,5363,28,,,0,25,,5364,28,,,0,66,,5365,28,,,0,75,,5330,28,,,0
