200,'2',625,,377,17,0,10 22 27,0,30,,376,17,0,10 22 27,0,66,,414,54,0,10 23 20,0,30,,415,54,0,10 23 20,0,70,,416,54,0,10 23 20,0,30,,417,54,0,10 23 20,0,71,,418,54,0,10 23 20,0,30,,419,54,0,10 23 20,0,70,,420,54,0,10 23 20,0,30,,421,54,0,10 23 20,0,70,,422,54,0,10 23 20,0,30,,423,54,0,10 23 20,0,72,,424,54,0,10 23 20,0,27,,425,54,0,10 23 20,0,70,,426,54,0,10 23 20,0,30,,427,54,0,10 23 20,0,69,,428,54,0,10 23 20,0,30,,429,54,0,10 23 20,0,68,,430,54,0,10 23 20,0,29,,431,54,0,10 23 20,0,74,,432,54,0,10 23 20,0,34,,433,54,0,10 23 20,0,70,,434,54,0,10 23 20,0,28,,435,54,0,10 23 20,0,70,,436,54,0,10 23 20,0,26,,437,54,0,10 23 20,0,67,,438,54,0,10 23 20,0,30,,439,54,0,10 23 20,0,70,,440,54,0,10 23 20,0,30,,441,54,0,10 23 20,0,70,,442,54,0,10 23 20,0,39,,443,54,0,10 23 20,0,80,,444,54,0,10 23 20,0,77,,445,54,0,10 23 20,0,44,,446,54,0,10 23 20,0,60,,447,54,0,10 23 20,0,35,,448,54,0,10 23 20,0
200,'3',629,,452,17,0,10 22 27,0,99,,454,54,0,10 23 20,0,27,,455,17,0,10 22 27,0,65,,457,17,0,10 22 27,0,25,,459,54,0,10 23 20,0,70,,461,54,0,10 23 20,0,27,,463,54,0,10 23 20,0,70,,465,54,0,10 23 20,0,30,,467,54,0,10 23 20,0,70,,469,54,0,10 23 20,0,26,,471,54,0,10 23 20,0,65,,473,54,0,10 23 20,0,30,,475,54,0,10 23 20,0,70,,477,54,0,10 23 20,0,30,,489,54,0,10 23 20,0,25,,490,54,0,10 23 20,0,65,,491,54,0,10 23 20,0,30,,492,54,0,10 23 20,0,70,,493,54,0,10 23 20,0,30,,494,54,0,10 23 20,0,65,,495,54,0,10 23 20,0,30,,496,54,0,10 23 20,0,65,,497,54,0,10 23 20,0,33,,498,54,0,10 23 20,0,65,,499,54,0,10 23 20,0,30,,501,54,0,10 23 20,0,70,,502,54,0,10 23 20,0,30,,503,54,0,10 23 20,0,70,,504,54,0,10 23 20,0,41,,505,54,0,10 23 20,0,56,,506,54,0,10 23 20,0,44,,516,54,0,10 23 20,0,99,,517,54,0,10 23 20,0,101,,450,54,0,10 23 20,0,149,,520,54,0,10 23 20,0
200,'30',658,,527,17,0,10 22 27,0,99,,528,54,0,10 23 20,0,145,,529,54,0,10 23 20,0,50,,532,54,0,10 23 20,0,90,,533,54,0,10 23 20,0,90,,534,54,0,10 23 20,0,69,,538,54,0,10 23 20,0,30,,535,54,0,10 23 20,0,70,,551,54,0,10 23 20,0,30,,552,54,0,10 23 20,0,70,,553,54,0,10 23 20,0,30,,554,54,0,10 23 20,0,70,,555,54,0,10 23 20,0,30,,556,54,0,10 23 20,0,70,,557,54,0,10 23 20,0,30,,558,54,0,10 23 20,0,70,,559,54,0,10 23 20,0,33,,560,54,0,10 23 20,0,20,,561,54,0,10 23 20,0,70,,562,54,0,10 23 20,0,90,,571,54,0,10 23 20,0,91,,572,54,0,10 23 20,0,49,,573,54,0,10 23 20,0,90,,574,54,0,10 23 20,0,85,,575,54,0,10 23 20,0,99,,524,54,0,10 23 20,0
200,'4',658,,581,17,0,10 22 27,0,99,,582,54,0,10 23 20,0,145,,583,54,0,10 23 20,0,50,,586,54,0,10 23 20,0,90,,587,54,0,10 23 20,0,90,,588,54,0,10 23 20,0,69,,592,54,0,10 23 20,0,30,,589,54,0,10 23 20,0,70,,605,54,0,10 23 20,0,30,,606,54,0,10 23 20,0,70,,607,54,0,10 23 20,0,30,,608,54,0,10 23 20,0,70,,609,54,0,10 23 20,0,30,,610,54,0,10 23 20,0,70,,611,54,0,10 23 20,0,30,,612,54,0,10 23 20,0,70,,613,54,0,10 23 20,0,33,,614,54,0,10 23 20,0,20,,615,54,0,10 23 20,0,70,,616,54,0,10 23 20,0,90,,625,54,0,10 23 20,0,91,,626,54,0,10 23 20,0,49,,627,54,0,10 23 20,0,90,,628,54,0,10 23 20,0,85,,629,54,0,10 23 20,0,99,,578,54,0,10 23 20,0
300,'2',618,,887,3,,,0,23,,888,3,,,0,73,,889,3,,,0,27,,890,3,,,0,70,,891,3,,,0,31,,892,3,,,0,70,,893,3,,,0,30,,894,3,,,0,70,,895,3,,,0,30,,896,3,,,0,70,,897,3,,,0,29,,898,3,,,0,69,,899,3,,,0,30,,900,3,,,0,70,,901,3,,,0,29,,902,3,,,0,69,,903,3,,,0,30,,904,3,,,0,70,,905,3,,,0,29,,906,3,,,0,70,,907,3,,,0,30,,908,3,,,0,70,,909,3,,,0,34,,910,3,,,0,70,,912,3,,,0,30,,913,3,,,0,70,,914,3,,,0,30,,915,3,,,0,70,,916,3,,,0,30,,917,3,,,0,70,,918,3,,,0,30,,919,3,,,0,70,,920,3,,,0,30,,921,3,,,0,59,,911,3,,,0
300,'3',633,,922,3,,,0,100,,923,3,,,0,100,,924,3,,,0,100,,925,3,,,0,72,,927,3,,,0,35,,928,3,,,0,75,,929,3,,,0,36,,930,3,,,0,75,,931,3,,,0,75,,932,3,,,0,34,,933,3,,,0,75,,934,3,,,0,35,,935,3,,,0,75,,936,3,,,0,35,,937,3,,,0,75,,938,3,,,0,75,,939,3,,,0,38,,940,3,,,0,100,,941,3,,,0,100,,942,3,,,0,102,,943,3,,,0,100,,944,3,,,0,108,,926,3,,,0
300,'30',850,,945,3,,,0,87,,946,3,,,0,87,,947,3,,,0,87,,948,3,,,0,46,,949,3,,,0,87,,950,3,,,0,87,,951,3,,,0,87,,952,3,,,0,87,,953,3,,,0,47,,954,3,,,0,88,,955,3,,,0,89,,956,3,,,0,87,,957,3,,,0,107,,958,3,,,0,100,,959,3,,,0,100,,960,3,,,0,103,,961,3,,,0
300,'4',850,,962,3,,,0,87,,963,3,,,0,87,,964,3,,,0,87,,965,3,,,0,46,,966,3,,,0,87,,967,3,,,0,87,,968,3,,,0,87,,969,3,,,0,87,,970,3,,,0,47,,971,3,,,0,88,,972,3,,,0,89,,973,3,,,0,87,,974,3,,,0,107,,975,3,,,0,100,,976,3,,,0,100,,977,3,,,0,103,,978,3,,,0
500,'2',558,,1425,3,0,13 31,0,76,,1427,3,0,10 31,0,24,,1428,3,0,13 31,0,70,,1439,3,0,10 31,0,30,,1429,3,0,13 31,0,70,,1440,3,0,10 31,0,30,,1430,3,0,13 31,0,70,,1441,3,0,10 31,0,30,,1431,3,0,13 31,0,70,,1442,3,0,10 31,0,30,,1432,3,0,13 31,0,70,,1443,3,0,10 31,0,29,,1433,3,0,13 31,0,70,,1444,3,0,10 31,0,30,,1434,3,0,13 31,0,70,,1445,3,0,10 31,0,30,,1435,3,0,13 31,0,70,,1446,3,0,10 31,0,30,,1436,3,0,13 31,0,70,,1447,3,0,10 31,0,30,,1437,3,0,13 31,0,70,,1448,3,0,10 31,0,30,,1438,3,0,13 31,0,70,,1449,3,0,10 31,0,24,,1450,3,0,13 31,0,70,,1453,3,0,10 31,0,30,,1454,3,0,10 31,0,70,,1455,3,0,10 31,0,30,,1456,3,0,10 31,0,70,,1457,3,0,10 31,0,30,,1458,3,0,10 31,0,70,,1459,3,0,10 31,0,30,,1460,3,0,10 31,0,65,,1461,3,0,10 31,0,28,,1462,3,0,10 31,0,88,,1451,3,0,10 31,0
500,'3',604,,1463,3,0,10 31,0,100,,1464,3,0,10 31,0,99,,1465,3,0,10 31,0,100,,1466,3,0,10 31,0,45,,1467,3,0,13 31,0,75,,1474,3,0,10 31,0,35,,1468,3,0,13 31,0,75,,1475,3,0,10 31,0,75,,1469,3,0,13 31,0,35,,1476,3,0,10 31,0,75,,1470,3,0,13 31,0,35,,1477,3,0,10 31,0,75,,1471,3,0,13 31,0,75,,1478,3,0,10 31,0,35,,1472,3,0,13 31,0,75,,1479,3,0,10 31,0,35,,1473,3,0,13 31,0,75,,1480,3,0,10 31,0,82,,1481,3,0,13 31,0,34,,1487,3,0,10 31,0,75,,1482,3,0,10 31,0,100,,1483,3,0,10 31,0,101,,1484,3,0,10 31,0,110,,1485,3,0,10 31,0,110,,1486,3,0,10 31,0
500,'30',829,,1489,3,0,10 31,0,85,,1490,3,0,10 31,0,87,,1491,3,0,10 31,0,47,,1492,3,0,10 31,0,87,,1493,3,0,10 31,0,87,,1494,3,0,10 31,0,87,,1495,3,0,10 31,0,47,,1496,3,0,10 31,0,87,,1497,3,0,10 31,0,87,,1498,3,0,10 31,0,87,,1499,3,0,10 31,0,88,,1500,3,0,10 31,0,47,,1501,3,0,10 31,0,100,,1502,3,0,10 31,0,100,,1503,3,0,10 31,0,100,,1504,3,0,10 31,0,94,,1505,3,0,10 31,0,92,,1506,3,0,10 31,0
500,'4',829,,1508,3,0,10 31,0,85,,1509,3,0,10 31,0,87,,1510,3,0,10 31,0,47,,1511,3,0,10 31,0,87,,1512,3,0,10 31,0,87,,1513,3,0,10 31,0,87,,1514,3,0,10 31,0,47,,1515,3,0,10 31,0,87,,1516,3,0,10 31,0,87,,1517,3,0,10 31,0,87,,1518,3,0,10 31,0,88,,1519,3,0,10 31,0,47,,1520,3,0,10 31,0,100,,1521,3,0,10 31,0,100,,1522,3,0,10 31,0,100,,1523,3,0,10 31,0,94,,1524,3,0,10 31,0,92,,1525,3,0,10 31,0
