'2',2000,65000,4,'',0,5600,4,'',0,2500,4,'',0,1300,4,'',0,1500,4,'',0,5500,4,'',0,1500,4,'',0,1500,4,'',0,1500,4,'',0,5500,4,'',0,1600,4,'',0,1100,4,'',0,1500,4,'',0,5500,4,'',0,1500,4,'',0,1500,4,'',0,1500,4,'',0,5500,4,'',0,1400,4,'',0,1000,4,'',0,1500,4,'',0,5300,4,'',0,1600,4,'',0,1300,4,'',0,1500,4,'',0,5700,4,'',0,1000,4,'',0,1500,4,'',0,1500,4,'',0,1500,4,'',0,5300,4,'',0,1800,4,'',0,1300,4,'',0,1600,4,'',0,5000,4,'',0,1100,4,'',0,1100,4,'',0,1000,4,'',0,1800,4,'',0,5500,4,'',0,1500,4,'',0,1500,4,'',0,5600,4,'',0,1400,4,'',0,1500,4,'',0,1500,4,'',0,1500,4,'',0,5600,4,'',0,2000,4,'',0,1100,4,'',0,6000,4,'',0,700,4,'',0,1100,4,'',0,1500,4,'',0,2000,4,'',0,7200,4,'',0,1300,4,'',0,6700,4,'',0,2600,4,'',0,1800,4,'',0,7100,4,'',0,2600,4,'',0,6600,4,'',0,2600,4,'',0,6700,4,'',0,2500,4,'',0,8100,4,'',0
'2',2001,60500,,'',0,4500,,'',0,5200,,'',0,1500,,'',0,1500,,'',0,1500,,'',0,5500,,'',0,1500,,'',0,1500,,'',0,1400,,'',0,5600,,'',0,1800,,'',0,1500,,'',0,1200,,'',0,1000,,'',0,5500,,'',0,1500,,'',0,1500,,'',0,1500,,'',0,5600,,'',0,1400,,'',0,1000,,'',0,1500,,'',0,5200,,'',0,1500,,'',0,1500,,'',0,1700,,'',0,5500,,'',0,1300,,'',0,1400,,'',0,1200,,'',0,5600,,'',0,1200,,'',0,2000,,'',0,1500,,'',0,5500,,'',0,1500,,'',0,800,,'',0,900,,'',0,1400,,'',0,5300,,'',0,1500,,'',0,1400,,'',0,1500,,'',0,5500,,'',0,1500,,'',0,1500,,'',0,1800,,'',0,5800,,'',0,2000,,'',0,2000,,'',0,6000,,'',0,2000,,'',0,2500,,'',0,6000,,'',0,3200,,'',0,7200,,'',0,2600,,'',0,6600,,'',0,2600,,'',0,6600,,'',0,2600,,'',0,2000,,'',0,6600,,'',0,2500,,'',0
'3',2000,60500,4,'',0,4200,4,'',0,6600,4,'',0,3000,4,'',0,8100,4,'',0,2900,4,'',0,6600,4,'',0,2600,4,'',0,6600,4,'',0,3200,4,'',0,6400,4,'',0,2000,4,'',0,2000,4,'',0,6000,4,'',0,2000,4,'',0,2000,4,'',0,6300,4,'',0,2000,4,'',0,2000,4,'',0,6000,4,'',0,2000,4,'',0,2000,4,'',0,5900,4,'',0,2000,4,'',0,2000,4,'',0,6000,4,'',0,2000,4,'',0,2000,4,'',0,6000,4,'',0,2000,4,'',0,2000,4,'',0,6000,4,'',0,1400,4,'',0,2000,4,'',0,6300,4,'',0,2700,4,'',0,6700,4,'',0,2700,4,'',0,2700,4,'',0,6700,4,'',0,2700,4,'',0,6000,4,'',0,2700,4,'',0,6700,4,'',0,2700,4,'',0,2700,4,'',0,6100,4,'',0,1900,4,'',0,8100,4,'',0
'3',2001,60500,,'',0,4200,,'',0,6800,,'',0,3500,,'',0,6500,,'',0,2200,,'',0,7000,,'',0,2600,,'',0,2600,,'',0,6100,,'',0,2000,,'',0,6000,,'',0,2000,,'',0,2000,,'',0,6000,,'',0,2000,,'',0,2000,,'',0,6000,,'',0,2000,,'',0,2000,,'',0,6000,,'',0,2000,,'',0,2000,,'',0,6000,,'',0,2000,,'',0,2000,,'',0,6000,,'',0,2000,,'',0,2000,,'',0,6000,,'',0,2000,,'',0,2000,,'',0,6000,,'',0,2000,,'',0,2700,,'',0,6700,,'',0,2700,,'',0,6700,,'',0,2700,,'',0,6700,,'',0,2700,,'',0,2700,,'',0,6700,,'',0,2700,,'',0,6200,,'',0,3200,,'',0,6700,,'',0,2500,,'',0
'30',2000,71200,4,'',0,4200,4,'',0,8500,4,'',0,8700,4,'',0,3100,4,'',0,6600,4,'',0,2500,4,'',0,6600,4,'',0,2700,4,'',0,6600,4,'',0,2600,4,'',0,7000,4,'',0,2600,4,'',0,2600,4,'',0,6600,4,'',0,2600,4,'',0,6600,4,'',0,2600,4,'',0,6600,4,'',0,2600,4,'',0,2600,4,'',0,6600,4,'',0,2600,4,'',0,6300,4,'',0,2500,4,'',0,6500,4,'',0,2500,4,'',0,2500,4,'',0,6500,4,'',0,2500,4,'',0,6500,4,'',0,2500,4,'',0,2500,4,'',0,6600,4,'',0,1900,4,'',0,6000,4,'',0
'30',2001,63500,,'',0,8000,,'',0,4100,,'',0,6900,,'',0,2500,,'',0,6100,,'',0,2600,,'',0,7100,,'',0,2600,,'',0,6600,,'',0,2600,,'',0,2600,,'',0,6600,,'',0,2600,,'',0,6600,,'',0,2600,,'',0,6600,,'',0,2600,,'',0,2600,,'',0,6600,,'',0,2600,,'',0,6600,,'',0,2600,,'',0,6600,,'',0,2600,,'',0,2600,,'',0,6600,,'',0,2500,,'',0,6500,,'',0,2500,,'',0,6500,,'',0,2500,,'',0,2500,,'',0,6500,,'',0,2500,,'',0,6500,,'',0,2700,,'',0
'4',2000,71200,4,'',0,4200,4,'',0,8500,4,'',0,8700,4,'',0,3100,4,'',0,6600,4,'',0,2500,4,'',0,6600,4,'',0,2700,4,'',0,6600,4,'',0,2600,4,'',0,7000,4,'',0,2600,4,'',0,2600,4,'',0,6600,4,'',0,2600,4,'',0,6600,4,'',0,2600,4,'',0,6600,4,'',0,2600,4,'',0,2600,4,'',0,6600,4,'',0,2600,4,'',0,6300,4,'',0,2500,4,'',0,6500,4,'',0,2500,4,'',0,2500,4,'',0,6500,4,'',0,2500,4,'',0,6500,4,'',0,2500,4,'',0,2500,4,'',0,6600,4,'',0,1900,4,'',0,6000,4,'',0
'4',2001,63500,,'',0,8000,,'',0,4100,,'',0,6900,,'',0,2500,,'',0,6100,,'',0,2600,,'',0,7100,,'',0,2600,,'',0,6600,,'',0,2600,,'',0,2600,,'',0,6600,,'',0,2600,,'',0,6600,,'',0,2600,,'',0,6600,,'',0,2600,,'',0,2600,,'',0,6600,,'',0,2600,,'',0,6600,,'',0,2600,,'',0,6600,,'',0,2600,,'',0,2600,,'',0,6600,,'',0,2500,,'',0,6500,,'',0,2500,,'',0,6500,,'',0,2500,,'',0,2500,,'',0,6500,,'',0,2500,,'',0,6500,,'',0,2700,,'',0
'2',3600,61200,,'',0,200,,'',0,2300,,'',0,1000,,'',0,400,,'',0,5600,,'',0,1500,,'',0,1500,,'',0,2000,,'',0,5000,,'',0,2500,,'',0,500,,'',0,7000,,'',0,3000,,'',0,500,,'',0,6500,,'',0,1000,,'',0,2000,,'',0,1400,,'',0,5600,,'',0,1900,,'',0,1100,,'',0,6400,,'',0,600,,'',0,2900,,'',0,100,,'',0,7000,,'',0,400,,'',0,2600,,'',0,900,,'',0,6100,,'',0,1400,,'',0,1600,,'',0,1900,,'',0,5100,,'',0,3500,,'',0,7500,,'',0,500,,'',0,3000,,'',0,5000,,'',0,2500,,'',0,1500,,'',0,6000,,'',0,2000,,'',0,1500,,'',0,6500,,'',0,400,,'',0,33000,,'',0,7300,,'',0
'2',3601,63600,4,'',0,1100,4,'',0,1200,4,'',0,5600,4,'',0,600,4,'',0,1000,4,'',0,2500,4,'',0,4500,4,'',0,3000,4,'',0,7000,4,'',0,500,4,'',0,2500,4,'',0,1000,4,'',0,6000,4,'',0,1500,4,'',0,1500,4,'',0,2000,4,'',0,5000,4,'',0,2400,4,'',0,600,4,'',0,6900,4,'',0,100,4,'',0,3100,4,'',0,300,4,'',0,6600,4,'',0,900,4,'',0,2100,4,'',0,1400,4,'',0,5600,4,'',0,1900,4,'',0,1100,4,'',0,2400,4,'',0,4600,4,'',0,2900,4,'',0,600,4,'',0,7500,4,'',0,500,4,'',0,3000,4,'',0,1000,4,'',0,6500,4,'',0,1500,4,'',0,2000,4,'',0,6000,4,'',0,1500,4,'',0,2500,4,'',0,5000,4,'',0,2400,4,'',0,600,4,'',0,36400,4,'',0,3100,4,'',0
