901,'2',608,,2403,16,,,0,20,,2404,16,,,0,17,,2405,16,,,0,13,,2406,16,,,0,56,,2407,16,,,0,15,,2408,16,,,0,14,,2409,16,,,0,16,,2410,16,,,0,55,,2411,16,,,0,17,,2412,16,,,0,16,,2413,16,,,0,55,,2414,16,,,0,15,,2415,16,,,0,15,,2416,16,,,0,15,,2417,16,,,0,55,,2418,16,,,0,15,,2419,16,,,0,15,,2420,16,,,0,15,,2421,16,,,0,55,,2422,16,,,0,15,,2423,16,,,0,15,,2424,16,,,0,15,,2425,16,,,0,55,,2426,16,,,0,15,,2427,16,,,0,15,,2428,16,,,0,15,,2429,16,,,0,55,,2430,16,,,0,15,,2431,16,,,0,15,,2432,16,,,0,13,,2433,16,,,0,14,,2434,16,,,0,55,,2435,16,,,0,15,,2436,16,,,0,15,,2437,16,,,0,15,,2438,16,,,0,55,,2439,16,,,0,15,,2440,16,,,0,15,,2441,16,,,0,15,,2442,16,,,0,55,,2443,16,,,0,15,,2444,16,,,0,15,,2445,16,,,0,15,,2446,16,,,0,55,,2447,16,,,0,15,,2448,16,,,0,17,,2449,16,,,0,65,,2450,16,,,0,15,,2451,16,,,0,14,,2452,16,,,0,62,,2453,16,,,0,22,,2454,16,,,0,22,,2455,16,,,0,62,,2456,16,,,0,22,,2457,16,,,0,26,,2458,16,,,0,70,,2459,16,,,0,32,,2460,16,,,0,72,,2461,16,,,0,72,,2462,16,,,0,37,,2463,16,,,0,100,,2464,16,,,0
901,'3',612,,2470,16,,,0,30,,2509,16,,,0,70,,2471,16,,,0,30,,2508,16,,,0,70,,2472,16,,,0,35,,2473,16,,,0,72,,2474,16,,,0,86,,2475,16,,,0,25,,2476,16,,,0,25,,2477,16,,,0,62,,2478,16,,,0,25,,2479,16,,,0,65,,2480,16,,,0,29,,2481,16,,,0,21,,2482,16,,,0,65,,2483,16,,,0,28,,2484,16,,,0,62,,2485,16,,,0,24,,2486,16,,,0,65,,2487,16,,,0,25,,2488,16,,,0,25,,2489,16,,,0,65,,2490,16,,,0,25,,2491,16,,,0,65,,2492,16,,,0,25,,2493,16,,,0,25,,2494,16,,,0,85,,2496,16,,,0,65,,2497,16,,,0,38,,2498,16,,,0,75,,2499,16,,,0,35,,2500,16,,,0,76,,2501,16,,,0,75,,2502,16,,,0,35,,2503,16,,,0,75,,2504,16,,,0,35,,2505,16,,,0
901,'30',652,,2544,16,,,0,75,,2510,16,,,0,75,,2545,16,,,0,34,,2511,16,,,0,75,,2546,16,,,0,33,,2512,16,,,0,73,,2513,16,,,0,33,,2514,16,,,0,73,,2515,16,,,0,78,,2516,16,,,0,28,,2517,16,,,0,23,,2518,16,,,0,63,,2519,16,,,0,23,,2520,16,,,0,63,,2521,16,,,0,23,,2522,16,,,0,23,,2523,16,,,0,63,,2524,16,,,0,23,,2525,16,,,0,23,,2526,16,,,0,63,,2527,16,,,0,24,,2528,16,,,0,64,,2529,16,,,0,23,,2530,16,,,0,25,,2531,16,,,0,57,,2532,16,,,0,19,,2533,16,,,0,70,,2534,16,,,0,30,,2535,16,,,0,70,,2536,16,,,0,30,,2537,16,,,0,70,,2538,16,,,0,30,,2539,16,,,0,71,,2540,16,,,0,41,,2541,16,,,0,58,,2542,16,,,0
901,'4',652,,2581,16,,,0,75,,2547,16,,,0,75,,2582,16,,,0,34,,2548,16,,,0,75,,2583,16,,,0,33,,2549,16,,,0,73,,2550,16,,,0,33,,2551,16,,,0,73,,2552,16,,,0,78,,2553,16,,,0,28,,2554,16,,,0,23,,2555,16,,,0,63,,2556,16,,,0,23,,2557,16,,,0,63,,2558,16,,,0,23,,2559,16,,,0,23,,2560,16,,,0,63,,2561,16,,,0,23,,2562,16,,,0,23,,2563,16,,,0,63,,2564,16,,,0,24,,2565,16,,,0,64,,2566,16,,,0,23,,2567,16,,,0,25,,2568,16,,,0,57,,2569,16,,,0,19,,2570,16,,,0,70,,2571,16,,,0,30,,2572,16,,,0,70,,2573,16,,,0,30,,2574,16,,,0,70,,2575,16,,,0,30,,2576,16,,,0,71,,2577,16,,,0,41,,2578,16,,,0,58,,2579,16,,,0
2701,'2',551,,6043,8,,,0,92,,5972,9,,,0,65,,5973,8,,,0,13,,5974,9,,,0,13,,5975,8,,,0,13,,5976,8,,,0,53,,5977,9,,,0,13,,5978,9,,,0,8,,5979,9,,,0,13,,5980,9,,,0,13,,5981,9,,,0,12,,5982,9,,,0,54,,5983,9,,,0,13,,5984,9,,,0,13,,5985,9,,,0,13,,5986,9,,,0,53,,5987,9,,,0,13,,5988,9,,,0,13,,5989,9,,,0,13,,5990,9,,,0,13,,5991,9,,,0,53,,5992,9,,,0,13,,5993,9,,,0,13,,5994,9,,,0,13,,5995,9,,,0,52,,5996,9,,,0,12,,5997,9,,,0,12,,5998,9,,,0,12,,5999,9,,,0,12,,6000,9,,,0,52,,6001,9,,,0,12,,6002,9,,,0,12,,6003,9,,,0,12,,6004,9,,,0,12,,6005,9,,,0,52,,6006,9,,,0,14,,6007,9,,,0,13,,6008,9,,,0,13,,6009,9,,,0,13,,6010,9,,,0,53,,6011,9,,,0,13,,6012,9,,,0,9,,6013,8,,,0,12,,6014,9,,,0,12,,6015,9,,,0,51,,6016,9,,,0,11,,6017,9,,,0,11,,6018,8,,,0,11,,6019,9,,,0,11,,6020,9,,,0,11,,6021,9,,,0,51,,6022,9,,,0,11,,6023,9,,,0,11,,6024,9,,,0,11,,6025,9,,,0,7,,6026,9,,,0,54,,6027,9,,,0,9,,6028,9,,,0,13,,6029,9,,,0,11,,6030,9,,,0,11,,6031,9,,,0,57,,6032,9,,,0,17,,6033,9,,,0,17,,6034,9,,,0,17,,6035,9,,,0,57,,6036,9,,,0,17,,6037,9,,,0,17,,6038,9,,,0,62,,6039,9,,,0,27,,6040,9,,,0,67,,6041,9,,,0,27,,6042,9,,,0
2701,'3',855,,6044,8,,,0,83,,6054,9,,,0,71,,6045,9,,,0,104,,6055,9,,,0,33,,6046,9,,,0,72,,6063,9,,,0,32,,6056,9,,,0,72,,6047,9,,,0,32,,6064,9,,,0,71,,6057,9,,,0,34,,6048,9,,,0,72,,6065,9,,,0,70,,6058,9,,,0,34,,6049,9,,,0,72,,6066,9,,,0,30,,6059,9,,,0,75,,6050,9,,,0,45,,6060,9,,,0,85,,6051,9,,,0,85,,6061,9,,,0,84,,6052,9,,,0,40,,6062,9,,,0,80,,6053,9,,,0,80,,6067,9,,,0
2701,'30',838,,6068,8,,,0,85,,6069,9,,,0,85,,6075,9,,,0,45,,6070,9,,,0,85,,6076,9,,,0,85,,6071,9,,,0,88,,6077,9,,,0,32,,6078,9,,,0,72,,6072,9,,,0,32,,6080,9,,,0,72,,6079,9,,,0,32,,6073,9,,,0,72,,6081,9,,,0,32,,6083,9,,,0,70,,6074,9,,,0,77,,6082,9,,,0,45,,6084,9,,,0,85,,6085,9,,,0
2701,'4',838,,6086,8,,,0,85,,6087,9,,,0,85,,6093,9,,,0,45,,6088,9,,,0,85,,6094,9,,,0,85,,6089,9,,,0,88,,6095,9,,,0,32,,6096,9,,,0,72,,6090,9,,,0,32,,6098,9,,,0,72,,6097,9,,,0,32,,6091,9,,,0,72,,6099,9,,,0,32,,6101,9,,,0,70,,6092,9,,,0,77,,6100,9,,,0,45,,6102,9,,,0,85,,6103,9,,,0
3101,'2',625,,6299,20,,,0,88,,6300,20,,,0,32,,6301,20,,,0,68,,6302,20,,,0,28,,6303,20,,,0,68,,6304,20,,,0,24,,6305,20,,,0,67,,6306,20,,,0,27,,6307,20,,,0,27,,6308,20,,,0,67,,6309,20,,,0,27,,6310,20,,,0,67,,6311,20,,,0,27,,6312,20,,,0,67,,6313,20,,,0,27,,6314,20,,,0,67,,6315,20,,,0,32,,6316,20,,,0,70,,6317,20,,,0,30,,6318,20,,,0,70,,6319,20,,,0,29,,6320,20,,,0,70,,6321,20,,,0,30,,6322,20,,,0,70,,6323,20,,,0,27,,6324,20,,,0,70,,6325,20,,,0,30,,6326,20,,,0,70,,6327,20,,,0,30,,6328,20,,,0,25,,6329,20,,,0,70,,6330,20,,,0,30,,6331,20,,,0,70,,6332,20,,,0,30,,6333,20,,,0
3101,'3',816,,6362,20,,,0,25,,6361,20,,,0,65,,6334,20,,,0,25,,6360,20,,,0,25,,6335,20,,,0,66,,6336,20,,,0,24,,6337,20,,,0,65,,6338,20,,,0,25,,6339,20,,,0,65,,6340,20,,,0,25,,6341,20,,,0,25,,6342,20,,,0,65,,6343,20,,,0,25,,6344,20,,,0,65,,6345,20,,,0,28,,6346,20,,,0,67,,6347,20,,,0,27,,6348,20,,,0,27,,6349,20,,,0,67,,6350,20,,,0,27,,6351,20,,,0,67,,6352,20,,,0,27,,6353,20,,,0,66,,6363,20,,,0,25,,6354,20,,,0,66,,6364,20,,,0,26,,6355,20,,,0,26,,6365,20,,,0,65,,6356,20,,,0,25,,6366,20,,,0,66,,6357,20,,,0,25,,6367,20,,,0,21,,6358,20,,,0,62,,6368,20,,,0,22,,6359,20,,,0,65,,6369,20,,,0,25,,6370,20,,,0
3101,'30',843,,6371,20,,,0,65,,6386,20,,,0,25,,6372,20,,,0,25,,6387,20,,,0,65,,6373,20,,,0,25,,6388,20,,,0,65,,6374,20,,,0,25,,6389,20,,,0,65,,6375,20,,,0,26,,6390,20,,,0,25,,6376,20,,,0,65,,6391,20,,,0,25,,6377,20,,,0,65,,6392,20,,,0,25,,6378,20,,,0,25,,6393,20,,,0,65,,6379,20,,,0,25,,6394,20,,,0,65,,6380,20,,,0,25,,6395,20,,,0,65,,6381,20,,,0,25,,6396,20,,,0,25,,6382,20,,,0,65,,6397,20,,,0,25,,6383,20,,,0,65,,6398,20,,,0,25,,6384,20,,,0,25,,6399,20,,,0,65,,6385,20,,,0
3101,'4',843,,6400,20,,,0,65,,6415,20,,,0,25,,6401,20,,,0,25,,6416,20,,,0,65,,6402,20,,,0,25,,6417,20,,,0,65,,6403,20,,,0,25,,6418,20,,,0,65,,6404,20,,,0,26,,6419,20,,,0,25,,6405,20,,,0,65,,6420,20,,,0,25,,6406,20,,,0,65,,6421,20,,,0,25,,6407,20,,,0,25,,6422,20,,,0,65,,6408,20,,,0,25,,6423,20,,,0,65,,6409,20,,,0,25,,6424,20,,,0,65,,6410,20,,,0,25,,6425,20,,,0,25,,6411,20,,,0,65,,6426,20,,,0,25,,6412,20,,,0,65,,6427,20,,,0,25,,6413,20,,,0,25,,6428,20,,,0,65,,6414,20,,,0
12700,'3302',609,,8344,8,,,0,27,,8345,9,,,0,70,,8346,9,,,0,18,,8347,8,,,0,12,,8348,9,,,0,64,,8349,9,,,0,12,,8350,9,,,0,24,,8351,9,,,0,12,,8352,9,,,0,64,,8353,9,,,0,12,,8354,9,,,0,24,,8355,9,,,0,52,,8356,9,,,0,24,,8357,9,,,0,12,,8358,9,,,0,64,,8359,9,,,0,12,,8360,9,,,0,24,,8361,9,,,0,12,,8362,9,,,0,64,,8363,9,,,0,12,,8364,9,,,0,24,,8365,9,,,0,52,,8366,9,,,0,24,,8367,9,,,0,12,,8368,9,,,0,64,,8369,9,,,0,20,,8370,9,,,0,24,,8371,9,,,0,64,,8372,9,,,0,24,,8373,9,,,0,71,,8374,9,,,0,20,,8375,9,,,0,30,,8376,9,,,0,60,,8377,9,,,0,30,,8378,9,,,0,60,,8379,9,,,0,23,,8380,9,,,0,20,,8381,9,,,0,60,,8382,9,,,0,20,,8383,9,,,0,20,,8384,9,,,0,60,,8385,9,,,0,20,,8386,9,,,0,20,,8387,9,,,0,60,,8388,9,,,0,15,,8389,9,,,0,30,,8390,9,,,0,70,,8391,9,,,0,30,,8392,9,,,0,70,,8393,9,,,0,30,,8394,9,,,0
12700,'3602',748,,8395,9,,,0,76,,8396,9,,,0,76,,8397,9,,,0,36,,8398,9,,,0,76,,8399,9,,,0,36,,8400,9,,,0,76,,8401,9,,,0,76,,8402,9,,,0,36,,8403,9,,,0,76,,8404,9,,,0,36,,8405,9,,,0,64,,8406,8,,,0,20,,8407,9,,,0,24,,8408,9,,,0,64,,8409,9,,,0,24,,8410,9,,,0,69,,8411,9,,,0,20,,8412,9,,,0,10,,8413,9,,,0,60,,8414,9,,,0,20,,8415,9,,,0,10,,8416,9,,,0,20,,8417,9,,,0,58,,8418,9,,,0
12700,'3903',606,,8462,8,,,0,30,,8463,9,,,0,70,,8464,9,,,0,30,,8465,9,,,0,70,,8466,9,,,0,30,,8419,9,,,0,70,,8420,9,,,0,30,,8421,9,,,0,71,,8422,9,,,0,25,,8423,9,,,0,20,,8424,9,,,0,60,,8425,9,,,0,20,,8426,9,,,0,20,,8427,9,,,0,62,,8428,9,,,0,20,,8429,9,,,0,20,,8430,9,,,0,60,,8431,9,,,0,20,,8432,9,,,0,20,,8433,9,,,0,60,,8434,9,,,0,20,,8435,9,,,0,20,,8436,9,,,0,60,,8437,9,,,0,20,,8438,9,,,0,20,,8439,9,,,0,60,,8440,9,,,0,20,,8441,9,,,0,20,,8442,9,,,0,60,,8443,9,,,0,20,,8444,9,,,0,20,,8445,9,,,0,57,,8446,9,,,0,20,,8447,9,,,0,20,,8448,9,,,0,60,,8449,9,,,0,20,,8450,9,,,0,20,,8451,9,,,0,60,,8452,9,,,0,20,,8453,9,,,0,20,,8454,9,,,0,54,,8455,9,,,0,30,,8456,9,,,0,70,,8457,9,,,0,30,,8458,9,,,0,70,,8459,9,,,0,30,,8460,9,,,0,70,,8461,9,,,0
12700,'6404',706,,8499,8,,,0,30,,8500,9,,,0,70,,8501,9,,,0,30,,8502,9,,,0,70,,8503,9,,,0,20,,8467,9,,,0,20,,8468,9,,,0,60,,8469,9,,,0,20,,8470,9,,,0,20,,8471,9,,,0,60,,8472,9,,,0,20,,8473,9,,,0,20,,8474,9,,,0,61,,8475,9,,,0,20,,8476,9,,,0,20,,8477,9,,,0,60,,8478,9,,,0,20,,8479,9,,,0,20,,8480,9,,,0,60,,8481,9,,,0,20,,8482,9,,,0,20,,8483,9,,,0,60,,8484,9,,,0,20,,8485,9,,,0,20,,8486,9,,,0,60,,8487,9,,,0,20,,8488,9,,,0,20,,8489,9,,,0,58,,8490,9,,,0,35,,8491,9,,,0,75,,8492,9,,,0,35,,8493,9,,,0,75,,8494,9,,,0,75,,8495,9,,,0,35,,8496,9,,,0,75,,8497,9,,,0,35,,8498,9,,,0,75,,8504,9,,,0,35,,8505,9,,,0
