400,'11202',527,,18431,15,4,,0
400,'2',533,,18434,15,4,,0,115,,18459,15,4,,0,78,,18432,15,4,,0,10,,18457,64,4,,0,70,,18455,64,4,,0,30,,18453,64,4,,0,70,,18451,64,4,,0,35,,18449,64,4,,0,80,,18447,64,4,,0,80,,18445,64,4,,0,40,,18443,64,4,,0,80,,18441,64,4,,0,80,,18439,64,4,,0,40,,18437,64,4,,0,79,,18435,64,4,,0,27,,18461,64,4,,0,70,,18462,64,4,,0,30,,18463,64,4,,0,69,,18464,64,4,,0,30,,18465,64,4,,0,65,,18466,64,4,,0,30,,18467,64,4,,0,65,,18468,64,4,,0,27,,18477,64,4,,0,75,,18482,64,4,,0,40,,18483,64,4,,0,80,,18484,64,4,,0,77,,18485,64,4,,0,38,,18489,64,4,,0,100,,18490,64,4,,0,98,,18491,64,4,,0
400,'3',608,,18496,15,4,,0,46,,18494,64,4,,0,100,,18504,64,4,,0,101,,18505,64,4,,0,100,,18506,64,4,,0,99,,18507,64,4,,0,100,,18508,64,4,,0,99,,18509,64,4,,0,92,,18510,64,4,,0,85,,18511,64,4,,0,90,,18512,64,4,,0,90,,18513,64,4,,0,90,,18514,64,4,,0,50,,18526,64,4,,0,88,,18527,64,4,,0,90,,18528,64,4,,0,90,,18529,64,4,,0,90,,18530,64,4,,0,51,,18534,64,4,,0,145,,18535,64,4,,0,100,,18536,64,4,,0,119,,18521,64,4,,0
400,'30',638,,18538,15,4,,0,165,,18568,64,4,,0,125,,18539,64,4,,0,100,,18541,64,4,,0,100,,18543,64,4,,0,101,,18545,64,4,,0,96,,18547,64,4,,0,100,,18549,64,4,,0,100,,18551,64,4,,0,100,,18553,64,4,,0,100,,18555,64,4,,0,100,,18557,64,4,,0,102,,18559,64,4,,0,100,,18561,64,4,,0,100,,18563,64,4,,0,99,,18565,64,4,,0,95,,18537,64,4,,0
400,'4',638,,18571,15,4,,0,165,,18601,64,4,,0,125,,18572,64,4,,0,100,,18574,64,4,,0,100,,18576,64,4,,0,101,,18578,64,4,,0,96,,18580,64,4,,0,100,,18582,64,4,,0,100,,18584,64,4,,0,100,,18586,64,4,,0,100,,18588,64,4,,0,100,,18590,64,4,,0,102,,18592,64,4,,0,100,,18594,64,4,,0,100,,18596,64,4,,0,99,,18598,64,4,,0,95,,18570,64,4,,0
401,'11202',527,,18603,1,0,10 40 41,0
401,'2',533,,18630,1,0,10 40 41,0,115,,18628,1,0,10 40 41,0,78,,18625,1,0,10 40 41,0,15,,18624,1,0,10 40 41,0,70,,18622,1,0,10 40 41,0,30,,18620,1,0,10 40 41,0,72,,18618,1,0,10 40 41,0,35,,18616,1,0,10 40 41,0,80,,18614,1,0,10 40 41,0,81,,18612,1,0,10 40 41,0,39,,18610,1,0,10 40 41,0,80,,18608,1,0,10 40 41,0,80,,18606,1,0,10 40 41,0,39,,18604,1,0,10 40 41,0,74,,18642,1,0,10 40 41,0,30,,18643,1,0,10 40 41,0,70,,18644,1,0,10 40 41,0,30,,18645,1,0,10 40 41,0,70,,18646,1,0,10 40 41,0,30,,18647,1,0,10 40 41,0,70,,18648,1,0,10 40 41,0,33,,18651,1,0,10 40 41,0,52,,18669,1,0,47 3 48,0,29,,18652,1,0,10 40 41,0,80,,18653,1,0,10 40 41,0,40,,18654,1,0,10 40 41,0,90,,18655,1,0,10 40 41,0,60,,18671,1,0,47 3 48,0,44,,18663,1,0,10 40 41,0,101,,18664,1,0,10 40 41,0,100,,18665,1,0,10 40 41,0
401,'3',608,,18672,1,0,10 40 41,0,92,,18680,1,0,10 40 41,0,58,,18681,1,0,10 40 41,0,100,,18682,1,0,10 40 41,0,100,,18683,1,0,10 40 41,0,100,,18684,1,0,10 40 41,0,100,,18685,1,0,10 40 41,0,96,,18686,1,0,10 40 41,0,92,,18687,1,0,10 40 41,0,90,,18688,1,0,10 40 41,0,90,,18689,1,0,10 40 41,0,90,,18690,1,0,10 40 41,0,90,,18691,1,0,10 40 41,0,50,,18700,1,0,10 40 41,0,90,,18701,1,0,10 40 41,0,90,,18702,1,0,10 40 41,0,90,,18703,1,0,10 40 41,0,82,,18709,1,0,10 40 41,0,100,,18710,1,0,10 40 41,0,100,,18711,1,0,10 40 41,0,98,,18712,1,0,10 40 41,0,117,,18699,1,0,47 3 48,0
401,'30',638,,18748,1,0,10 40 41,0,172,,18746,1,0,10 40 41,0,130,,18718,1,0,10 40 41,0,94,,18720,1,0,10 40 41,0,97,,18722,1,0,10 40 41,0,98,,18724,1,0,10 40 41,0,102,,18726,1,0,10 40 41,0,100,,18728,1,0,10 40 41,0,100,,18730,1,0,10 40 41,0,100,,18732,1,0,10 40 41,0,100,,18734,1,0,10 40 41,0,100,,18736,1,0,10 40 41,0,98,,18738,1,0,10 40 41,0,102,,18740,1,0,10 40 41,0,100,,18742,1,0,10 40 41,0,107,,18716,1,0,10 40 41,0,83,,18744,1,0,47 3 48,0
401,'4',638,,18781,1,0,10 40 41,0,172,,18779,1,0,10 40 41,0,130,,18751,1,0,10 40 41,0,94,,18753,1,0,10 40 41,0,97,,18755,1,0,10 40 41,0,98,,18757,1,0,10 40 41,0,102,,18759,1,0,10 40 41,0,100,,18761,1,0,10 40 41,0,100,,18763,1,0,10 40 41,0,100,,18765,1,0,10 40 41,0,100,,18767,1,0,10 40 41,0,100,,18769,1,0,10 40 41,0,98,,18771,1,0,10 40 41,0,102,,18773,1,0,10 40 41,0,100,,18775,1,0,10 40 41,0,107,,18749,1,0,10 40 41,0,83,,18777,1,0,47 3 48,0
