900,'2',632,,2222,,,0,17,,2223,,,0,58,,2224,,,0,16,,2225,,,0,16,,2226,,,0,16,,2227,,,0,54,,2228,,,0,16,,2229,,,0,15,,2230,,,0,17,,2231,,,0,55,,2232,,,0,15,,2233,,,0,15,,2234,,,0,15,,2235,,,0,55,,2236,,,0,15,,2237,,,0,15,,2238,,,0,15,,2239,,,0,55,,2240,,,0,15,,2241,,,0,15,,2242,,,0,15,,2243,,,0,55,,2244,,,0,15,,2245,,,0,15,,2246,,,0,15,,2247,,,0,55,,2248,,,0,15,,2249,,,0,15,,2250,,,0,15,,2251,,,0,55,,2252,,,0,15,,2253,,,0,15,,2254,,,0,15,,2255,,,0,55,,2256,,,0,15,,2257,,,0,15,,2258,,,0,15,,2259,,,0,55,,2260,,,0,15,,2261,,,0,15,,2262,,,0,15,,2263,,,0,55,,2264,,,0,15,,2265,,,0,15,,2266,,,0,15,,2267,,,0,54,,2268,,,0,22,,2269,,,0,69,,2270,,,0,22,,2271,,,0,22,,2272,,,0,62,,2273,,,0,22,,2274,,,0,22,,2275,,,0,65,,2276,,,0,29,,2277,,,0,72,,2278,,,0,32,,2279,,,0,72,,2280,,,0,37,,2282,,,0,143,,2281,,,0
900,'3',534,,2325,,,0,68,,2328,,,0,30,,2289,,,0,70,,2327,,,0,30,,2290,,,0,73,,2326,,,0,29,,2291,,,0,75,,2292,,,0,32,,2293,,,0,60,,2294,,,0,27,,2295,,,0,25,,2296,,,0,65,,2297,,,0,22,,2298,,,0,65,,2299,,,0,25,,2300,,,0,29,,2301,,,0,61,,2302,,,0,25,,2303,,,0,68,,2304,,,0,22,,2305,,,0,65,,2306,,,0,25,,2307,,,0,25,,2308,,,0,65,,2309,,,0,25,,2310,,,0,65,,2311,,,0,25,,2312,,,0,25,,2313,,,0,63,,2314,,,0,84,,2315,,,0,25,,2316,,,0,78,,2317,,,0,35,,2318,,,0,75,,2319,,,0,35,,2320,,,0,75,,2321,,,0,75,,2322,,,0,35,,2323,,,0,75,,2324,,,0
900,'30',608,,2332,,,0,25,,2329,,,0,80,,2365,,,0,35,,2330,,,0,75,,2364,,,0,36,,2331,,,0,75,,2333,,,0,73,,2334,,,0,33,,2335,,,0,73,,2336,,,0,33,,2337,,,0,61,,2338,,,0,18,,2339,,,0,28,,2340,,,0,63,,2341,,,0,23,,2342,,,0,63,,2343,,,0,23,,2344,,,0,23,,2345,,,0,63,,2346,,,0,23,,2347,,,0,23,,2348,,,0,63,,2349,,,0,23,,2350,,,0,62,,2351,,,0,23,,2352,,,0,23,,2353,,,0,65,,2354,,,0,35,,2355,,,0,70,,2356,,,0,30,,2357,,,0,70,,2358,,,0,30,,2359,,,0,70,,2360,,,0,30,,2361,,,0,70,,2362,,,0,81,,2363,,,0
900,'4',608,,2369,,,0,25,,2366,,,0,80,,2402,,,0,35,,2367,,,0,75,,2401,,,0,36,,2368,,,0,75,,2370,,,0,73,,2371,,,0,33,,2372,,,0,73,,2373,,,0,33,,2374,,,0,61,,2375,,,0,18,,2376,,,0,28,,2377,,,0,63,,2378,,,0,23,,2379,,,0,63,,2380,,,0,23,,2381,,,0,23,,2382,,,0,63,,2383,,,0,23,,2384,,,0,23,,2385,,,0,63,,2386,,,0,23,,2387,,,0,62,,2388,,,0,23,,2389,,,0,23,,2390,,,0,65,,2391,,,0,35,,2392,,,0,70,,2393,,,0,30,,2394,,,0,70,,2395,,,0,30,,2396,,,0,70,,2397,,,0,30,,2398,,,0,70,,2399,,,0,81,,2400,,,0
1900,'2',604,,4760,,,0,30,,4759,,,0,73,,4761,,,0,12,,4762,,,0,27,,4763,,,0,67,,4764,,,0,27,,4765,,,0,69,,4766,,,0,25,,4767,,,0,67,,4768,,,0,27,,4769,,,0,27,,4770,,,0,67,,4771,,,0,27,,4772,,,0,67,,4773,,,0,27,,4774,,,0,67,,4775,,,0,27,,4776,,,0,64,,4777,,,0,27,,4778,,,0,27,,4779,,,0,71,,4780,,,0,27,,4781,,,0,70,,4782,,,0,28,,4783,,,0,69,,4784,,,0,28,,4785,,,0,68,,4786,,,0,28,,4787,,,0,68,,4788,,,0,24,,4789,,,0,67,,4790,,,0,27,,4791,,,0,27,,4792,,,0,67,,4793,,,0,27,,4794,,,0,87,,4795,,,0,67,,4796,,,0,36,,4758,0,41 3 53,0
1900,'3',805,,4809,,,0,32,,4810,,,0,72,,4799,,,0,32,,4800,,,0,73,,4801,,,0,32,,4802,,,0,72,,4803,,,0,32,,4804,,,0,72,,4805,,,0,32,,4806,,,0,72,,4807,,,0,32,,4808,,,0,70,,4811,,,0,27,,4812,,,0,64,,4813,,,0,27,,4814,,,0,67,,4815,,,0,27,,4816,,,0,67,,4817,,,0,27,,4818,,,0,67,,4819,,,0,39,,4820,,,0,72,,4821,,,0,32,,4822,,,0,72,,4823,,,0,32,,4824,,,0,71,,4825,,,0,35,,4826,,,0
1900,'30',805,,4834,,,0,35,,4844,,,0,75,,4830,,,0,35,,4831,,,0,75,,4845,,,0,75,,4832,,,0,35,,4833,,,0,79,,4835,,,0,40,,4836,,,0,80,,4846,,,0,80,,4837,,,0,40,,4838,,,0,80,,4839,,,0,80,,4840,,,0,40,,4847,,,0,75,,4841,,,0,75,,4842,,,0,35,,4848,,,0,75,,4843,,,0,35,,4849,,,0
1900,'4',805,,4855,,,0,35,,4865,,,0,75,,4851,,,0,35,,4852,,,0,75,,4866,,,0,75,,4853,,,0,35,,4854,,,0,79,,4856,,,0,40,,4857,,,0,80,,4867,,,0,80,,4858,,,0,40,,4859,,,0,80,,4860,,,0,80,,4861,,,0,40,,4868,,,0,75,,4862,,,0,75,,4863,,,0,35,,4869,,,0,75,,4864,,,0,35,,4870,,,0
2001,'2',633,,5178,,,0,80,,5179,,,0,15,,5183,,,0,15,,5208,,,0,15,,5209,,,0,55,,5210,,,0,15,,5211,,,0,15,,5212,,,0,15,,5213,,,0,55,,5214,,,0,15,,5215,,,0,15,,5216,,,0,15,,5217,,,0,55,,5218,,,0,13,,5219,,,0,15,,5220,,,0,15,,5221,,,0,55,,5222,,,0,15,,5223,,,0,15,,5224,,,0,15,,5225,,,0,55,,5226,,,0,15,,5227,,,0,15,,5228,,,0,15,,5229,,,0,55,,5230,,,0,15,,5231,,,0,15,,5232,,,0,15,,5233,,,0,55,,5234,,,0,15,,5235,,,0,15,,5236,,,0,15,,5237,,,0,55,,5238,,,0,15,,5239,,,0,15,,5240,,,0,15,,5241,,,0,56,,5242,,,0,15,,5243,,,0,20,,5184,,,0,10,,5185,,,0,55,,5186,,,0,15,,5187,,,0,15,,5188,,,0,15,,5189,,,0,53,,5190,,,0,16,,5191,,,0,20,,5192,,,0,64,,5193,,,0,20,,5194,,,0,20,,5195,,,0,65,,5196,,,0,20,,5197,,,0,71,,5198,,,0,32,,5199,,,0,66,,5200,,,0,26,,5201,,,0,26,,5202,,,0,66,,5203,,,0,26,,5204,,,0,57,,5206,,,0,27,,5207,,,0,70,,5205,,,0
2001,'3',632,,5244,,,0,75,,5246,,,0,28,,5247,,,0,75,,5248,,,0,28,,5249,,,0,62,,5250,,,0,30,,5251,,,0,26,,5252,,,0,66,,5253,,,0,23,,5254,,,0,60,,5255,,,0,20,,5256,,,0,20,,5257,,,0,60,,5258,,,0,20,,5259,,,0,23,,5260,,,0,60,,5261,,,0,20,,5262,,,0,20,,5263,,,0,60,,5264,,,0,20,,5265,,,0,16,,5266,,,0,60,,5267,,,0,20,,5268,,,0,20,,5269,,,0,60,,5270,,,0,20,,5271,,,0,20,,5272,,,0,60,,5273,,,0,20,,5274,,,0,20,,5275,,,0,60,,5276,,,0,18,,5277,,,0,20,,5278,,,0,67,,5279,,,0,27,,5280,,,0,67,,5281,,,0,27,,5282,,,0,27,,5283,,,0,66,,5284,,,0,27,,5285,,,0,67,,5286,,,0,27,,5287,,,0,67,,5288,,,0,22,,5289,,,0,72,,5290,,,0,25,,5291,,,0,72,,5245,,,0
2001,'30',656,,5292,,,0,80,,5294,,,0,81,,5295,,,0,29,,5296,,,0,65,,5297,,,0,20,,5298,,,0,26,,5299,,,0,71,,5300,,,0,26,,5301,,,0,66,,5302,,,0,26,,5303,,,0,66,,5304,,,0,27,,5305,,,0,66,,5306,,,0,26,,5307,,,0,26,,5308,,,0,66,,5309,,,0,26,,5310,,,0,66,,5311,,,0,26,,5312,,,0,66,,5313,,,0,26,,5314,,,0,26,,5315,,,0,65,,5316,,,0,26,,5317,,,0,66,,5318,,,0,26,,5319,,,0,65,,5320,,,0,25,,5321,,,0,25,,5322,,,0,65,,5323,,,0,25,,5324,,,0,65,,5325,,,0,25,,5326,,,0,65,,5327,,,0,26,,5328,,,0,75,,5293,,,0
2001,'4',656,,5329,,,0,80,,5331,,,0,81,,5332,,,0,29,,5333,,,0,65,,5334,,,0,20,,5335,,,0,26,,5336,,,0,71,,5337,,,0,26,,5338,,,0,66,,5339,,,0,26,,5340,,,0,66,,5341,,,0,27,,5342,,,0,66,,5343,,,0,26,,5344,,,0,26,,5345,,,0,66,,5346,,,0,26,,5347,,,0,66,,5348,,,0,26,,5349,,,0,66,,5350,,,0,26,,5351,,,0,26,,5352,,,0,65,,5353,,,0,26,,5354,,,0,66,,5355,,,0,26,,5356,,,0,65,,5357,,,0,25,,5358,,,0,25,,5359,,,0,65,,5360,,,0,25,,5361,,,0,65,,5362,,,0,25,,5363,,,0,65,,5364,,,0,26,,5365,,,0,75,,5330,,,0
