200,'2',622,,9042,0,10 22 27,0,30,,9041,0,10 22 27,0,57,,9079,0,10 23 20,0,30,,9080,0,10 23 20,0,70,,9081,0,10 23 20,0,30,,9082,0,10 23 20,0,70,,9083,0,10 23 20,0,30,,9084,0,10 23 20,0,70,,9085,0,10 23 20,0,30,,9086,0,10 23 20,0,70,,9087,0,10 23 20,0,30,,9088,0,10 23 20,0,73,,9089,0,10 23 20,0,27,,9090,0,10 23 20,0,70,,9091,0,10 23 20,0,30,,9092,0,10 23 20,0,72,,9093,0,10 23 20,0,30,,9094,0,10 23 20,0,68,,9095,0,10 23 20,0,29,,9096,0,10 23 20,0,74,,9097,0,10 23 20,0,34,,9098,0,10 23 20,0,70,,9099,0,10 23 20,0,28,,9100,0,10 23 20,0,70,,9101,0,10 23 20,0,28,,9102,0,10 23 20,0,67,,9103,0,10 23 20,0,30,,9104,0,10 23 20,0,70,,9105,0,10 23 20,0,30,,9106,0,10 23 20,0,70,,9107,0,10 23 20,0,35,,9108,0,10 23 20,0,80,,9109,0,10 23 20,0,80,,9110,0,10 23 20,0,37,,9111,0,10 23 20,0,72,,9112,0,10 23 20,0,35,,9113,0,10 23 20,0
200,'3',626,,9117,0,10 22 27,0,94,,9119,0,10 23 20,0,32,,9120,0,10 22 27,0,65,,9122,0,10 22 27,0,20,,9124,0,10 23 20,0,70,,9126,0,10 23 20,0,30,,9128,0,10 23 20,0,66,,9130,0,10 23 20,0,31,,9132,0,10 23 20,0,70,,9134,0,10 23 20,0,25,,9136,0,10 23 20,0,25,,9138,0,10 23 20,0,71,,9140,0,10 23 20,0,30,,9142,0,10 23 20,0,65,,9154,0,10 23 20,0,25,,9155,0,10 23 20,0,69,,9156,0,10 23 20,0,29,,9157,0,10 23 20,0,70,,9158,0,10 23 20,0,30,,9159,0,10 23 20,0,60,,9160,0,10 23 20,0,30,,9161,0,10 23 20,0,70,,9162,0,10 23 20,0,30,,9163,0,10 23 20,0,70,,9164,0,10 23 20,0,31,,9166,0,10 23 20,0,70,,9167,0,10 23 20,0,30,,9168,0,10 23 20,0,70,,9169,0,10 23 20,0,30,,9170,0,10 23 20,0,70,,9171,0,10 23 20,0,43,,9181,0,10 23 20,0,100,,9182,0,10 23 20,0,99,,9115,0,10 23 20,0,100,,9185,0,10 23 20,0
200,'30',656,,9192,0,10 22 27,0,96,,9193,0,10 23 20,0,100,,9194,0,10 23 20,0,95,,9197,0,10 23 20,0,90,,9198,0,10 23 20,0,90,,9199,0,10 23 20,0,26,,9203,0,10 23 20,0,67,,9200,0,10 23 20,0,30,,9216,0,10 23 20,0,70,,9217,0,10 23 20,0,30,,9218,0,10 23 20,0,70,,9219,0,10 23 20,0,30,,9220,0,10 23 20,0,70,,9221,0,10 23 20,0,30,,9222,0,10 23 20,0,70,,9223,0,10 23 20,0,30,,9224,0,10 23 20,0,70,,9225,0,10 23 20,0,30,,9226,0,10 23 20,0,66,,9227,0,10 23 20,0,90,,9236,0,10 23 20,0,50,,9237,0,10 23 20,0,90,,9238,0,10 23 20,0,90,,9239,0,10 23 20,0,90,,9240,0,10 23 20,0,95,,9189,0,10 23 20,0
200,'4',656,,9246,0,10 22 27,0,96,,9247,0,10 23 20,0,100,,9248,0,10 23 20,0,95,,9251,0,10 23 20,0,90,,9252,0,10 23 20,0,90,,9253,0,10 23 20,0,26,,9257,0,10 23 20,0,67,,9254,0,10 23 20,0,30,,9270,0,10 23 20,0,70,,9271,0,10 23 20,0,30,,9272,0,10 23 20,0,70,,9273,0,10 23 20,0,30,,9274,0,10 23 20,0,70,,9275,0,10 23 20,0,30,,9276,0,10 23 20,0,70,,9277,0,10 23 20,0,30,,9278,0,10 23 20,0,70,,9279,0,10 23 20,0,30,,9280,0,10 23 20,0,66,,9281,0,10 23 20,0,90,,9290,0,10 23 20,0,50,,9291,0,10 23 20,0,90,,9292,0,10 23 20,0,90,,9293,0,10 23 20,0,90,,9294,0,10 23 20,0,95,,9243,0,10 23 20,0
301,'2',615,,9644,,,0,97,,9645,,,0,30,,9646,,,0,73,,9647,,,0,27,,9648,,,0,70,,9649,,,0,28,,9650,,,0,70,,9651,,,0,30,,9652,,,0,70,,9653,,,0,30,,9654,,,0,70,,9655,,,0,32,,9656,,,0,70,,9657,,,0,30,,9658,,,0,71,,9659,,,0,33,,9660,,,0,70,,9661,,,0,30,,9662,,,0,70,,9663,,,0,30,,9664,,,0,70,,9665,,,0,30,,9666,,,0,69,,9667,,,0,26,,9668,,,0,68,,9672,,,0,30,,9673,,,0,70,,9674,,,0,30,,9675,,,0,70,,9676,,,0,28,,9677,,,0,66,,9678,,,0,30,,9679,,,0,70,,9680,,,0,30,,9681,,,0,19,,9669,,,0
301,'3',725,,9682,,,0,100,,9683,,,0,102,,9684,,,0,104,,9685,,,0,71,,9689,,,0,35,,9690,,,0,75,,9691,,,0,36,,9692,,,0,75,,9693,,,0,35,,9694,,,0,75,,9695,,,0,75,,9696,,,0,35,,9697,,,0,75,,9698,,,0,35,,9699,,,0,75,,9700,,,0,75,,9701,,,0,33,,9702,,,0,100,,9703,,,0,100,,9704,,,0,100,,9705,,,0,100,,9706,,,0,108,,9686,,,0
301,'30',944,,9707,,,0,87,,9708,,,0,87,,9709,,,0,88,,9710,,,0,48,,9711,,,0,87,,9712,,,0,87,,9713,,,0,87,,9714,,,0,87,,9715,,,0,47,,9716,,,0,86,,9717,,,0,87,,9718,,,0,87,,9719,,,0,107,,9720,,,0,100,,9721,,,0,99,,9722,,,0,100,,9723,,,0
301,'4',944,,9724,,,0,87,,9725,,,0,87,,9726,,,0,88,,9727,,,0,48,,9728,,,0,87,,9729,,,0,87,,9730,,,0,87,,9731,,,0,87,,9732,,,0,47,,9733,,,0,86,,9734,,,0,87,,9735,,,0,87,,9736,,,0,107,,9737,,,0,100,,9738,,,0,99,,9739,,,0,100,,9740,,,0
501,'2',654,,10191,0,10 23 20,0,74,,10192,0,13 36,0,30,,10193,0,10 23 20,0,70,,10194,0,13 36,0,72,,10195,0,10 23 20,0,26,,10205,0,13 36,0,30,,10196,0,10 23 20,0,70,,10206,0,13 36,0,30,,10197,0,10 23 20,0,70,,10207,0,13 36,0,30,,10198,0,10 23 20,0,72,,10208,0,13 36,0,30,,10199,0,10 23 20,0,70,,10209,0,13 36,0,30,,10200,0,10 23 20,0,74,,10210,0,13 36,0,70,,10201,0,10 23 20,0,30,,10211,0,13 36,0,70,,10202,0,10 23 20,0,30,,10212,0,13 36,0,70,,10203,0,10 23 20,0,30,,10213,0,13 36,0,72,,10204,0,10 23 20,0,26,,10214,0,13 36,0,70,,10215,0,10 23 20,0,38,,10220,0,10 23 20,0,70,,10221,0,10 23 20,0,30,,10222,0,10 23 20,0,70,,10223,0,10 23 20,0,26,,10224,0,10 23 20,0,69,,10225,0,10 23 20,0,30,,10226,0,10 23 20,0,24,,10227,0,10 23 20,0,71,,10228,0,10 23 20,0,98,,10229,0,10 23 20,0
501,'3',655,,10231,0,10 23 20,0,100,,10232,0,10 23 20,0,100,,10233,0,10 23 20,0,147,,10234,0,10 23 20,0,43,,10238,0,10 23 20,0,75,,10245,0,13 36,0,35,,10239,0,10 23 20,0,79,,10246,0,13 36,0,75,,10240,0,10 23 20,0,35,,10247,0,13 36,0,75,,10241,0,10 23 20,0,35,,10248,0,13 36,0,74,,10242,0,10 23 20,0,76,,10249,0,13 36,0,34,,10243,0,10 23 20,0,76,,10250,0,13 36,0,34,,10244,0,10 23 20,0,76,,10251,0,13 36,0,29,,10252,0,10 23 20,0,75,,10253,0,13 36,0,78,,10254,0,10 23 20,0,100,,10255,0,10 23 20,0,99,,10256,0,10 23 20,0,110,,10257,0,10 23 20,0,110,,10235,0,10 23 20,0
501,'30',921,,10259,0,10 23 20,0,87,,10260,0,10 23 20,0,47,,10261,0,10 23 20,0,87,,10262,0,10 23 20,0,89,,10263,0,10 23 20,0,87,,10264,0,10 23 20,0,87,,10265,0,10 23 20,0,47,,10266,0,10 23 20,0,87,,10267,0,10 23 20,0,87,,10268,0,10 23 20,0,86,,10269,0,10 23 20,0,47,,10270,0,10 23 20,0,87,,10271,0,10 23 20,0,100,,10272,0,10 23 20,0,100,,10273,0,10 23 20,0,95,,10274,0,10 23 20,0,92,,10275,0,10 23 20,0,88,,10276,0,10 23 20,0
501,'4',921,,10278,0,10 23 20,0,87,,10279,0,10 23 20,0,47,,10280,0,10 23 20,0,87,,10281,0,10 23 20,0,89,,10282,0,10 23 20,0,87,,10283,0,10 23 20,0,87,,10284,0,10 23 20,0,47,,10285,0,10 23 20,0,87,,10286,0,10 23 20,0,87,,10287,0,10 23 20,0,86,,10288,0,10 23 20,0,47,,10289,0,10 23 20,0,87,,10290,0,10 23 20,0,100,,10291,0,10 23 20,0,100,,10292,0,10 23 20,0,95,,10293,0,10 23 20,0,92,,10294,0,10 23 20,0,88,,10295,0,10 23 20,0
700,'2',555,,10592,,,0,46,,10592,,,0,21,,10593,,,0,6,,10593,,,0,19,,10594,,,0,6,,10594,,,0,55,,10595,,,0,8,,10595,,,0,26,,10596,,,0,8,,10596,,,0,52,,10597,,,0,8,,10597,,,0,12,,10598,,,0,8,,10598,,,0,12,,10599,,,0,8,,10599,,,0,52,,10600,,,0,8,,10600,,,0,10,,10601,,,0,8,,10601,,,0,17,,10602,,,0,8,,10602,,,0,62,,10603,,,0,8,,10603,,,0,22,,10604,,,0,8,,10604,,,0,57,,10605,,,0,8,,10605,,,0,22,,10606,,,0,8,,10606,,,0,62,,10607,,,0,8,,10607,,,0,23,,10608,,,0,8,,10608,,,0,62,,10609,,,0,8,,10609,,,0,22,,10610,,,0,8,,10610,,,0,53,,10611,,,0,6,,10611,,,0,4,,10612,,,0,8,,10612,,,0,17,,10613,,,0,8,,10613,,,0,12,,10614,,,0,48,,10614,,,0,12,,10615,,,0,8,,10615,,,0,12,,10616,,,0,8,,10616,,,0,12,,10617,,,0,48,,10617,,,0,12,,10618,,,0,8,,10618,,,0,13,,10619,,,0,8,,10619,,,0,12,,10620,,,0,48,,10620,,,0,12,,10621,,,0,8,,10621,,,0,17,,10622,,,0,8,,10622,,,0,2,,10623,,,0,47,,10623,,,0,16,,10624,,,0,7,,10624,,,0,15,,10625,,,0,7,,10625,,,0,58,,10626,,,0,7,,10626,,,0,18,,10627,,,0,7,,10627,,,0,18,,10628,,,0,47,,10628,,,0,18,,10629,,,0,7,,10629,,,0,18,,10630,,,0,7,,10630,,,0,58,,10631,,,0,6,,10631,,,0,29,,10632,,,0,6,,10632,,,0,64,,10633,,,0,6,,10633,,,0,24,,10634,,,0,6,,10634,,,0,64,,10635,,,0,6,,10635,,,0,24,,10636,,,0,6,,10636,,,0,61,,10637,,,0,6,,10637,,,0
700,'3',643,,10673,,,0,3,,10673,,,0,66,,10674,,,0,5,,10674,,,0,25,,10672,,,0,5,,10672,,,0,77,,10638,,,0,5,,10638,,,0,25,,10671,,,0,5,,10671,,,0,65,,10639,,,0,5,,10639,,,0,20,,10640,,,0,5,,10640,,,0,60,,10641,,,0,5,,10641,,,0,25,,10642,,,0,5,,10642,,,0,65,,10643,,,0,5,,10643,,,0,20,,10644,,,0,5,,10644,,,0,60,,10645,,,0,6,,10645,,,0,26,,10646,,,0,6,,10646,,,0,64,,10647,,,0,6,,10647,,,0,24,,10648,,,0,6,,10648,,,0,59,,10649,,,0,6,,10649,,,0,24,,10650,,,0,6,,10650,,,0,64,,10651,,,0,6,,10651,,,0,24,,10652,,,0,6,,10652,,,0,64,,10653,,,0,6,,10653,,,0,24,,10654,,,0,6,,10654,,,0,64,,10655,,,0,6,,10655,,,0,24,,10656,,,0,6,,10656,,,0,64,,10657,,,0,5,,10657,,,0,19,,10658,,,0,5,,10658,,,0,25,,10659,,,0,45,,10659,,,0,25,,10660,,,0,5,,10660,,,0,25,,10661,,,0,45,,10661,,,0,20,,10662,,,0,5,,10662,,,0,25,,10663,,,0,5,,10663,,,0,63,,10664,,,0,5,,10664,,,0,25,,10665,,,0,5,,10665,,,0,63,,10666,,,0,5,,10666,,,0,27,,10667,,,0,5,,10667,,,0,65,,10668,,,0,5,,10668,,,0,25,,10669,,,0,5,,10669,,,0,65,,10670,,,0,5,,10670,,,0
700,'30',855,,10675,,,0,48,,10675,,,0,16,,10676,,,0,5,,10676,,,0,16,,10677,,,0,8,,10677,,,0,56,,10678,,,0,5,,10678,,,0,25,,10679,,,0,5,,10679,,,0,65,,10680,,,0,5,,10680,,,0,20,,10681,,,0,5,,10681,,,0,20,,10682,,,0,5,,10682,,,0,65,,10683,,,0,5,,10683,,,0,25,,10684,,,0,5,,10684,,,0,65,,10685,,,0,5,,10685,,,0,20,,10686,,,0,5,,10686,,,0,65,,10687,,,0,5,,10687,,,0,25,,10688,,,0,5,,10688,,,0,65,,10689,,,0,5,,10689,,,0,20,,10690,,,0,5,,10690,,,0,65,,10691,,,0,5,,10691,,,0,25,,10692,,,0,5,,10692,,,0,57,,10693,,,0,5,,10693,,,0,22,,10694,,,0,5,,10694,,,0,65,,10695,,,0,5,,10695,,,0,25,,10696,,,0,5,,10696,,,0,65,,10697,,,0,5,,10697,,,0,25,,10698,,,0,5,,10698,,,0,65,,10699,,,0,5,,10699,,,0,25,,10700,,,0,5,,10700,,,0,65,,10701,,,0,5,,10701,,,0,25,,10702,,,0,5,,10702,,,0,65,,10703,,,0,5,,10703,,,0,24,,10705,,,0,5,,10705,,,0,80,,10704,,,0,5,,10704,,,0
700,'4',855,,10706,,,0,48,,10706,,,0,16,,10707,,,0,5,,10707,,,0,16,,10708,,,0,8,,10708,,,0,56,,10709,,,0,5,,10709,,,0,25,,10710,,,0,5,,10710,,,0,65,,10711,,,0,5,,10711,,,0,20,,10712,,,0,5,,10712,,,0,20,,10713,,,0,5,,10713,,,0,65,,10714,,,0,5,,10714,,,0,25,,10715,,,0,5,,10715,,,0,65,,10716,,,0,5,,10716,,,0,20,,10717,,,0,5,,10717,,,0,65,,10718,,,0,5,,10718,,,0,25,,10719,,,0,5,,10719,,,0,65,,10720,,,0,5,,10720,,,0,20,,10721,,,0,5,,10721,,,0,65,,10722,,,0,5,,10722,,,0,25,,10723,,,0,5,,10723,,,0,57,,10724,,,0,5,,10724,,,0,22,,10725,,,0,5,,10725,,,0,65,,10726,,,0,5,,10726,,,0,25,,10727,,,0,5,,10727,,,0,65,,10728,,,0,5,,10728,,,0,25,,10729,,,0,5,,10729,,,0,65,,10730,,,0,5,,10730,,,0,25,,10731,,,0,5,,10731,,,0,65,,10732,,,0,5,,10732,,,0,25,,10733,,,0,5,,10733,,,0,65,,10734,,,0,5,,10734,,,0,24,,10736,,,0,5,,10736,,,0,80,,10735,,,0,5,,10735,,,0
3501,'2',712,,15508,,,0,27,,15480,,,0,70,,15481,,,0,30,,15482,,,0,70,,15483,,,0,30,,15484,,,0,70,,15485,,,0,30,,15486,,,0,70,,15487,,,0,30,,15488,,,0,70,,15489,,,0,30,,15490,,,0,70,,15491,,,0,30,,15492,,,0,71,,15493,,,0,30,,15494,,,0,70,,15495,,,0,30,,15496,,,0,70,,15497,,,0,30,,15498,,,0,70,,15499,,,0,30,,15500,,,0,68,,15501,,,0,28,,15502,,,0,68,,15503,,,0,28,,15504,,,0,68,,15505,,,0,28,,15506,,,0,27,,15507,,,0
3501,'3',811,,15509,,,0,28,,15510,,,0,68,,15511,,,0,28,,15512,,,0,68,,15513,,,0,28,,15514,,,0,28,,15515,,,0,68,,15516,,,0,28,,15517,,,0,70,,15518,,,0,30,,15519,,,0,70,,15520,,,0,30,,15521,,,0,70,,15522,,,0,28,,15523,,,0,70,,15524,,,0,28,,15525,,,0,70,,15526,,,0,28,,15527,,,0,70,,15528,,,0,28,,15529,,,0,69,,15530,,,0,27,,15531,,,0,67,,15532,,,0,27,,15533,,,0,67,,15534,,,0
3501,'30',1211,,15549,,,0,24,,15548,,,0,67,,15547,,,0,27,,15546,,,0,27,,15545,,,0,67,,15544,,,0,27,,15543,,,0,70,,15542,,,0,30,,15541,,,0,70,,15540,,,0,27,,15539,,,0,68,,15538,,,0,28,,15537,,,0,68,,15536,,,0,28,,15535,,,0,67,,15550,,,0
3501,'4',1211,,15565,,,0,24,,15564,,,0,67,,15563,,,0,27,,15562,,,0,27,,15561,,,0,67,,15560,,,0,27,,15559,,,0,70,,15558,,,0,30,,15557,,,0,70,,15556,,,0,27,,15555,,,0,68,,15554,,,0,28,,15553,,,0,68,,15552,,,0,28,,15551,,,0,67,,15566,,,0
