2500,'2',629,,5544,29,4,,0,22,,5545,29,4,,0,68,,5546,29,4,,0,28,,5547,29,4,,0,66,,5548,29,4,,0,20,,5549,29,4,,0,20,,5550,29,4,,0,60,,5551,29,4,,0,20,,5552,29,4,,0,20,,5553,29,4,,0,60,,5554,29,4,,0,20,,5555,29,4,,0,20,,5556,29,4,,0,60,,5557,29,4,,0,20,,5558,29,4,,0,20,,5559,29,4,,0,60,,5560,29,4,,0,20,,5561,29,4,,0,20,,5562,29,4,,0,60,,5563,29,4,,0,20,,5564,29,4,,0,20,,5565,29,4,,0,60,,5566,29,4,,0,25,,5567,29,4,,0,20,,5568,29,4,,0,60,,5569,29,4,,0,20,,5570,29,4,,0,20,,5571,29,4,,0,60,,5572,29,4,,0,22,,5573,29,4,,0,61,,5574,29,4,,0,21,,5575,29,4,,0,21,,5576,29,4,,0,61,,5577,29,4,,0,21,,5578,29,4,,0,14,,5579,29,4,,0,20,,5580,29,4,,0,60,,5581,29,4,,0,20,,5582,29,4,,0,20,,5583,29,4,,0,60,,5584,29,4,,0,20,,5585,29,4,,0,14,,5586,29,4,,0,60,,5587,29,4,,0,19,,5588,29,4,,0,25,,5589,29,4,,0,65,,5590,29,4,,0,25,,5591,29,4,,0,65,,5592,29,4,,0,25,,5593,29,4,,0,65,,5594,29,4,,0
2500,'3',645,,5595,29,4,,0,63,,5626,29,4,,0,24,,5596,29,4,,0,25,,5627,29,4,,0,66,,5597,29,4,,0,24,,5598,29,4,,0,67,,5599,29,4,,0,26,,5600,29,4,,0,70,,5601,29,4,,0,23,,5602,29,4,,0,70,,5603,29,4,,0,27,,5604,29,4,,0,70,,5605,29,4,,0,28,,5606,29,4,,0,25,,5607,29,4,,0,70,,5608,29,4,,0,25,,5609,29,4,,0,70,,5610,29,4,,0,27,,5611,29,4,,0,70,,5612,29,4,,0,30,,5613,29,4,,0,70,,5614,29,4,,0,30,,5615,29,4,,0,70,,5616,29,4,,0,30,,5617,29,4,,0,69,,5618,29,4,,0,28,,5619,29,4,,0,70,,5620,29,4,,0,30,,5621,29,4,,0,68,,5628,29,4,,0,27,,5622,29,4,,0,68,,5629,29,4,,0,25,,5623,29,4,,0,25,,5630,29,4,,0,65,,5624,29,4,,0,25,,5631,29,4,,0,65,,5625,29,4,,0
2500,'30',907,,5640,29,4,,0,25,,5647,29,4,,0,70,,5648,29,4,,0,30,,5649,29,4,,0,70,,5650,29,4,,0,30,,5651,29,4,,0,70,,5652,29,4,,0,30,,5653,29,4,,0,70,,5654,29,4,,0,30,,5655,29,4,,0,70,,5656,29,4,,0,30,,5657,29,4,,0,70,,5641,29,4,,0,30,,5639,29,4,,0,27,,5643,29,4,,0,67,,5638,29,4,,0,27,,5642,29,4,,0,67,,5637,29,4,,0,22,,5644,29,4,,0,67,,5636,29,4,,0,27,,5645,29,4,,0,64,,5646,29,4,,0,30,,5635,29,4,,0,28,,5658,29,4,,0,70,,5634,29,4,,0,73,,5659,29,4,,0,30,,5633,29,4,,0,70,,5660,29,4,,0,25,,5632,29,4,,0,30,,5661,29,4,,0
2500,'4',907,,5670,29,4,,0,25,,5677,29,4,,0,70,,5678,29,4,,0,30,,5679,29,4,,0,70,,5680,29,4,,0,30,,5681,29,4,,0,70,,5682,29,4,,0,30,,5683,29,4,,0,70,,5684,29,4,,0,30,,5685,29,4,,0,70,,5686,29,4,,0,30,,5687,29,4,,0,70,,5671,29,4,,0,30,,5669,29,4,,0,27,,5673,29,4,,0,67,,5668,29,4,,0,27,,5672,29,4,,0,67,,5667,29,4,,0,22,,5674,29,4,,0,67,,5666,29,4,,0,27,,5675,29,4,,0,64,,5676,29,4,,0,30,,5665,29,4,,0,28,,5688,29,4,,0,70,,5664,29,4,,0,73,,5689,29,4,,0,30,,5663,29,4,,0,70,,5690,29,4,,0,25,,5662,29,4,,0,30,,5691,29,4,,0
2501,'2',606,,5692,1,,,0,24,,5693,1,,,0,70,,5694,1,,,0,20,,5695,1,,,0,20,,5696,1,,,0,60,,5697,1,,,0,20,,5698,1,,,0,20,,5699,1,,,0,60,,5700,1,,,0,20,,5701,1,,,0,20,,5702,1,,,0,60,,5703,1,,,0,20,,5704,1,,,0,20,,5705,1,,,0,60,,5706,1,,,0,20,,5707,1,,,0,20,,5708,1,,,0,60,,5709,1,,,0,20,,5710,1,,,0,20,,5711,1,,,0,60,,5712,1,,,0,20,,5713,1,,,0,20,,5714,1,,,0,60,,5715,1,,,0,20,,5716,1,,,0,20,,5717,1,,,0,60,,5718,1,,,0,20,,5719,1,,,0,20,,5720,1,,,0,61,,5721,1,,,0,21,,5722,1,,,0,21,,5723,1,,,0,61,,5724,1,,,0,21,,5725,1,,,0,21,,5726,1,,,0,60,,5727,1,,,0,20,,5728,1,,,0,20,,5729,1,,,0,60,,5730,1,,,0,20,,5731,1,,,0,20,,5732,1,,,0,60,,5733,1,,,0,20,,5734,1,,,0,20,,5735,1,,,0,70,,5736,1,,,0,24,,5737,1,,,0,65,,5738,1,,,0,25,,5739,1,,,0,25,,5740,1,,,0,65,,5741,1,,,0,21,,5742,1,,,0
2501,'3',620,,5776,1,,,0,25,,5743,1,,,0,66,,5775,1,,,0,25,,5744,1,,,0,65,,5774,1,,,0,26,,5745,1,,,0,27,,5746,1,,,0,67,,5747,1,,,0,25,,5748,1,,,0,70,,5749,1,,,0,25,,5750,1,,,0,70,,5751,1,,,0,24,,5752,1,,,0,66,,5753,1,,,0,30,,5754,1,,,0,25,,5755,1,,,0,70,,5756,1,,,0,26,,5757,1,,,0,69,,5758,1,,,0,30,,5759,1,,,0,70,,5760,1,,,0,30,,5761,1,,,0,70,,5762,1,,,0,30,,5763,1,,,0,70,,5764,1,,,0,30,,5765,1,,,0,70,,5766,1,,,0,30,,5767,1,,,0,64,,5773,1,,,0,31,,5768,1,,,0,67,,5777,1,,,0,29,,5769,1,,,0,67,,5778,1,,,0,27,,5770,1,,,0,65,,5779,1,,,0,25,,5771,1,,,0,25,,5780,1,,,0,62,,5772,1,,,0
2501,'30',910,,5788,1,,,0,35,,5797,1,,,0,65,,5798,1,,,0,30,,5799,1,,,0,70,,5800,1,,,0,30,,5801,1,,,0,70,,5802,1,,,0,30,,5803,1,,,0,70,,5804,1,,,0,30,,5805,1,,,0,70,,5806,1,,,0,30,,5807,1,,,0,68,,5789,1,,,0,27,,5787,1,,,0,67,,5790,1,,,0,27,,5786,1,,,0,27,,5791,1,,,0,67,,5785,1,,,0,27,,5792,1,,,0,67,,5784,1,,,0,27,,5793,1,,,0,65,,5796,1,,,0,30,,5794,1,,,0,70,,5808,1,,,0,30,,5783,1,,,0,72,,5809,1,,,0,31,,5782,1,,,0,69,,5810,1,,,0,15,,5781,1,,,0,82,,5795,1,,,0
2501,'4',910,,5818,1,,,0,35,,5827,1,,,0,65,,5828,1,,,0,30,,5829,1,,,0,70,,5830,1,,,0,30,,5831,1,,,0,70,,5832,1,,,0,30,,5833,1,,,0,70,,5834,1,,,0,30,,5835,1,,,0,70,,5836,1,,,0,30,,5837,1,,,0,68,,5819,1,,,0,27,,5817,1,,,0,67,,5820,1,,,0,27,,5816,1,,,0,27,,5821,1,,,0,67,,5815,1,,,0,27,,5822,1,,,0,67,,5814,1,,,0,27,,5823,1,,,0,65,,5826,1,,,0,30,,5824,1,,,0,70,,5838,1,,,0,30,,5813,1,,,0,72,,5839,1,,,0,31,,5812,1,,,0,69,,5840,1,,,0,15,,5811,1,,,0,82,,5825,1,,,0
3400,'2',600,,6561,1,0,14,0,40,,6562,1,0,14,0,70,,6577,1,0,14,0,40,,6572,1,0,14,0,82,,6571,1,0,14,0,83,,6573,1,0,14,0,40,,6563,1,0,14,0,80,,6564,1,0,14,0,80,,6565,1,0,14,0,85,,6566,1,0,14,0,40,,6567,1,0,14,0,80,,6568,1,0,14,0,80,,6569,1,0,14,0,40,,6570,1,0,14,0,80,,6578,1,0,14,0,80,,6579,1,0,14,0,40,,6580,1,0,14,0,80,,6581,1,0,14,0,80,,6582,1,0,14,0,40,,6583,1,0,14,0,80,,6589,1,0,14,0,80,,6584,1,0,14,0,40,,6585,1,0,14,0,80,,6586,1,0,14,0,80,,6588,1,0,14,0,40,,6587,1,0,14,0,80,,6574,1,0,14,0,31,,6576,1,0,49 3 40 50 51,0,80,,6575,1,0,49 3 40 50 51,0
3400,'3',750,,6599,1,0,14,0,80,,6597,1,0,14,0,80,,6598,1,0,14,0,40,,6590,1,0,14,0,80,,6591,1,0,14,0,80,,6592,1,0,14,0,40,,6593,1,0,14,0,80,,6594,1,0,14,0,80,,6595,1,0,14,0,40,,6596,1,0,14,0,80,,6600,1,0,14,0,80,,6601,1,0,14,0,40,,6602,1,0,14,0,80,,6603,1,0,14,0,80,,6604,1,0,14,0,40,,6605,1,0,14,0,80,,6606,1,0,14,0,80,,6607,1,0,14,0,40,,6608,1,0,14,0,80,,6609,1,0,14,0,80,,6610,1,0,14,0,40,,6611,1,0,14,0,80,,6612,1,0,14,0
3400,'30',1000,,6613,1,0,14,0,40,,6614,1,0,14,0,80,,6615,1,0,14,0,80,,6616,1,0,14,0,40,,6617,1,0,14,0,80,,6618,1,0,14,0,80,,6619,1,0,14,0,40,,6620,1,0,14,0,80,,6621,1,0,14,0,80,,6622,1,0,14,0,40,,6623,1,0,14,0,80,,6624,1,0,14,0,80,,6625,1,0,14,0,40,,6626,1,0,14,0,80,,6627,1,0,14,0,80,,6628,1,0,14,0,40,,6629,1,0,14,0
3400,'4',1000,,6630,1,0,14,0,40,,6631,1,0,14,0,80,,6632,1,0,14,0,80,,6633,1,0,14,0,40,,6634,1,0,14,0,80,,6635,1,0,14,0,80,,6636,1,0,14,0,40,,6637,1,0,14,0,80,,6638,1,0,14,0,80,,6639,1,0,14,0,40,,6640,1,0,14,0,80,,6641,1,0,14,0,80,,6642,1,0,14,0,40,,6643,1,0,14,0,80,,6644,1,0,14,0,80,,6645,1,0,14,0,40,,6646,1,0,14,0
3401,'2',625,,6661,56,4,,0,83,,6664,56,4,,0,34,,6647,56,4,,0,86,,6648,56,4,,0,82,,6650,56,4,,0,42,,6649,56,4,,0,81,,6651,56,4,,0,80,,6652,56,4,,0,45,,6653,56,4,,0,80,,6654,56,4,,0,80,,6655,56,4,,0,40,,6656,56,4,,0,78,,6657,56,4,,0,82,,6658,56,4,,0,40,,6659,56,4,,0,80,,6660,56,4,,0,79,,6665,56,4,,0,40,,6666,56,4,,0,80,,6667,56,4,,0,74,,6668,56,4,,0,42,,6669,56,4,,0,80,,6670,56,4,,0,80,,6674,56,4,,0,36,,6671,56,4,,0,82,,6672,56,4,,0,80,,6662,56,4,,0,40,,6663,56,4,,0,80,,6673,56,4,,0
3401,'3',853,,6675,56,4,,0,76,,6685,56,4,,0,81,,6684,56,4,,0,40,,6676,56,4,,0,85,,6677,56,4,,0,85,,6678,56,4,,0,81,,6679,56,4,,0,40,,6680,56,4,,0,80,,6681,56,4,,0,80,,6682,56,4,,0,40,,6683,56,4,,0,80,,6686,56,4,,0,80,,6687,56,4,,0,40,,6688,56,4,,0,78,,6689,56,4,,0,40,,6690,56,4,,0,80,,6691,56,4,,0,79,,6692,56,4,,0,40,,6693,56,4,,0,79,,6694,56,4,,0,80,,6695,56,4,,0,40,,6696,56,4,,0,80,,6697,56,4,,0
3401,'30',1150,,6698,56,4,,0,80,,6699,56,4,,0,80,,6700,56,4,,0,40,,6701,56,4,,0,80,,6702,56,4,,0,80,,6703,56,4,,0,40,,6704,56,4,,0,80,,6705,56,4,,0,78,,6706,56,4,,0,40,,6707,56,4,,0,80,,6708,56,4,,0,80,,6709,56,4,,0,40,,6710,56,4,,0,80,,6711,56,4,,0,80,,6712,56,4,,0
3401,'4',1150,,6713,56,4,,0,80,,6714,56,4,,0,80,,6715,56,4,,0,40,,6716,56,4,,0,80,,6717,56,4,,0,80,,6718,56,4,,0,40,,6719,56,4,,0,80,,6720,56,4,,0,78,,6721,56,4,,0,40,,6722,56,4,,0,80,,6723,56,4,,0,80,,6724,56,4,,0,40,,6725,56,4,,0,80,,6726,56,4,,0,80,,6727,56,4,,0
