200,'2',624,,377,16,0,10 22 27,0,30,,376,16,0,10 22 27,0,66,,414,53,0,10 23 20,0,30,,415,53,0,10 23 20,0,70,,416,53,0,10 23 20,0,30,,417,53,0,10 23 20,0,71,,418,53,0,10 23 20,0,30,,419,53,0,10 23 20,0,70,,420,53,0,10 23 20,0,30,,421,53,0,10 23 20,0,70,,422,53,0,10 23 20,0,30,,423,53,0,10 23 20,0,72,,424,53,0,10 23 20,0,27,,425,53,0,10 23 20,0,70,,426,53,0,10 23 20,0,30,,427,53,0,10 23 20,0,69,,428,53,0,10 23 20,0,30,,429,53,0,10 23 20,0,68,,430,53,0,10 23 20,0,29,,431,53,0,10 23 20,0,74,,432,53,0,10 23 20,0,34,,433,53,0,10 23 20,0,70,,434,53,0,10 23 20,0,28,,435,53,0,10 23 20,0,70,,436,53,0,10 23 20,0,26,,437,53,0,10 23 20,0,67,,438,53,0,10 23 20,0,30,,439,53,0,10 23 20,0,70,,440,53,0,10 23 20,0,30,,441,53,0,10 23 20,0,70,,442,53,0,10 23 20,0,39,,443,53,0,10 23 20,0,80,,444,53,0,10 23 20,0,77,,445,53,0,10 23 20,0,44,,446,53,0,10 23 20,0,60,,447,53,0,10 23 20,0,35,,448,53,0,10 23 20,0
200,'3',628,,452,16,0,10 22 27,0,99,,454,53,0,10 23 20,0,27,,455,16,0,10 22 27,0,65,,457,16,0,10 22 27,0,25,,459,53,0,10 23 20,0,70,,461,53,0,10 23 20,0,27,,463,53,0,10 23 20,0,70,,465,53,0,10 23 20,0,30,,467,53,0,10 23 20,0,70,,469,53,0,10 23 20,0,26,,471,53,0,10 23 20,0,65,,473,53,0,10 23 20,0,30,,475,53,0,10 23 20,0,70,,477,53,0,10 23 20,0,30,,489,53,0,10 23 20,0,25,,490,53,0,10 23 20,0,65,,491,53,0,10 23 20,0,30,,492,53,0,10 23 20,0,70,,493,53,0,10 23 20,0,30,,494,53,0,10 23 20,0,65,,495,53,0,10 23 20,0,30,,496,53,0,10 23 20,0,65,,497,53,0,10 23 20,0,33,,498,53,0,10 23 20,0,65,,499,53,0,10 23 20,0,30,,501,53,0,10 23 20,0,70,,502,53,0,10 23 20,0,30,,503,53,0,10 23 20,0,70,,504,53,0,10 23 20,0,41,,505,53,0,10 23 20,0,56,,506,53,0,10 23 20,0,44,,516,53,0,10 23 20,0,99,,517,53,0,10 23 20,0,101,,450,53,0,10 23 20,0,149,,520,53,0,10 23 20,0
200,'30',657,,527,16,0,10 22 27,0,99,,528,53,0,10 23 20,0,145,,529,53,0,10 23 20,0,50,,532,53,0,10 23 20,0,90,,533,53,0,10 23 20,0,90,,534,53,0,10 23 20,0,69,,538,53,0,10 23 20,0,30,,535,53,0,10 23 20,0,70,,551,53,0,10 23 20,0,30,,552,53,0,10 23 20,0,70,,553,53,0,10 23 20,0,30,,554,53,0,10 23 20,0,70,,555,53,0,10 23 20,0,30,,556,53,0,10 23 20,0,70,,557,53,0,10 23 20,0,30,,558,53,0,10 23 20,0,70,,559,53,0,10 23 20,0,33,,560,53,0,10 23 20,0,20,,561,53,0,10 23 20,0,70,,562,53,0,10 23 20,0,90,,571,53,0,10 23 20,0,91,,572,53,0,10 23 20,0,49,,573,53,0,10 23 20,0,90,,574,53,0,10 23 20,0,85,,575,53,0,10 23 20,0,99,,524,53,0,10 23 20,0
200,'4',657,,581,16,0,10 22 27,0,99,,582,53,0,10 23 20,0,145,,583,53,0,10 23 20,0,50,,586,53,0,10 23 20,0,90,,587,53,0,10 23 20,0,90,,588,53,0,10 23 20,0,69,,592,53,0,10 23 20,0,30,,589,53,0,10 23 20,0,70,,605,53,0,10 23 20,0,30,,606,53,0,10 23 20,0,70,,607,53,0,10 23 20,0,30,,608,53,0,10 23 20,0,70,,609,53,0,10 23 20,0,30,,610,53,0,10 23 20,0,70,,611,53,0,10 23 20,0,30,,612,53,0,10 23 20,0,70,,613,53,0,10 23 20,0,33,,614,53,0,10 23 20,0,20,,615,53,0,10 23 20,0,70,,616,53,0,10 23 20,0,90,,625,53,0,10 23 20,0,91,,626,53,0,10 23 20,0,49,,627,53,0,10 23 20,0,90,,628,53,0,10 23 20,0,85,,629,53,0,10 23 20,0,99,,578,53,0,10 23 20,0
300,'2',617,,887,2,,,0,23,,888,2,,,0,73,,889,2,,,0,27,,890,2,,,0,70,,891,2,,,0,31,,892,2,,,0,70,,893,2,,,0,30,,894,2,,,0,70,,895,2,,,0,30,,896,2,,,0,70,,897,2,,,0,29,,898,2,,,0,69,,899,2,,,0,30,,900,2,,,0,70,,901,2,,,0,29,,902,2,,,0,69,,903,2,,,0,30,,904,2,,,0,70,,905,2,,,0,29,,906,2,,,0,70,,907,2,,,0,30,,908,2,,,0,70,,909,2,,,0,34,,910,2,,,0,70,,912,2,,,0,30,,913,2,,,0,70,,914,2,,,0,30,,915,2,,,0,70,,916,2,,,0,30,,917,2,,,0,70,,918,2,,,0,30,,919,2,,,0,70,,920,2,,,0,30,,921,2,,,0,19,,911,2,,,0
300,'3',632,,922,2,,,0,100,,923,2,,,0,100,,924,2,,,0,100,,925,2,,,0,72,,927,2,,,0,35,,928,2,,,0,75,,929,2,,,0,36,,930,2,,,0,75,,931,2,,,0,75,,932,2,,,0,34,,933,2,,,0,75,,934,2,,,0,35,,935,2,,,0,75,,936,2,,,0,35,,937,2,,,0,75,,938,2,,,0,75,,939,2,,,0,38,,940,2,,,0,100,,941,2,,,0,100,,942,2,,,0,102,,943,2,,,0,100,,944,2,,,0,108,,926,2,,,0
300,'30',849,,945,2,,,0,87,,946,2,,,0,87,,947,2,,,0,87,,948,2,,,0,46,,949,2,,,0,87,,950,2,,,0,87,,951,2,,,0,87,,952,2,,,0,87,,953,2,,,0,47,,954,2,,,0,88,,955,2,,,0,89,,956,2,,,0,87,,957,2,,,0,107,,958,2,,,0,100,,959,2,,,0,100,,960,2,,,0,103,,961,2,,,0
300,'4',849,,962,2,,,0,87,,963,2,,,0,87,,964,2,,,0,87,,965,2,,,0,46,,966,2,,,0,87,,967,2,,,0,87,,968,2,,,0,87,,969,2,,,0,87,,970,2,,,0,47,,971,2,,,0,88,,972,2,,,0,89,,973,2,,,0,87,,974,2,,,0,107,,975,2,,,0,100,,976,2,,,0,100,,977,2,,,0,103,,978,2,,,0
500,'2',557,,1425,2,0,13 31,0,76,,1427,2,0,10 31,0,24,,1428,2,0,13 31,0,70,,1439,2,0,10 31,0,30,,1429,2,0,13 31,0,70,,1440,2,0,10 31,0,30,,1430,2,0,13 31,0,70,,1441,2,0,10 31,0,30,,1431,2,0,13 31,0,70,,1442,2,0,10 31,0,30,,1432,2,0,13 31,0,70,,1443,2,0,10 31,0,29,,1433,2,0,13 31,0,70,,1444,2,0,10 31,0,30,,1434,2,0,13 31,0,70,,1445,2,0,10 31,0,30,,1435,2,0,13 31,0,70,,1446,2,0,10 31,0,30,,1436,2,0,13 31,0,70,,1447,2,0,10 31,0,30,,1437,2,0,13 31,0,70,,1448,2,0,10 31,0,30,,1438,2,0,13 31,0,70,,1449,2,0,10 31,0,24,,1450,2,0,13 31,0,70,,1453,2,0,10 31,0,30,,1454,2,0,10 31,0,70,,1455,2,0,10 31,0,30,,1456,2,0,10 31,0,70,,1457,2,0,10 31,0,30,,1458,2,0,10 31,0,70,,1459,2,0,10 31,0,30,,1460,2,0,10 31,0,65,,1461,2,0,10 31,0,28,,1462,2,0,10 31,0,88,,1451,2,0,10 31,0
500,'3',603,,1463,2,0,10 31,0,100,,1464,2,0,10 31,0,99,,1465,2,0,10 31,0,100,,1466,2,0,10 31,0,45,,1467,2,0,13 31,0,75,,1474,2,0,10 31,0,35,,1468,2,0,13 31,0,75,,1475,2,0,10 31,0,75,,1469,2,0,13 31,0,35,,1476,2,0,10 31,0,75,,1470,2,0,13 31,0,35,,1477,2,0,10 31,0,75,,1471,2,0,13 31,0,75,,1478,2,0,10 31,0,35,,1472,2,0,13 31,0,75,,1479,2,0,10 31,0,35,,1473,2,0,13 31,0,75,,1480,2,0,10 31,0,82,,1481,2,0,13 31,0,34,,1487,2,0,10 31,0,75,,1482,2,0,10 31,0,100,,1483,2,0,10 31,0,101,,1484,2,0,10 31,0,110,,1485,2,0,10 31,0,110,,1486,2,0,10 31,0
500,'30',829,,1489,2,0,10 31,0,84,,1490,2,0,10 31,0,87,,1491,2,0,10 31,0,47,,1492,2,0,10 31,0,87,,1493,2,0,10 31,0,87,,1494,2,0,10 31,0,87,,1495,2,0,10 31,0,47,,1496,2,0,10 31,0,87,,1497,2,0,10 31,0,87,,1498,2,0,10 31,0,87,,1499,2,0,10 31,0,88,,1500,2,0,10 31,0,47,,1501,2,0,10 31,0,100,,1502,2,0,10 31,0,100,,1503,2,0,10 31,0,100,,1504,2,0,10 31,0,94,,1505,2,0,10 31,0,92,,1506,2,0,10 31,0
500,'4',829,,1508,2,0,10 31,0,84,,1509,2,0,10 31,0,87,,1510,2,0,10 31,0,47,,1511,2,0,10 31,0,87,,1512,2,0,10 31,0,87,,1513,2,0,10 31,0,87,,1514,2,0,10 31,0,47,,1515,2,0,10 31,0,87,,1516,2,0,10 31,0,87,,1517,2,0,10 31,0,87,,1518,2,0,10 31,0,88,,1519,2,0,10 31,0,47,,1520,2,0,10 31,0,100,,1521,2,0,10 31,0,100,,1522,2,0,10 31,0,100,,1523,2,0,10 31,0,94,,1524,2,0,10 31,0,92,,1525,2,0,10 31,0
701,'2',603,,2072,2,,,0,27,,2073,2,,,0,29,,2074,2,,,0,63,,2075,2,,,0,22,,2076,2,,,0,60,,2077,2,,,0,20,,2078,2,,,0,21,,2079,2,,,0,7,,2118,2,0,32 3 21,0,64,,2080,2,,,0,15,,2081,2,,,0,70,,2082,2,,,0,30,,2083,2,,,0,70,,2084,2,,,0,30,,2085,2,,,0,70,,2086,2,,,0,30,,2087,2,,,0,70,,2088,2,,,0,30,,2089,2,,,0,24,,2090,2,,,0,60,,2091,2,,,0,20,,2092,2,,,0,20,,2093,2,,,0,60,,2094,2,,,0,20,,2095,2,,,0,19,,2096,2,,,0,60,,2097,2,,,0,20,,2098,2,,,0,20,,2099,2,,,0,60,,2100,2,,,0,21,,2101,2,,,0,67,,2114,2,0,32 3 21,0,2,,2102,2,,,0,25,,2103,2,,,0,25,,2104,2,,,0,65,,2105,2,,,0,25,,2106,2,,,0,70,,2107,2,,,0,13,,2115,2,0,32 3 21,0,30,,2108,2,,,0,70,,2109,2,,,0,30,,2110,2,,,0,70,,2111,2,,,0,30,,2112,2,,,0,70,,2113,2,,,0,24,,2116,2,0,32 3 21,0,67,,2117,2,0,32 3 21,0
701,'3',611,,2156,2,,,0,36,,2157,2,,,0,71,,2155,2,,,0,30,,2119,2,,,0,70,,2120,2,,,0,25,,2121,2,,,0,70,,2122,2,,,0,30,,2123,2,,,0,64,,2124,2,,,0,25,,2125,2,,,0,70,,2126,2,,,0,30,,2127,2,,,0,26,,2128,2,,,0,65,,2129,2,,,0,30,,2130,2,,,0,70,,2131,2,,,0,30,,2132,2,,,0,70,,2133,2,,,0,30,,2134,2,,,0,70,,2135,2,,,0,30,,2136,2,,,0,70,,2137,2,,,0,30,,2138,2,,,0,70,,2139,2,,,0,29,,2140,2,,,0,70,,2141,2,,,0,25,,2142,2,,,0,65,,2143,2,,,0,30,,2144,2,,,0,65,,2145,2,,,0,22,,2146,2,,,0,74,,2147,2,,,0,30,,2148,2,,,0,70,,2149,2,,,0,30,,2150,2,,,0,70,,2151,2,,,0,30,,2152,2,,,0,22,,2153,2,0,32 3 21,0,70,,2154,2,0,32 3 21,0
701,'30',840,,2158,2,,,0,65,,2159,2,,,0,35,,2160,2,,,0,60,,2161,2,,,0,25,,2162,2,,,0,30,,2163,2,,,0,70,,2164,2,,,0,24,,2165,2,,,0,65,,2166,2,,,0,30,,2167,2,,,0,70,,2168,2,,,0,30,,2169,2,,,0,65,,2170,2,,,0,30,,2171,2,,,0,70,,2172,2,,,0,30,,2173,2,,,0,70,,2174,2,,,0,30,,2175,2,,,0,73,,2176,2,,,0,1,,2179,2,0,32 3 21,0,29,,2177,2,,,0,70,,2178,2,,,0,30,,2180,2,,,0,70,,2181,2,,,0,30,,2182,2,,,0,70,,2183,2,,,0,30,,2184,2,,,0,70,,2185,2,,,0,30,,2188,2,,,0,70,,2189,2,,,0,30,,2186,2,,,0,81,,2187,2,0,32 3 21,0
701,'4',840,,2190,2,,,0,65,,2191,2,,,0,35,,2192,2,,,0,60,,2193,2,,,0,25,,2194,2,,,0,30,,2195,2,,,0,70,,2196,2,,,0,24,,2197,2,,,0,65,,2198,2,,,0,30,,2199,2,,,0,70,,2200,2,,,0,30,,2201,2,,,0,65,,2202,2,,,0,30,,2203,2,,,0,70,,2204,2,,,0,30,,2205,2,,,0,70,,2206,2,,,0,30,,2207,2,,,0,73,,2208,2,,,0,1,,2211,2,0,32 3 21,0,29,,2209,2,,,0,70,,2210,2,,,0,30,,2212,2,,,0,70,,2213,2,,,0,30,,2214,2,,,0,70,,2215,2,,,0,30,,2216,2,,,0,70,,2217,2,,,0,30,,2220,2,,,0,70,,2221,2,,,0,30,,2218,2,,,0,81,,2219,2,0,32 3 21,0
3500,'2',717,,6729,2,,,0,30,,6730,2,,,0,70,,6731,2,,,0,30,,6732,2,,,0,70,,6733,2,,,0,30,,6734,2,,,0,70,,6735,2,,,0,30,,6736,2,,,0,70,,6737,2,,,0,30,,6738,2,,,0,70,,6739,2,,,0,30,,6740,2,,,0,70,,6741,2,,,0,30,,6742,2,,,0,70,,6743,2,,,0,30,,6744,2,,,0,70,,6745,2,,,0,30,,6746,2,,,0,70,,6747,2,,,0,30,,6748,2,,,0,70,,6749,2,,,0,30,,6750,2,,,0,68,,6751,2,,,0,28,,6752,2,,,0,68,,6753,2,,,0,28,,6754,2,,,0,68,,6755,2,,,0,28,,6756,2,,,0
3500,'3',818,,6758,2,,,0,28,,6759,2,,,0,68,,6760,2,,,0,28,,6761,2,,,0,68,,6762,2,,,0,28,,6763,2,,,0,68,,6764,2,,,0,28,,6765,2,,,0,69,,6766,2,,,0,30,,6767,2,,,0,70,,6768,2,,,0,30,,6769,2,,,0,71,,6770,2,,,0,28,,6771,2,,,0,70,,6772,2,,,0,28,,6773,2,,,0,70,,6774,2,,,0,28,,6775,2,,,0,30,,6776,2,,,0,68,,6777,2,,,0,30,,6778,2,,,0,67,,6779,2,,,0,27,,6780,2,,,0,67,,6781,2,,,0,27,,6782,2,,,0
3500,'30',1215,,6796,2,,,0,27,,6795,2,,,0,67,,6794,2,,,0,27,,6793,2,,,0,67,,6792,2,,,0,27,,6791,2,,,0,70,,6790,2,,,0,30,,6789,2,,,0,70,,6788,2,,,0,27,,6787,2,,,0,27,,6786,2,,,0,68,,6785,2,,,0,28,,6784,2,,,0,68,,6783,2,,,0,27,,6798,2,,,0
3500,'4',1215,,6812,2,,,0,27,,6811,2,,,0,67,,6810,2,,,0,27,,6809,2,,,0,67,,6808,2,,,0,27,,6807,2,,,0,70,,6806,2,,,0,30,,6805,2,,,0,70,,6804,2,,,0,27,,6803,2,,,0,27,,6802,2,,,0,68,,6801,2,,,0,28,,6800,2,,,0,68,,6799,2,,,0,27,,6814,2,,,0
