900,'2',642,,10887,,,0,17,,10888,,,0,59,,10889,,,0,16,,10890,,,0,16,,10891,,,0,56,,10892,,,0,14,,10893,,,0,16,,10894,,,0,15,,10895,,,0,56,,10896,,,0,15,,10897,,,0,15,,10898,,,0,15,,10899,,,0,55,,10900,,,0,15,,10901,,,0,15,,10902,,,0,15,,10903,,,0,55,,10904,,,0,15,,10905,,,0,15,,10906,,,0,15,,10907,,,0,56,,10908,,,0,15,,10909,,,0,15,,10910,,,0,15,,10911,,,0,55,,10912,,,0,15,,10913,,,0,15,,10914,,,0,15,,10915,,,0,56,,10916,,,0,15,,10917,,,0,15,,10918,,,0,15,,10919,,,0,55,,10920,,,0,15,,10921,,,0,15,,10922,,,0,15,,10923,,,0,55,,10924,,,0,16,,10925,,,0,15,,10926,,,0,15,,10927,,,0,55,,10928,,,0,15,,10929,,,0,15,,10930,,,0,15,,10931,,,0,54,,10932,,,0,13,,10933,,,0,22,,10934,,,0,69,,10935,,,0,22,,10936,,,0,22,,10937,,,0,62,,10938,,,0,22,,10939,,,0,62,,10940,,,0,24,,10941,,,0,29,,10942,,,0,72,,10943,,,0,72,,10944,,,0,32,,10945,,,0,76,,10947,,,0,103,,10946,,,0
900,'3',541,,10990,,,0,68,,10993,,,0,30,,10954,,,0,70,,10992,,,0,30,,10955,,,0,75,,10991,,,0,29,,10956,,,0,75,,10957,,,0,32,,10958,,,0,60,,10959,,,0,27,,10960,,,0,65,,10961,,,0,25,,10962,,,0,22,,10963,,,0,67,,10964,,,0,25,,10965,,,0,69,,10966,,,0,21,,10967,,,0,25,,10968,,,0,68,,10969,,,0,22,,10970,,,0,65,,10971,,,0,25,,10972,,,0,65,,10973,,,0,25,,10974,,,0,25,,10975,,,0,65,,10976,,,0,25,,10977,,,0,65,,10978,,,0,22,,10979,,,0,84,,10980,,,0,25,,10981,,,0,78,,10982,,,0,35,,10983,,,0,74,,10984,,,0,35,,10985,,,0,75,,10986,,,0,75,,10987,,,0,35,,10988,,,0,74,,10989,,,0
900,'30',617,,10997,,,0,25,,10994,,,0,80,,11030,,,0,35,,10995,,,0,75,,11029,,,0,76,,10996,,,0,35,,10998,,,0,73,,10999,,,0,33,,11000,,,0,73,,11001,,,0,33,,11002,,,0,63,,11003,,,0,18,,11004,,,0,68,,11005,,,0,23,,11006,,,0,23,,11007,,,0,63,,11008,,,0,23,,11009,,,0,23,,11010,,,0,63,,11011,,,0,23,,11012,,,0,63,,11013,,,0,23,,11014,,,0,23,,11015,,,0,61,,11016,,,0,23,,11017,,,0,63,,11018,,,0,25,,11019,,,0,75,,11020,,,0,30,,11021,,,0,70,,11022,,,0,30,,11023,,,0,70,,11024,,,0,30,,11025,,,0,70,,11026,,,0,29,,11027,,,0,81,,11028,,,0
900,'4',617,,11034,,,0,25,,11031,,,0,80,,11067,,,0,35,,11032,,,0,75,,11066,,,0,76,,11033,,,0,35,,11035,,,0,73,,11036,,,0,33,,11037,,,0,73,,11038,,,0,33,,11039,,,0,63,,11040,,,0,18,,11041,,,0,68,,11042,,,0,23,,11043,,,0,23,,11044,,,0,63,,11045,,,0,23,,11046,,,0,23,,11047,,,0,63,,11048,,,0,23,,11049,,,0,63,,11050,,,0,23,,11051,,,0,23,,11052,,,0,61,,11053,,,0,23,,11054,,,0,63,,11055,,,0,25,,11056,,,0,75,,11057,,,0,30,,11058,,,0,70,,11059,,,0,30,,11060,,,0,70,,11061,,,0,30,,11062,,,0,70,,11063,,,0,29,,11064,,,0,81,,11065,,,0
2700,'2',622,,14576,,,0,33,,14506,,,0,76,,14507,,,0,13,,14508,,,0,13,,14509,,,0,53,,14510,,,0,13,,14511,,,0,13,,14512,,,0,13,,14513,,,0,53,,14514,,,0,12,,14515,,,0,13,,14516,,,0,13,,14517,,,0,13,,14518,,,0,53,,14519,,,0,13,,14520,,,0,13,,14521,,,0,13,,14522,,,0,13,,14523,,,0,53,,14524,,,0,13,,14525,,,0,13,,14526,,,0,13,,14527,,,0,53,,14528,,,0,12,,14529,,,0,12,,14530,,,0,12,,14531,,,0,12,,14532,,,0,52,,14533,,,0,12,,14534,,,0,12,,14535,,,0,12,,14536,,,0,12,,14537,,,0,52,,14538,,,0,15,,14539,,,0,13,,14540,,,0,13,,14541,,,0,13,,14542,,,0,53,,14543,,,0,13,,14544,,,0,13,,14545,,,0,13,,14546,,,0,53,,14547,,,0,15,,14548,,,0,9,,14549,,,0,11,,14550,,,0,11,,14551,,,0,11,,14552,,,0,51,,14553,,,0,11,,14554,,,0,11,,14555,,,0,11,,14556,,,0,11,,14557,,,0,51,,14558,,,0,6,,14559,,,0,13,,14560,,,0,15,,14561,,,0,13,,14562,,,0,54,,14563,,,0,13,,14564,,,0,17,,14565,,,0,17,,14566,,,0,57,,14567,,,0,17,,14568,,,0,17,,14569,,,0,56,,14570,,,0,16,,14571,,,0,27,,14572,,,0,67,,14573,,,0,27,,14574,,,0,70,,14575,,,0
2700,'3',922,,14577,,,0,29,,14579,,,0,98,,14588,,,0,76,,14580,,,0,32,,14598,,,0,72,,14589,,,0,72,,14581,,,0,32,,14578,,,0,72,,14590,,,0,34,,14582,,,0,72,,14597,,,0,30,,14591,,,0,74,,14583,,,0,32,,14599,,,0,70,,14592,,,0,34,,14584,,,0,72,,14600,,,0,17,,14593,,,0,85,,14585,,,0,85,,14594,,,0,45,,14586,,,0,80,,14595,,,0,80,,14587,,,0,40,,14596,,,0
2700,'30',904,,14601,,,0,45,,14608,,,0,85,,14602,,,0,85,,14609,,,0,85,,14603,,,0,48,,14610,,,0,72,,14612,,,0,27,,14604,,,0,77,,14611,,,0,72,,14613,,,0,32,,14605,,,0,72,,14614,,,0,32,,14616,,,0,72,,14606,,,0,35,,14615,,,0,86,,14607,,,0,85,,14618,,,0,45,,14617,,,0
2700,'4',904,,14619,,,0,45,,14626,,,0,85,,14620,,,0,85,,14627,,,0,85,,14621,,,0,48,,14628,,,0,72,,14630,,,0,27,,14622,,,0,77,,14629,,,0,72,,14631,,,0,32,,14623,,,0,72,,14632,,,0,32,,14634,,,0,72,,14624,,,0,35,,14633,,,0,86,,14625,,,0,85,,14636,,,0,45,,14635,,,0
3100,'2',635,,14839,,,0,89,,14840,,,0,33,,14841,,,0,68,,14842,,,0,28,,14843,,,0,68,,14844,,,0,23,,14845,,,0,67,,14846,,,0,27,,14847,,,0,67,,14848,,,0,27,,14849,,,0,27,,14850,,,0,67,,14851,,,0,28,,14852,,,0,67,,14853,,,0,27,,14854,,,0,67,,14855,,,0,32,,14856,,,0,70,,14857,,,0,30,,14858,,,0,71,,14859,,,0,30,,14860,,,0,70,,14861,,,0,27,,14862,,,0,70,,14863,,,0,30,,14864,,,0,70,,14865,,,0,30,,14866,,,0,70,,14867,,,0,30,,14868,,,0,68,,14869,,,0,30,,14870,,,0,70,,14871,,,0,30,,14872,,,0
3100,'3',802,,14902,,,0,25,,14901,,,0,24,,14900,,,0,65,,14873,,,0,25,,14899,,,0,65,,14874,,,0,25,,14875,,,0,25,,14876,,,0,65,,14877,,,0,25,,14878,,,0,65,,14879,,,0,25,,14880,,,0,65,,14881,,,0,25,,14882,,,0,25,,14883,,,0,68,,14884,,,0,27,,14885,,,0,67,,14886,,,0,27,,14887,,,0,67,,14888,,,0,27,,14889,,,0,67,,14890,,,0,27,,14891,,,0,27,,14892,,,0,65,,14903,,,0,25,,14893,,,0,66,,14904,,,0,25,,14894,,,0,66,,14905,,,0,26,,14895,,,0,25,,14906,,,0,65,,14896,,,0,24,,14907,,,0,62,,14897,,,0,21,,14908,,,0,21,,14898,,,0,66,,14909,,,0
3100,'30',852,,14910,,,0,65,,14911,,,0,25,,14912,,,0,65,,14913,,,0,25,,14914,,,0,25,,14915,,,0,65,,14916,,,0,25,,14917,,,0,65,,14918,,,0,25,,14924,,,0,65,,14925,,,0,25,,14926,,,0,25,,14927,,,0,65,,14928,,,0,25,,14929,,,0,65,,14930,,,0,25,,14931,,,0,25,,14919,,,0,65,,14932,,,0,25,,14920,,,0,65,,14933,,,0,25,,14921,,,0,65,,14934,,,0,25,,14922,,,0,25,,14935,,,0,65,,14923,,,0,25,,14936,,,0
3100,'4',852,,14937,,,0,65,,14938,,,0,25,,14939,,,0,65,,14940,,,0,25,,14941,,,0,25,,14942,,,0,65,,14943,,,0,25,,14944,,,0,65,,14945,,,0,25,,14951,,,0,65,,14952,,,0,25,,14953,,,0,25,,14954,,,0,65,,14955,,,0,25,,14956,,,0,65,,14957,,,0,25,,14958,,,0,25,,14946,,,0,65,,14959,,,0,25,,14947,,,0,65,,14960,,,0,25,,14948,,,0,65,,14961,,,0,25,,14949,,,0,25,,14962,,,0,65,,14950,,,0,25,,14963,,,0
12701,'3302',618,,17171,,,0,30,,17172,,,0,68,,17173,,,0,24,,17174,,,0,12,,17175,,,0,64,,17176,,,0,12,,17177,,,0,24,,17178,,,0,52,,17179,,,0,24,,17180,,,0,12,,17181,,,0,64,,17182,,,0,12,,17183,,,0,24,,17184,,,0,12,,17185,,,0,64,,17186,,,0,12,,17187,,,0,24,,17188,,,0,53,,17189,,,0,24,,17190,,,0,12,,17191,,,0,64,,17192,,,0,12,,17193,,,0,24,,17194,,,0,12,,17195,,,0,65,,17196,,,0,24,,17197,,,0,64,,17198,,,0,24,,17199,,,0,24,,17200,,,0,75,,17201,,,0,20,,17202,,,0,70,,17203,,,0,20,,17204,,,0,66,,17205,,,0,20,,17206,,,0,20,,17207,,,0,60,,17208,,,0,20,,17209,,,0,20,,17210,,,0,60,,17211,,,0,20,,17212,,,0,20,,17213,,,0,58,,17214,,,0,30,,17215,,,0,70,,17216,,,0,30,,17217,,,0,70,,17218,,,0,30,,17219,,,0,70,,17220,,,0
12701,'3602',728,,17221,,,0,76,,17222,,,0,36,,17223,,,0,76,,17224,,,0,36,,17225,,,0,76,,17226,,,0,76,,17227,,,0,36,,17228,,,0,77,,17229,,,0,36,,17230,,,0,76,,17231,,,0,77,,17232,,,0,24,,17233,,,0,24,,17234,,,0,64,,17235,,,0,24,,17236,,,0,67,,17237,,,0,10,,17238,,,0,20,,17239,,,0,20,,17240,,,0,50,,17241,,,0,20,,17242,,,0,20,,17243,,,0,10,,17244,,,0
12701,'3903',618,,17288,,,0,30,,17289,,,0,70,,17290,,,0,30,,17291,,,0,70,,17245,,,0,30,,17246,,,0,70,,17247,,,0,30,,17248,,,0,61,,17249,,,0,15,,17250,,,0,25,,17251,,,0,60,,17252,,,0,20,,17253,,,0,20,,17254,,,0,61,,17255,,,0,20,,17256,,,0,20,,17257,,,0,60,,17258,,,0,20,,17259,,,0,20,,17260,,,0,60,,17261,,,0,20,,17262,,,0,20,,17263,,,0,60,,17264,,,0,20,,17265,,,0,20,,17266,,,0,60,,17267,,,0,20,,17268,,,0,20,,17269,,,0,60,,17270,,,0,20,,17271,,,0,20,,17272,,,0,59,,17273,,,0,20,,17274,,,0,20,,17275,,,0,60,,17276,,,0,20,,17277,,,0,20,,17278,,,0,60,,17279,,,0,20,,17280,,,0,20,,17281,,,0,69,,17282,,,0,30,,17283,,,0,70,,17284,,,0,30,,17285,,,0,70,,17286,,,0,30,,17287,,,0
12701,'6404',718,,17325,,,0,30,,17326,,,0,70,,17327,,,0,30,,17328,,,0,55,,17292,,,0,20,,17293,,,0,20,,17294,,,0,60,,17295,,,0,20,,17296,,,0,20,,17297,,,0,60,,17298,,,0,20,,17299,,,0,20,,17300,,,0,62,,17301,,,0,20,,17302,,,0,20,,17303,,,0,60,,17304,,,0,20,,17305,,,0,20,,17306,,,0,60,,17307,,,0,20,,17308,,,0,20,,17309,,,0,60,,17310,,,0,20,,17311,,,0,20,,17312,,,0,60,,17313,,,0,20,,17314,,,0,20,,17315,,,0,60,,17316,,,0,15,,17317,,,0,35,,17318,,,0,75,,17319,,,0,75,,17320,,,0,35,,17321,,,0,75,,17322,,,0,35,,17323,,,0,75,,17324,,,0,75,,17329,,,0,35,,17330,,,0
