700,'2',606,,1929,4,,,0,27,,1930,4,,,0,25,,1931,4,,,0,60,,1932,4,,,0,20,,1933,4,,,0,20,,1934,4,,,0,60,,1935,4,,,0,21,,1936,4,,,0,66,,1937,4,,,0,30,,1938,4,,,0,70,,1939,4,,,0,25,,1940,4,,,0,70,,1941,4,,,0,30,,1942,4,,,0,29,,1943,4,,,0,70,,1944,4,,,0,30,,1945,4,,,0,70,,1947,4,,,0,25,,1948,4,,,0,60,,1949,4,,,0,20,,1950,4,,,0,20,,1951,4,,,0,60,,1952,4,,,0,20,,1953,4,,,0,19,,1954,4,,,0,60,,1955,4,,,0,20,,1956,4,,,0,25,,1957,4,,,0,55,,1958,4,,,0,20,,1959,4,,,0,68,,1960,4,,,0,25,,1961,4,,,0,25,,1962,4,,,0,65,,1963,4,,,0,25,,1964,4,,,0,65,,1965,4,,,0,25,,1966,4,,,0,79,,1967,4,,,0,30,,1968,4,,,0,70,,1969,4,,,0,30,,1970,4,,,0,70,,1971,4,,,0,27,,1972,4,,,0
700,'3',611,,2008,4,,,0,29,,2009,4,,,0,70,,2007,4,,,0,39,,1973,4,,,0,66,,2006,4,,,0,30,,1974,4,,,0,65,,1975,4,,,0,25,,1976,4,,,0,71,,1977,4,,,0,30,,1978,4,,,0,65,,1979,4,,,0,25,,1980,4,,,0,29,,1981,4,,,0,70,,1982,4,,,0,30,,1983,4,,,0,65,,1984,4,,,0,30,,1985,4,,,0,70,,1986,4,,,0,30,,1987,4,,,0,70,,1988,4,,,0,30,,1989,4,,,0,70,,1990,4,,,0,30,,1991,4,,,0,70,,1992,4,,,0,26,,1993,4,,,0,71,,1994,4,,,0,30,,1995,4,,,0,70,,1996,4,,,0,25,,1997,4,,,0,70,,1998,4,,,0,31,,1999,4,,,0,71,,2000,4,,,0,28,,2001,4,,,0,72,,2002,4,,,0,30,,2003,4,,,0,70,,2004,4,,,0,30,,2005,4,,,0
700,'30',841,,2011,4,,,0,85,,2013,4,,,0,30,,2014,4,,,0,70,,2015,4,,,0,25,,2016,4,,,0,65,,2017,4,,,0,29,,2018,4,,,0,70,,2019,4,,,0,30,,2020,4,,,0,65,,2021,4,,,0,30,,2022,4,,,0,70,,2023,4,,,0,30,,2024,4,,,0,65,,2025,4,,,0,30,,2026,4,,,0,70,,2027,4,,,0,22,,2028,4,,,0,30,,2029,4,,,0,70,,2030,4,,,0,30,,2031,4,,,0,70,,2032,4,,,0,30,,2033,4,,,0,70,,2034,4,,,0,30,,2035,4,,,0,70,,2036,4,,,0,30,,2037,4,,,0,70,,2038,4,,,0,73,,2040,4,,,0,45,,2039,4,,,0
700,'4',841,,2042,4,,,0,85,,2044,4,,,0,30,,2045,4,,,0,70,,2046,4,,,0,25,,2047,4,,,0,65,,2048,4,,,0,29,,2049,4,,,0,70,,2050,4,,,0,30,,2051,4,,,0,65,,2052,4,,,0,30,,2053,4,,,0,70,,2054,4,,,0,30,,2055,4,,,0,65,,2056,4,,,0,30,,2057,4,,,0,70,,2058,4,,,0,22,,2059,4,,,0,30,,2060,4,,,0,70,,2061,4,,,0,30,,2062,4,,,0,70,,2063,4,,,0,30,,2064,4,,,0,70,,2065,4,,,0,30,,2066,4,,,0,70,,2067,4,,,0,30,,2068,4,,,0,70,,2069,4,,,0,73,,2071,4,,,0,45,,2070,4,,,0
1000,'2',612,,2584,52,,,0,15,,2585,52,,,0,15,,2586,67,,,0,15,,2587,52,,,0,55,,2595,67,,,0,15,,2596,52,,,0,20,,2594,67,,,0,55,,2597,52,,,0,17,,2588,67,,,0,19,,2634,67,,,0,17,,2589,67,,,0,54,,2635,67,,,0,15,,2593,67,,,0,18,,2592,67,,,0,69,,2590,67,,,0,30,,2601,67,,,0,70,,2600,67,,,0,30,,2599,67,,,0,71,,2598,67,,,0,32,,2605,67,,,0,13,,2606,52,,,0,67,,2604,67,,,0,13,,2638,52,,,0,17,,2603,67,,,0,59,,2602,67,,,0,15,,2639,52,,,0,18,,2608,67,,,0,63,,2607,67,,,0,18,,2636,67,,,0,16,,2609,67,,,0,15,,2637,67,,,0,59,,2610,67,,,0,17,,2617,67,,,0,13,,2611,67,,,0,57,,2612,67,,,0,16,,2613,67,,,0,18,,2614,67,,,0,15,,2615,67,,,0,55,,2640,67,,,0,12,,2616,67,,,0,33,,2618,67,,,0,56,,2619,67,,,0,33,,2620,67,,,0,73,,2621,67,,,0,30,,2622,67,,,0,70,,2623,67,,,0,35,,2624,67,,,0,64,,2625,67,,,0,38,,2626,67,,,0,73,,2627,67,,,0,30,,2628,67,,,0,75,,2629,67,,,0,75,,2630,67,,,0,30,,2631,67,,,0
1000,'3',619,,2646,52,,,0,35,,2643,52,,,0,75,,2644,67,,,0,76,,2645,67,,,0,37,,2647,67,,,0,70,,2648,67,,,0,15,,2649,67,,,0,30,,2650,67,,,0,72,,2651,67,,,0,30,,2652,67,,,0,70,,2653,67,,,0,30,,2654,67,,,0,80,,2655,67,,,0,70,,2656,67,,,0,30,,2657,67,,,0,70,,2658,67,,,0,31,,2659,67,,,0,70,,2660,67,,,0,30,,2661,67,,,0,65,,2662,67,,,0,12,,2663,67,,,0,30,,2664,67,,,0,70,,2665,67,,,0,30,,2666,67,,,0,68,,2667,67,,,0,28,,2668,67,,,0,65,,2669,67,,,0,30,,2670,67,,,0,70,,2671,67,,,0,30,,2672,67,,,0,69,,2673,67,,,0,30,,2677,67,,,0,65,,2678,67,,,0,25,,2679,67,,,0,25,,2680,67,,,0,65,,2681,67,,,0,30,,2682,67,,,0,62,,2683,67,,,0,47,,2684,67,,,0
1000,'30',713,,2685,52,,,0,37,,2721,67,,,0,60,,2686,67,,,0,36,,2720,67,,,0,60,,2687,67,,,0,30,,2688,67,,,0,70,,2689,67,,,0,30,,2690,67,,,0,65,,2691,67,,,0,25,,2692,67,,,0,25,,2693,67,,,0,66,,2694,67,,,0,31,,2695,67,,,0,70,,2696,67,,,0,30,,2697,67,,,0,70,,2698,67,,,0,30,,2699,67,,,0,70,,2700,67,,,0,30,,2701,67,,,0,70,,2702,67,,,0,30,,2703,67,,,0,70,,2704,67,,,0,29,,2707,67,,,0,70,,2708,67,,,0,30,,2709,67,,,0,70,,2710,67,,,0,30,,2711,67,,,0,66,,2712,67,,,0,30,,2713,67,,,0,70,,2714,67,,,0,27,,2715,67,,,0,70,,2716,67,,,0,32,,2717,67,,,0,70,,2718,67,,,0
1000,'4',713,,2722,52,,,0,37,,2758,67,,,0,60,,2723,67,,,0,36,,2757,67,,,0,60,,2724,67,,,0,30,,2725,67,,,0,70,,2726,67,,,0,30,,2727,67,,,0,65,,2728,67,,,0,25,,2729,67,,,0,25,,2730,67,,,0,66,,2731,67,,,0,31,,2732,67,,,0,70,,2733,67,,,0,30,,2734,67,,,0,70,,2735,67,,,0,30,,2736,67,,,0,70,,2737,67,,,0,30,,2738,67,,,0,70,,2739,67,,,0,30,,2740,67,,,0,70,,2741,67,,,0,29,,2744,67,,,0,70,,2745,67,,,0,30,,2746,67,,,0,70,,2747,67,,,0,30,,2748,67,,,0,66,,2749,67,,,0,30,,2750,67,,,0,70,,2751,67,,,0,27,,2752,67,,,0,70,,2753,67,,,0,32,,2754,67,,,0,70,,2755,67,,,0
2401,'2',624,,5457,11,,,0,30,,5458,11,,,0,69,,5459,11,,,0,31,,5460,11,,,0,70,,5461,11,,,0,30,,5462,11,,,0,70,,5463,11,,,0,30,,5464,11,,,0,70,,5465,11,,,0,30,,5466,11,,,0,70,,5467,11,,,0,30,,5468,11,,,0,70,,5469,11,,,0,30,,5470,11,,,0,70,,5471,11,,,0,30,,5472,11,,,0,68,,5473,11,,,0,31,,5474,11,,,0,70,,5475,11,,,0,30,,5476,11,,,0,75,,5479,11,,,0,73,,5480,11,,,0,33,,5481,11,,,0,73,,5482,11,,,0,36,,5483,11,,,0,70,,5484,11,,,0,30,,5485,11,,,0,70,,5486,11,,,0,30,,5487,11,,,0,60,,5488,11,,,0
2401,'3',652,,5504,11,,,0,80,,5503,11,,,0,80,,5489,11,,,0,40,,5490,11,,,0,80,,5497,11,,,0,80,,5491,11,,,0,38,,5498,11,,,0,82,,5492,11,,,0,75,,5499,11,,,0,44,,5493,11,,,0,86,,5500,11,,,0,87,,5494,11,,,0,85,,5501,11,,,0,44,,5495,11,,,0,86,,5502,11,,,0,84,,5496,11,,,0,80,,5506,11,,,0,44,,5507,11,,,0,80,,5508,11,,,0,84,,5509,11,,,0
2401,'30',734,,5524,11,,,0,80,,5523,11,,,0,40,,5522,11,,,0,80,,5521,11,,,0,80,,5510,11,,,0,40,,5511,11,,,0,80,,5516,11,,,0,80,,5512,11,,,0,41,,5517,11,,,0,79,,5513,11,,,0,81,,5518,11,,,0,39,,5514,11,,,0,81,,5519,11,,,0,79,,5515,11,,,0,41,,5520,11,,,0,79,,5526,11,,,0
2401,'4',734,,5541,11,,,0,80,,5540,11,,,0,40,,5539,11,,,0,80,,5538,11,,,0,80,,5527,11,,,0,40,,5528,11,,,0,80,,5533,11,,,0,80,,5529,11,,,0,41,,5534,11,,,0,79,,5530,11,,,0,81,,5535,11,,,0,39,,5531,11,,,0,81,,5536,11,,,0,79,,5532,11,,,0,41,,5537,11,,,0,79,,5543,11,,,0
