1000,'2',620,,2584,60,,,0,15,,2585,60,,,0,15,,2586,75,,,0,55,,2587,60,,,0,15,,2595,75,,,0,15,,2596,60,,,0,20,,2594,75,,,0,55,,2597,60,,,0,20,,2588,75,,,0,19,,2634,75,,,0,57,,2589,75,,,0,14,,2635,75,,,0,15,,2593,75,,,0,18,,2592,75,,,0,69,,2590,75,,,0,30,,2601,75,,,0,70,,2600,75,,,0,30,,2599,75,,,0,71,,2598,75,,,0,32,,2605,75,,,0,52,,2606,60,,,0,28,,2604,75,,,0,13,,2638,60,,,0,57,,2603,75,,,0,19,,2602,75,,,0,12,,2639,60,,,0,21,,2608,75,,,0,63,,2607,75,,,0,18,,2636,75,,,0,16,,2609,75,,,0,55,,2637,75,,,0,19,,2610,75,,,0,18,,2617,75,,,0,12,,2611,75,,,0,58,,2612,75,,,0,17,,2613,75,,,0,17,,2614,75,,,0,56,,2615,75,,,0,15,,2640,75,,,0,12,,2616,75,,,0,73,,2618,75,,,0,12,,2619,75,,,0,33,,2620,75,,,0,73,,2621,75,,,0,30,,2622,75,,,0,70,,2623,75,,,0,35,,2624,75,,,0,63,,2625,75,,,0,78,,2626,75,,,0,33,,2627,75,,,0,70,,2628,75,,,0,35,,2629,75,,,0,75,,2630,75,,,0,30,,2631,75,,,0
1000,'3',627,,2646,60,,,0,75,,2643,60,,,0,35,,2644,75,,,0,76,,2645,75,,,0,37,,2647,75,,,0,70,,2648,75,,,0,15,,2649,75,,,0,71,,2650,75,,,0,32,,2651,75,,,0,70,,2652,75,,,0,30,,2653,75,,,0,71,,2654,75,,,0,41,,2655,75,,,0,70,,2656,75,,,0,30,,2657,75,,,0,70,,2658,75,,,0,31,,2659,75,,,0,70,,2660,75,,,0,30,,2661,75,,,0,65,,2662,75,,,0,12,,2663,75,,,0,30,,2664,75,,,0,70,,2665,75,,,0,30,,2666,75,,,0,66,,2667,75,,,0,28,,2668,75,,,0,65,,2669,75,,,0,30,,2670,75,,,0,70,,2671,75,,,0,30,,2672,75,,,0,69,,2673,75,,,0,30,,2677,75,,,0,64,,2678,75,,,0,25,,2679,75,,,0,65,,2680,75,,,0,25,,2681,75,,,0,30,,2682,75,,,0,61,,2683,75,,,0,87,,2684,75,,,0
1000,'30',721,,2685,60,,,0,37,,2721,75,,,0,60,,2686,75,,,0,36,,2720,75,,,0,60,,2687,75,,,0,30,,2688,75,,,0,70,,2689,75,,,0,30,,2690,75,,,0,65,,2691,75,,,0,25,,2692,75,,,0,25,,2693,75,,,0,68,,2694,75,,,0,31,,2695,75,,,0,70,,2696,75,,,0,30,,2697,75,,,0,70,,2698,75,,,0,30,,2699,75,,,0,70,,2700,75,,,0,30,,2701,75,,,0,70,,2702,75,,,0,30,,2703,75,,,0,69,,2704,75,,,0,29,,2707,75,,,0,70,,2708,75,,,0,30,,2709,75,,,0,70,,2710,75,,,0,30,,2711,75,,,0,66,,2712,75,,,0,30,,2713,75,,,0,70,,2714,75,,,0,26,,2715,75,,,0,70,,2716,75,,,0,32,,2717,75,,,0,70,,2718,75,,,0
1000,'4',721,,2722,60,,,0,37,,2758,75,,,0,60,,2723,75,,,0,36,,2757,75,,,0,60,,2724,75,,,0,30,,2725,75,,,0,70,,2726,75,,,0,30,,2727,75,,,0,65,,2728,75,,,0,25,,2729,75,,,0,25,,2730,75,,,0,68,,2731,75,,,0,31,,2732,75,,,0,70,,2733,75,,,0,30,,2734,75,,,0,70,,2735,75,,,0,30,,2736,75,,,0,70,,2737,75,,,0,30,,2738,75,,,0,70,,2739,75,,,0,30,,2740,75,,,0,69,,2741,75,,,0,29,,2744,75,,,0,70,,2745,75,,,0,30,,2746,75,,,0,70,,2747,75,,,0,30,,2748,75,,,0,66,,2749,75,,,0,30,,2750,75,,,0,70,,2751,75,,,0,26,,2752,75,,,0,70,,2753,75,,,0,32,,2754,75,,,0,70,,2755,75,,,0
2701,'2',544,,6043,2,,,0,91,,5972,3,,,0,66,,5973,2,,,0,12,,5974,3,,,0,14,,5975,2,,,0,13,,5976,2,,,0,12,,5977,3,,,0,53,,5978,3,,,0,8,,5979,3,,,0,13,,5980,3,,,0,13,,5981,3,,,0,12,,5982,3,,,0,54,,5983,3,,,0,13,,5984,3,,,0,13,,5985,3,,,0,13,,5986,3,,,0,13,,5987,3,,,0,53,,5988,3,,,0,13,,5989,3,,,0,13,,5990,3,,,0,13,,5991,3,,,0,53,,5992,3,,,0,13,,5993,3,,,0,13,,5994,3,,,0,13,,5995,3,,,0,12,,5996,3,,,0,52,,5997,3,,,0,12,,5998,3,,,0,12,,5999,3,,,0,12,,6000,3,,,0,12,,6001,3,,,0,52,,6002,3,,,0,12,,6003,3,,,0,12,,6004,3,,,0,12,,6005,3,,,0,12,,6006,3,,,0,53,,6007,3,,,0,13,,6008,3,,,0,13,,6009,3,,,0,13,,6010,3,,,0,13,,6011,3,,,0,53,,6012,3,,,0,10,,6013,2,,,0,11,,6014,3,,,0,12,,6015,3,,,0,11,,6016,3,,,0,51,,6017,3,,,0,12,,6018,2,,,0,10,,6019,3,,,0,11,,6020,3,,,0,11,,6021,3,,,0,51,,6022,3,,,0,11,,6023,3,,,0,11,,6024,3,,,0,11,,6025,3,,,0,7,,6026,3,,,0,14,,6027,3,,,0,51,,6028,3,,,0,13,,6029,3,,,0,11,,6030,3,,,0,11,,6031,3,,,0,17,,6032,3,,,0,57,,6033,3,,,0,17,,6034,3,,,0,17,,6035,3,,,0,57,,6036,3,,,0,17,,6037,3,,,0,17,,6038,3,,,0,64,,6039,3,,,0,27,,6040,3,,,0,27,,6041,3,,,0,67,,6042,3,,,0
2701,'3',850,,6044,2,,,0,83,,6054,3,,,0,70,,6045,3,,,0,104,,6055,3,,,0,33,,6046,3,,,0,72,,6063,3,,,0,32,,6056,3,,,0,72,,6047,3,,,0,32,,6064,3,,,0,71,,6057,3,,,0,34,,6048,3,,,0,72,,6065,3,,,0,30,,6058,3,,,0,74,,6049,3,,,0,72,,6066,3,,,0,30,,6059,3,,,0,76,,6050,3,,,0,45,,6060,3,,,0,85,,6051,3,,,0,85,,6061,3,,,0,85,,6052,3,,,0,40,,6062,3,,,0,80,,6053,3,,,0,80,,6067,3,,,0
2701,'30',832,,6068,2,,,0,85,,6069,3,,,0,85,,6075,3,,,0,45,,6070,3,,,0,85,,6076,3,,,0,85,,6071,3,,,0,88,,6077,3,,,0,32,,6078,3,,,0,72,,6072,3,,,0,32,,6080,3,,,0,72,,6079,3,,,0,32,,6073,3,,,0,72,,6081,3,,,0,32,,6083,3,,,0,71,,6074,3,,,0,37,,6082,3,,,0,85,,6084,3,,,0,85,,6085,3,,,0
2701,'4',832,,6086,2,,,0,85,,6087,3,,,0,85,,6093,3,,,0,45,,6088,3,,,0,85,,6094,3,,,0,85,,6089,3,,,0,88,,6095,3,,,0,32,,6096,3,,,0,72,,6090,3,,,0,32,,6098,3,,,0,72,,6097,3,,,0,32,,6091,3,,,0,72,,6099,3,,,0,32,,6101,3,,,0,71,,6092,3,,,0,37,,6100,3,,,0,85,,6102,3,,,0,85,,6103,3,,,0
12700,'3302',603,,8344,2,,,0,27,,8345,3,,,0,70,,8346,3,,,0,18,,8347,2,,,0,12,,8348,3,,,0,24,,8349,3,,,0,52,,8350,3,,,0,24,,8351,3,,,0,12,,8352,3,,,0,64,,8353,3,,,0,12,,8354,3,,,0,24,,8355,3,,,0,12,,8356,3,,,0,64,,8357,3,,,0,12,,8358,3,,,0,24,,8359,3,,,0,52,,8360,3,,,0,24,,8361,3,,,0,12,,8362,3,,,0,64,,8363,3,,,0,12,,8364,3,,,0,24,,8365,3,,,0,12,,8366,3,,,0,64,,8367,3,,,0,12,,8368,3,,,0,24,,8369,3,,,0,58,,8370,3,,,0,24,,8371,3,,,0,64,,8372,3,,,0,24,,8373,3,,,0,31,,8374,3,,,0,60,,8375,3,,,0,30,,8376,3,,,0,60,,8377,3,,,0,30,,8378,3,,,0,20,,8379,3,,,0,65,,8380,3,,,0,20,,8381,3,,,0,60,,8382,3,,,0,20,,8383,3,,,0,20,,8384,3,,,0,60,,8385,3,,,0,20,,8386,3,,,0,20,,8387,3,,,0,60,,8388,3,,,0,15,,8389,3,,,0,30,,8390,3,,,0,70,,8391,3,,,0,30,,8392,3,,,0,70,,8393,3,,,0,30,,8394,3,,,0
12700,'3602',742,,8395,3,,,0,76,,8396,3,,,0,36,,8397,3,,,0,76,,8398,3,,,0,76,,8399,3,,,0,36,,8400,3,,,0,76,,8401,3,,,0,36,,8402,3,,,0,76,,8403,3,,,0,76,,8404,3,,,0,36,,8405,3,,,0,63,,8406,2,,,0,19,,8407,3,,,0,24,,8408,3,,,0,64,,8409,3,,,0,24,,8410,3,,,0,69,,8411,3,,,0,20,,8412,3,,,0,10,,8413,3,,,0,20,,8414,3,,,0,60,,8415,3,,,0,10,,8416,3,,,0,20,,8417,3,,,0,60,,8418,3,,,0
12700,'3903',600,,8462,2,,,0,30,,8463,3,,,0,70,,8464,3,,,0,30,,8465,3,,,0,70,,8466,3,,,0,30,,8419,3,,,0,70,,8420,3,,,0,30,,8421,3,,,0,70,,8422,3,,,0,25,,8423,3,,,0,20,,8424,3,,,0,60,,8425,3,,,0,20,,8426,3,,,0,20,,8427,3,,,0,61,,8428,3,,,0,20,,8429,3,,,0,20,,8430,3,,,0,60,,8431,3,,,0,20,,8432,3,,,0,20,,8433,3,,,0,60,,8434,3,,,0,20,,8435,3,,,0,20,,8436,3,,,0,60,,8437,3,,,0,20,,8438,3,,,0,20,,8439,3,,,0,60,,8440,3,,,0,20,,8441,3,,,0,20,,8442,3,,,0,60,,8443,3,,,0,20,,8444,3,,,0,20,,8445,3,,,0,59,,8446,3,,,0,20,,8447,3,,,0,20,,8448,3,,,0,60,,8449,3,,,0,20,,8450,3,,,0,20,,8451,3,,,0,60,,8452,3,,,0,20,,8453,3,,,0,20,,8454,3,,,0,55,,8455,3,,,0,30,,8456,3,,,0,70,,8457,3,,,0,30,,8458,3,,,0,70,,8459,3,,,0,30,,8460,3,,,0,70,,8461,3,,,0
12700,'6404',700,,8499,2,,,0,30,,8500,3,,,0,70,,8501,3,,,0,30,,8502,3,,,0,70,,8503,3,,,0,20,,8467,3,,,0,20,,8468,3,,,0,60,,8469,3,,,0,20,,8470,3,,,0,20,,8471,3,,,0,60,,8472,3,,,0,20,,8473,3,,,0,20,,8474,3,,,0,60,,8475,3,,,0,20,,8476,3,,,0,20,,8477,3,,,0,60,,8478,3,,,0,20,,8479,3,,,0,20,,8480,3,,,0,60,,8481,3,,,0,20,,8482,3,,,0,20,,8483,3,,,0,60,,8484,3,,,0,20,,8485,3,,,0,20,,8486,3,,,0,60,,8487,3,,,0,20,,8488,3,,,0,20,,8489,3,,,0,60,,8490,3,,,0,35,,8491,3,,,0,75,,8492,3,,,0,35,,8493,3,,,0,75,,8494,3,,,0,35,,8495,3,,,0,75,,8496,3,,,0,75,,8497,3,,,0,35,,8498,3,,,0,75,,8504,3,,,0,35,,8505,3,,,0
