1000,'2',621,,2584,61,,,0,15,,2585,61,,,0,15,,2586,76,,,0,55,,2587,61,,,0,15,,2595,76,,,0,15,,2596,61,,,0,20,,2594,76,,,0,55,,2597,61,,,0,20,,2588,76,,,0,19,,2634,76,,,0,57,,2589,76,,,0,14,,2635,76,,,0,15,,2593,76,,,0,18,,2592,76,,,0,69,,2590,76,,,0,30,,2601,76,,,0,70,,2600,76,,,0,30,,2599,76,,,0,71,,2598,76,,,0,32,,2605,76,,,0,52,,2606,61,,,0,28,,2604,76,,,0,13,,2638,61,,,0,57,,2603,76,,,0,19,,2602,76,,,0,12,,2639,61,,,0,21,,2608,76,,,0,63,,2607,76,,,0,18,,2636,76,,,0,16,,2609,76,,,0,55,,2637,76,,,0,19,,2610,76,,,0,18,,2617,76,,,0,12,,2611,76,,,0,58,,2612,76,,,0,17,,2613,76,,,0,17,,2614,76,,,0,56,,2615,76,,,0,15,,2640,76,,,0,12,,2616,76,,,0,73,,2618,76,,,0,12,,2619,76,,,0,33,,2620,76,,,0,73,,2621,76,,,0,30,,2622,76,,,0,70,,2623,76,,,0,75,,2624,76,,,0,23,,2625,76,,,0,78,,2626,76,,,0,33,,2627,76,,,0,70,,2628,76,,,0,35,,2629,76,,,0,75,,2630,76,,,0,30,,2631,76,,,0
1000,'3',628,,2646,61,,,0,75,,2643,61,,,0,35,,2644,76,,,0,76,,2645,76,,,0,37,,2647,76,,,0,70,,2648,76,,,0,15,,2649,76,,,0,71,,2650,76,,,0,32,,2651,76,,,0,70,,2652,76,,,0,30,,2653,76,,,0,71,,2654,76,,,0,41,,2655,76,,,0,70,,2656,76,,,0,30,,2657,76,,,0,70,,2658,76,,,0,31,,2659,76,,,0,70,,2660,76,,,0,30,,2661,76,,,0,65,,2662,76,,,0,12,,2663,76,,,0,30,,2664,76,,,0,70,,2665,76,,,0,30,,2666,76,,,0,66,,2667,76,,,0,28,,2668,76,,,0,65,,2669,76,,,0,30,,2670,76,,,0,70,,2671,76,,,0,30,,2672,76,,,0,69,,2673,76,,,0,30,,2677,76,,,0,64,,2678,76,,,0,25,,2679,76,,,0,65,,2680,76,,,0,25,,2681,76,,,0,30,,2682,76,,,0,61,,2683,76,,,0,87,,2684,76,,,0
1000,'30',722,,2685,61,,,0,37,,2721,76,,,0,60,,2686,76,,,0,36,,2720,76,,,0,60,,2687,76,,,0,30,,2688,76,,,0,70,,2689,76,,,0,30,,2690,76,,,0,65,,2691,76,,,0,25,,2692,76,,,0,65,,2693,76,,,0,28,,2694,76,,,0,31,,2695,76,,,0,70,,2696,76,,,0,30,,2697,76,,,0,70,,2698,76,,,0,30,,2699,76,,,0,70,,2700,76,,,0,30,,2701,76,,,0,70,,2702,76,,,0,30,,2703,76,,,0,69,,2704,76,,,0,29,,2707,76,,,0,70,,2708,76,,,0,30,,2709,76,,,0,70,,2710,76,,,0,30,,2711,76,,,0,66,,2712,76,,,0,30,,2713,76,,,0,70,,2714,76,,,0,26,,2715,76,,,0,70,,2716,76,,,0,32,,2717,76,,,0,70,,2718,76,,,0
1000,'4',722,,2722,61,,,0,37,,2758,76,,,0,60,,2723,76,,,0,36,,2757,76,,,0,60,,2724,76,,,0,30,,2725,76,,,0,70,,2726,76,,,0,30,,2727,76,,,0,65,,2728,76,,,0,25,,2729,76,,,0,65,,2730,76,,,0,28,,2731,76,,,0,31,,2732,76,,,0,70,,2733,76,,,0,30,,2734,76,,,0,70,,2735,76,,,0,30,,2736,76,,,0,70,,2737,76,,,0,30,,2738,76,,,0,70,,2739,76,,,0,30,,2740,76,,,0,69,,2741,76,,,0,29,,2744,76,,,0,70,,2745,76,,,0,30,,2746,76,,,0,70,,2747,76,,,0,30,,2748,76,,,0,66,,2749,76,,,0,30,,2750,76,,,0,70,,2751,76,,,0,26,,2752,76,,,0,70,,2753,76,,,0,32,,2754,76,,,0,70,,2755,76,,,0
2701,'2',544,,6043,3,,,0,92,,5972,4,,,0,65,,5973,3,,,0,13,,5974,4,,,0,13,,5975,3,,,0,13,,5976,3,,,0,13,,5977,4,,,0,53,,5978,4,,,0,8,,5979,4,,,0,13,,5980,4,,,0,13,,5981,4,,,0,12,,5982,4,,,0,54,,5983,4,,,0,13,,5984,4,,,0,13,,5985,4,,,0,13,,5986,4,,,0,13,,5987,4,,,0,53,,5988,4,,,0,13,,5989,4,,,0,13,,5990,4,,,0,13,,5991,4,,,0,53,,5992,4,,,0,13,,5993,4,,,0,13,,5994,4,,,0,13,,5995,4,,,0,12,,5996,4,,,0,52,,5997,4,,,0,12,,5998,4,,,0,12,,5999,4,,,0,12,,6000,4,,,0,12,,6001,4,,,0,52,,6002,4,,,0,12,,6003,4,,,0,12,,6004,4,,,0,12,,6005,4,,,0,12,,6006,4,,,0,53,,6007,4,,,0,13,,6008,4,,,0,13,,6009,4,,,0,13,,6010,4,,,0,13,,6011,4,,,0,53,,6012,4,,,0,9,,6013,3,,,0,12,,6014,4,,,0,12,,6015,4,,,0,11,,6016,4,,,0,51,,6017,4,,,0,11,,6018,3,,,0,11,,6019,4,,,0,11,,6020,4,,,0,11,,6021,4,,,0,51,,6022,4,,,0,11,,6023,4,,,0,11,,6024,4,,,0,11,,6025,4,,,0,7,,6026,4,,,0,14,,6027,4,,,0,51,,6028,4,,,0,13,,6029,4,,,0,11,,6030,4,,,0,11,,6031,4,,,0,17,,6032,4,,,0,57,,6033,4,,,0,17,,6034,4,,,0,17,,6035,4,,,0,57,,6036,4,,,0,17,,6037,4,,,0,17,,6038,4,,,0,64,,6039,4,,,0,27,,6040,4,,,0,27,,6041,4,,,0,67,,6042,4,,,0
2701,'3',851,,6044,3,,,0,83,,6054,4,,,0,70,,6045,4,,,0,104,,6055,4,,,0,33,,6046,4,,,0,72,,6063,4,,,0,32,,6056,4,,,0,72,,6047,4,,,0,32,,6064,4,,,0,71,,6057,4,,,0,34,,6048,4,,,0,72,,6065,4,,,0,30,,6058,4,,,0,74,,6049,4,,,0,72,,6066,4,,,0,30,,6059,4,,,0,76,,6050,4,,,0,45,,6060,4,,,0,85,,6051,4,,,0,85,,6061,4,,,0,84,,6052,4,,,0,40,,6062,4,,,0,80,,6053,4,,,0,80,,6067,4,,,0
2701,'30',833,,6068,3,,,0,85,,6069,4,,,0,85,,6075,4,,,0,45,,6070,4,,,0,85,,6076,4,,,0,85,,6071,4,,,0,88,,6077,4,,,0,32,,6078,4,,,0,72,,6072,4,,,0,32,,6080,4,,,0,72,,6079,4,,,0,32,,6073,4,,,0,72,,6081,4,,,0,32,,6083,4,,,0,71,,6074,4,,,0,37,,6082,4,,,0,85,,6084,4,,,0,85,,6085,4,,,0
2701,'4',833,,6086,3,,,0,85,,6087,4,,,0,85,,6093,4,,,0,45,,6088,4,,,0,85,,6094,4,,,0,85,,6089,4,,,0,88,,6095,4,,,0,32,,6096,4,,,0,72,,6090,4,,,0,32,,6098,4,,,0,72,,6097,4,,,0,32,,6091,4,,,0,72,,6099,4,,,0,32,,6101,4,,,0,71,,6092,4,,,0,37,,6100,4,,,0,85,,6102,4,,,0,85,,6103,4,,,0
12700,'3302',604,,8344,3,,,0,27,,8345,4,,,0,70,,8346,4,,,0,18,,8347,3,,,0,12,,8348,4,,,0,24,,8349,4,,,0,52,,8350,4,,,0,24,,8351,4,,,0,12,,8352,4,,,0,64,,8353,4,,,0,12,,8354,4,,,0,24,,8355,4,,,0,12,,8356,4,,,0,64,,8357,4,,,0,12,,8358,4,,,0,24,,8359,4,,,0,52,,8360,4,,,0,24,,8361,4,,,0,12,,8362,4,,,0,64,,8363,4,,,0,12,,8364,4,,,0,24,,8365,4,,,0,12,,8366,4,,,0,64,,8367,4,,,0,12,,8368,4,,,0,24,,8369,4,,,0,58,,8370,4,,,0,24,,8371,4,,,0,64,,8372,4,,,0,24,,8373,4,,,0,31,,8374,4,,,0,60,,8375,4,,,0,30,,8376,4,,,0,60,,8377,4,,,0,30,,8378,4,,,0,20,,8379,4,,,0,65,,8380,4,,,0,20,,8381,4,,,0,60,,8382,4,,,0,20,,8383,4,,,0,20,,8384,4,,,0,60,,8385,4,,,0,20,,8386,4,,,0,20,,8387,4,,,0,60,,8388,4,,,0,15,,8389,4,,,0,30,,8390,4,,,0,70,,8391,4,,,0,30,,8392,4,,,0,70,,8393,4,,,0,30,,8394,4,,,0
12700,'3602',743,,8395,4,,,0,76,,8396,4,,,0,36,,8397,4,,,0,76,,8398,4,,,0,76,,8399,4,,,0,36,,8400,4,,,0,76,,8401,4,,,0,36,,8402,4,,,0,76,,8403,4,,,0,76,,8404,4,,,0,36,,8405,4,,,0,63,,8406,3,,,0,19,,8407,4,,,0,24,,8408,4,,,0,64,,8409,4,,,0,24,,8410,4,,,0,69,,8411,4,,,0,20,,8412,4,,,0,10,,8413,4,,,0,20,,8414,4,,,0,60,,8415,4,,,0,10,,8416,4,,,0,20,,8417,4,,,0,60,,8418,4,,,0
12700,'3903',601,,8462,3,,,0,30,,8463,4,,,0,70,,8464,4,,,0,30,,8465,4,,,0,70,,8466,4,,,0,30,,8419,4,,,0,70,,8420,4,,,0,30,,8421,4,,,0,70,,8422,4,,,0,25,,8423,4,,,0,20,,8424,4,,,0,60,,8425,4,,,0,20,,8426,4,,,0,20,,8427,4,,,0,61,,8428,4,,,0,20,,8429,4,,,0,20,,8430,4,,,0,60,,8431,4,,,0,20,,8432,4,,,0,20,,8433,4,,,0,60,,8434,4,,,0,20,,8435,4,,,0,20,,8436,4,,,0,60,,8437,4,,,0,20,,8438,4,,,0,20,,8439,4,,,0,60,,8440,4,,,0,20,,8441,4,,,0,20,,8442,4,,,0,60,,8443,4,,,0,20,,8444,4,,,0,20,,8445,4,,,0,59,,8446,4,,,0,20,,8447,4,,,0,20,,8448,4,,,0,60,,8449,4,,,0,20,,8450,4,,,0,20,,8451,4,,,0,60,,8452,4,,,0,20,,8453,4,,,0,20,,8454,4,,,0,55,,8455,4,,,0,30,,8456,4,,,0,70,,8457,4,,,0,30,,8458,4,,,0,70,,8459,4,,,0,30,,8460,4,,,0,70,,8461,4,,,0
12700,'6404',701,,8499,3,,,0,30,,8500,4,,,0,70,,8501,4,,,0,30,,8502,4,,,0,70,,8503,4,,,0,20,,8467,4,,,0,20,,8468,4,,,0,60,,8469,4,,,0,20,,8470,4,,,0,20,,8471,4,,,0,60,,8472,4,,,0,20,,8473,4,,,0,20,,8474,4,,,0,60,,8475,4,,,0,20,,8476,4,,,0,20,,8477,4,,,0,60,,8478,4,,,0,20,,8479,4,,,0,20,,8480,4,,,0,60,,8481,4,,,0,20,,8482,4,,,0,20,,8483,4,,,0,60,,8484,4,,,0,20,,8485,4,,,0,20,,8486,4,,,0,60,,8487,4,,,0,20,,8488,4,,,0,20,,8489,4,,,0,60,,8490,4,,,0,35,,8491,4,,,0,75,,8492,4,,,0,35,,8493,4,,,0,75,,8494,4,,,0,35,,8495,4,,,0,75,,8496,4,,,0,75,,8497,4,,,0,35,,8498,4,,,0,75,,8504,4,,,0,35,,8505,4,,,0
