101,'2',628,,187,0,10 11 12,0,20,,188,0,13 11 12,0,60,,189,0,10 11 12,0,15,,194,0,13 11 12,0,15,,190,0,10 11 12,0,15,,195,0,13 11 12,0,50,,191,0,10 11 12,0,15,,196,0,13 11 12,0,15,,192,0,10 11 12,0,15,,197,0,13 11 12,0,55,,193,0,10 11 12,0,20,,201,0,13 11 12,0,20,,208,0,10 11 12,0,60,,202,0,13 11 12,0,20,,209,0,10 11 12,0,20,,203,0,13 11 12,0,60,,210,0,10 11 12,0,15,,204,0,13 11 12,0,20,,211,0,10 11 12,0,20,,205,0,13 11 12,0,60,,212,0,10 11 12,0,20,,206,0,13 11 12,0,20,,213,0,10 11 12,0,60,,207,0,13 11 12,0,18,,214,0,10 11 12,0,20,,216,0,13 11 12,0,57,,220,0,10 11 12,0,15,,217,0,13 11 12,0,15,,221,0,10 11 12,0,15,,218,0,13 11 12,0,55,,222,0,10 11 12,0,15,,219,0,13 11 12,0,15,,223,0,10 11 12,0,15,,224,0,13 11 12,0,56,,228,0,10 11 12,0,16,,225,0,13 11 12,0,16,,229,0,10 11 12,0,56,,226,0,13 11 12,0,16,,230,0,10 11 12,0,16,,227,0,13 11 12,0,16,,231,0,10 11 12,0,65,,232,0,13 11 12,0,25,,236,0,10 11 12,0,66,,233,0,13 11 12,0,24,,237,0,10 11 12,0,26,,234,0,13 11 12,0,64,,238,0,10 11 12,0,26,,235,0,13 11 12,0,70,,241,0,10 11 12,0,30,,244,0,13 11 12,0,70,,242,0,10 11 12,0,30,,245,0,13 11 12,0,70,,243,0,10 11 12,0,30,,246,0,13 11 12,0,61,,248,0,10 11 12,0
101,'3',628,,251,0,10 11 12,0,80,,253,0,13 11 12,0,38,,252,0,10 11 12,0,65,,254,0,13 11 12,0,25,,256,0,10 11 12,0,70,,255,0,13 11 12,0,30,,257,0,10 11 12,0,70,,259,0,13 11 12,0,20,,271,0,10 11 12,0,20,,260,0,13 11 12,0,60,,272,0,10 11 12,0,20,,261,0,13 11 12,0,15,,273,0,10 11 12,0,60,,262,0,13 11 12,0,20,,274,0,10 11 12,0,20,,263,0,13 11 12,0,60,,275,0,10 11 12,0,15,,264,0,13 11 12,0,20,,276,0,10 11 12,0,20,,265,0,13 11 12,0,60,,277,0,10 11 12,0,20,,266,0,13 11 12,0,20,,278,0,10 11 12,0,55,,267,0,13 11 12,0,20,,279,0,10 11 12,0,20,,268,0,13 11 12,0,60,,280,0,10 11 12,0,20,,269,0,13 11 12,0,20,,281,0,10 11 12,0,55,,270,0,13 11 12,0,20,,282,0,10 11 12,0,20,,283,0,13 11 12,0,60,,284,0,10 11 12,0,30,,290,0,13 11 12,0,70,,285,0,10 11 12,0,30,,291,0,13 11 12,0,70,,286,0,10 11 12,0,30,,292,0,13 11 12,0,70,,287,0,10 11 12,0,30,,293,0,13 11 12,0,70,,288,0,10 11 12,0,30,,294,0,13 11 12,0,65,,289,0,10 11 12,0,30,,295,0,13 11 12,0,27,,297,0,10 11 12,0
101,'30',833,,301,0,13 11 12,0,72,,305,0,10 11 12,0,32,,302,0,13 11 12,0,72,,306,0,10 11 12,0,32,,303,0,13 11 12,0,72,,307,0,10 11 12,0,27,,304,0,13 11 12,0,65,,309,0,10 11 12,0,25,,316,0,13 11 12,0,20,,310,0,10 11 12,0,65,,317,0,13 11 12,0,25,,311,0,10 11 12,0,65,,318,0,13 11 12,0,25,,312,0,10 11 12,0,25,,319,0,13 11 12,0,65,,313,0,10 11 12,0,25,,320,0,13 11 12,0,65,,314,0,10 11 12,0,25,,321,0,13 11 12,0,65,,315,0,10 11 12,0,25,,322,0,13 11 12,0,25,,323,0,10 11 12,0,70,,329,0,13 11 12,0,30,,324,0,10 11 12,0,70,,330,0,13 11 12,0,30,,325,0,10 11 12,0,70,,331,0,13 11 12,0,30,,326,0,10 11 12,0,70,,332,0,13 11 12,0,30,,327,0,10 11 12,0,70,,333,0,13 11 12,0,38,,328,0,10 11 12,0
101,'4',833,,337,0,13 11 12,0,72,,341,0,10 11 12,0,32,,338,0,13 11 12,0,72,,342,0,10 11 12,0,32,,339,0,13 11 12,0,72,,343,0,10 11 12,0,27,,340,0,13 11 12,0,65,,345,0,10 11 12,0,25,,352,0,13 11 12,0,20,,346,0,10 11 12,0,65,,353,0,13 11 12,0,25,,347,0,10 11 12,0,65,,354,0,13 11 12,0,25,,348,0,10 11 12,0,25,,355,0,13 11 12,0,65,,349,0,10 11 12,0,25,,356,0,13 11 12,0,65,,350,0,10 11 12,0,25,,357,0,13 11 12,0,65,,351,0,10 11 12,0,25,,358,0,13 11 12,0,25,,359,0,10 11 12,0,70,,365,0,13 11 12,0,30,,360,0,10 11 12,0,70,,366,0,13 11 12,0,30,,361,0,10 11 12,0,70,,367,0,13 11 12,0,30,,362,0,10 11 12,0,70,,368,0,13 11 12,0,30,,363,0,10 11 12,0,70,,369,0,13 11 12,0,38,,364,0,10 11 12,0
300,'2',545,,886,,,0,96,,887,,,0,66,,888,,,0,33,,889,,,0,67,,890,,,0,30,,891,,,0,71,,892,,,0,30,,893,,,0,70,,894,,,0,30,,895,,,0,70,,896,,,0,30,,897,,,0,69,,898,,,0,30,,899,,,0,70,,900,,,0,30,,901,,,0,70,,902,,,0,30,,903,,,0,70,,904,,,0,30,,905,,,0,70,,906,,,0,30,,907,,,0,70,,908,,,0,30,,909,,,0,70,,910,,,0,28,,912,,,0,70,,913,,,0,30,,914,,,0,70,,915,,,0,30,,916,,,0,70,,917,,,0,26,,918,,,0,70,,919,,,0,30,,920,,,0,70,,921,,,0,19,,911,,,0
300,'3',654,,922,,,0,100,,923,,,0,102,,924,,,0,102,,925,,,0,72,,927,,,0,75,,928,,,0,35,,929,,,0,74,,930,,,0,35,,931,,,0,75,,932,,,0,35,,933,,,0,75,,934,,,0,75,,935,,,0,35,,936,,,0,75,,937,,,0,35,,938,,,0,75,,939,,,0,76,,940,,,0,100,,941,,,0,100,,942,,,0,100,,943,,,0,100,,944,,,0,108,,926,,,0
300,'30',914,,945,,,0,87,,946,,,0,47,,947,,,0,87,,948,,,0,87,,949,,,0,87,,950,,,0,47,,951,,,0,87,,952,,,0,87,,953,,,0,87,,954,,,0,88,,955,,,0,47,,956,,,0,87,,957,,,0,107,,958,,,0,100,,959,,,0,100,,960,,,0,101,,961,,,0
300,'4',914,,962,,,0,87,,963,,,0,47,,964,,,0,87,,965,,,0,87,,966,,,0,87,,967,,,0,47,,968,,,0,87,,969,,,0,87,,970,,,0,87,,971,,,0,88,,972,,,0,47,,973,,,0,87,,974,,,0,107,,975,,,0,100,,976,,,0,100,,977,,,0,101,,978,,,0
500,'2',626,,1425,0,13 31,0,29,,1427,0,10 31,0,70,,1428,0,13 31,0,30,,1439,0,10 31,0,70,,1429,0,13 31,0,30,,1440,0,10 31,0,70,,1430,0,13 31,0,30,,1441,0,10 31,0,70,,1431,0,13 31,0,30,,1442,0,10 31,0,70,,1432,0,13 31,0,30,,1443,0,10 31,0,70,,1433,0,13 31,0,30,,1444,0,10 31,0,70,,1434,0,13 31,0,30,,1445,0,10 31,0,70,,1435,0,13 31,0,30,,1446,0,10 31,0,70,,1436,0,13 31,0,30,,1447,0,10 31,0,70,,1437,0,13 31,0,30,,1448,0,10 31,0,70,,1438,0,13 31,0,30,,1449,0,10 31,0,60,,1450,0,13 31,0,30,,1453,0,10 31,0,70,,1454,0,10 31,0,30,,1455,0,10 31,0,70,,1456,0,10 31,0,30,,1457,0,10 31,0,70,,1458,0,10 31,0,27,,1459,0,10 31,0,70,,1460,0,10 31,0,25,,1461,0,10 31,0,68,,1462,0,10 31,0,51,,1451,0,10 31,0
500,'3',626,,1463,0,10 31,0,100,,1464,0,10 31,0,100,,1465,0,10 31,0,100,,1466,0,10 31,0,89,,1467,0,13 31,0,35,,1474,0,10 31,0,75,,1468,0,13 31,0,76,,1475,0,10 31,0,35,,1469,0,13 31,0,75,,1476,0,10 31,0,35,,1470,0,13 31,0,75,,1477,0,10 31,0,35,,1471,0,13 31,0,75,,1478,0,10 31,0,75,,1472,0,13 31,0,35,,1479,0,10 31,0,75,,1473,0,13 31,0,35,,1480,0,10 31,0,76,,1481,0,13 31,0,74,,1487,0,10 31,0,35,,1482,0,10 31,0,100,,1483,0,10 31,0,99,,1484,0,10 31,0,110,,1485,0,10 31,0,110,,1486,0,10 31,0
500,'30',852,,1489,0,10 31,0,86,,1490,0,10 31,0,87,,1491,0,10 31,0,87,,1492,0,10 31,0,47,,1493,0,10 31,0,87,,1494,0,10 31,0,87,,1495,0,10 31,0,87,,1496,0,10 31,0,87,,1497,0,10 31,0,47,,1498,0,10 31,0,87,,1499,0,10 31,0,88,,1500,0,10 31,0,87,,1501,0,10 31,0,100,,1502,0,10 31,0,100,,1503,0,10 31,0,100,,1504,0,10 31,0,93,,1505,0,10 31,0,50,,1506,0,10 31,0
500,'4',852,,1508,0,10 31,0,86,,1509,0,10 31,0,87,,1510,0,10 31,0,87,,1511,0,10 31,0,47,,1512,0,10 31,0,87,,1513,0,10 31,0,87,,1514,0,10 31,0,87,,1515,0,10 31,0,87,,1516,0,10 31,0,47,,1517,0,10 31,0,87,,1518,0,10 31,0,88,,1519,0,10 31,0,87,,1520,0,10 31,0,100,,1521,0,10 31,0,100,,1522,0,10 31,0,100,,1523,0,10 31,0,93,,1524,0,10 31,0,50,,1525,0,10 31,0
1301,'2',623,,3408,0,10 14 20,0,10,,3409,,,0,15,,3410,0,10 14 20,0,56,,3411,,,0,10,,3412,0,10 14 20,0,15,,3413,,,0,15,,3414,0,10 14 20,0,15,,3415,,,0,55,,3416,0,10 14 20,0,15,,3417,,,0,15,,3418,0,10 14 20,0,15,,3419,,,0,50,,3420,0,10 14 20,0,15,,3421,,,0,15,,3422,0,10 14 20,0,15,,3423,,,0,55,,3424,0,10 14 20,0,15,,3425,,,0,15,,3426,0,10 14 20,0,15,,3427,,,0,50,,3428,0,10 14 20,0,15,,3429,,,0,15,,3430,0,10 14 20,0,15,,3431,,,0,54,,3432,0,10 14 20,0,15,,3433,,,0,15,,3434,0,10 14 20,0,15,,3435,,,0,55,,3436,0,10 14 20,0,15,,3437,,,0,15,,3438,0,10 14 20,0,15,,3439,,,0,56,,3440,0,10 14 20,0,15,,3441,,,0,15,,3442,0,10 14 20,0,15,,3443,,,0,55,,3444,0,10 14 20,0,15,,3445,,,0,21,,3446,0,10 14 20,0,15,,3447,,,0,55,,3448,0,10 14 20,0,15,,3449,,,0,15,,3450,0,10 14 20,0,15,,3451,,,0,53,,3452,0,10 14 20,0,13,,3453,,,0,15,,3454,0,10 14 20,0,15,,3455,,,0,55,,3456,0,10 14 20,0,20,,3458,,,0,20,,3462,,,0,60,,3459,0,10 14 20,0,15,,3463,,,0,15,,3460,0,10 14 20,0,20,,3464,,,0,60,,3461,0,10 14 20,0,20,,3465,,,0,20,,3466,0,10 14 20,0,65,,3469,,,0,30,,3467,0,10 14 20,0,70,,3470,,,0,25,,3468,0,10 14 20,0,65,,3471,,,0,18,,3472,0,10 14 20,0,74,,3474,,,0,30,,3473,0,10 14 20,0,21,,3475,,,0
1301,'3',624,,3476,0,10 14 20,0,77,,3477,,,0,35,,3478,0,10 14 20,0,20,,3479,,,0,56,,3483,0,10 14 20,0,16,,3480,,,0,16,,3484,0,10 14 20,0,56,,3481,,,0,16,,3485,,,0,16,,3482,0,10 14 20,0,16,,3486,,,0,55,,3487,0,10 14 20,0,15,,3488,,,0,10,,3504,0,10 14 20,0,15,,3489,,,0,15,,3505,0,10 14 20,0,55,,3490,,,0,15,,3506,0,10 14 20,0,15,,3491,,,0,15,,3507,0,10 14 20,0,55,,3492,,,0,15,,3508,0,10 14 20,0,15,,3493,,,0,15,,3509,0,10 14 20,0,55,,3494,,,0,10,,3510,0,10 14 20,0,15,,3495,,,0,15,,3511,0,10 14 20,0,55,,3496,,,0,15,,3512,0,10 14 20,0,15,,3497,,,0,15,,3513,0,10 14 20,0,55,,3498,,,0,15,,3514,0,10 14 20,0,15,,3499,,,0,10,,3515,0,10 14 20,0,55,,3500,,,0,15,,3516,0,10 14 20,0,15,,3501,,,0,15,,3517,0,10 14 20,0,55,,3502,,,0,15,,3518,0,10 14 20,0,15,,3503,,,0,15,,3519,0,10 14 20,0,55,,3524,,,0,15,,3520,0,10 14 20,0,15,,3525,,,0,20,,3521,0,10 14 20,0,60,,3526,,,0,20,,3522,0,10 14 20,0,20,,3527,,,0,60,,3523,0,10 14 20,0,20,,3528,,,0,20,,3529,0,10 14 20,0,65,,3533,,,0,30,,3530,0,10 14 20,0,70,,3534,,,0,20,,3531,0,10 14 20,0,65,,3535,,,0,30,,3532,0,10 14 20,0,70,,3536,,,0,42,,3538,0,10 14 20,0,9,,3537,,,0
1301,'30',653,,3560,0,10 14 20,0,77,,3562,,,0,75,,3561,0,10 14 20,0,35,,3563,,,0,75,,3559,0,10 14 20,0,30,,3558,,,0,71,,3547,0,10 14 20,0,30,,3557,,,0,65,,3546,0,10 14 20,0,30,,3556,,,0,70,,3545,0,10 14 20,0,30,,3555,,,0,70,,3544,0,10 14 20,0,30,,3554,,,0,70,,3543,0,10 14 20,0,30,,3553,,,0,70,,3542,0,10 14 20,0,30,,3552,,,0,65,,3541,0,10 14 20,0,30,,3551,,,0,70,,3540,0,10 14 20,0,30,,3550,,,0,70,,3539,0,10 14 20,0,31,,3549,,,0,65,,3565,0,10 14 20,0,30,,3569,,,0,25,,3566,0,10 14 20,0,65,,3570,,,0,15,,3567,0,10 14 20,0,70,,3571,,,0,30,,3568,0,10 14 20,0,71,,3572,,,0,37,,3573,0,10 14 20,0,9,,3548,,,0
1301,'4',653,,3595,0,10 14 20,0,77,,3597,,,0,75,,3596,0,10 14 20,0,35,,3598,,,0,75,,3594,0,10 14 20,0,30,,3593,,,0,71,,3582,0,10 14 20,0,30,,3592,,,0,65,,3581,0,10 14 20,0,30,,3591,,,0,70,,3580,0,10 14 20,0,30,,3590,,,0,70,,3579,0,10 14 20,0,30,,3589,,,0,70,,3578,0,10 14 20,0,30,,3588,,,0,70,,3577,0,10 14 20,0,30,,3587,,,0,65,,3576,0,10 14 20,0,30,,3586,,,0,70,,3575,0,10 14 20,0,30,,3585,,,0,70,,3574,0,10 14 20,0,31,,3584,,,0,65,,3600,0,10 14 20,0,30,,3604,,,0,25,,3601,0,10 14 20,0,65,,3605,,,0,15,,3602,0,10 14 20,0,70,,3606,,,0,30,,3603,0,10 14 20,0,71,,3607,,,0,37,,3608,0,10 14 20,0,9,,3583,,,0
9001,'2',640,,7187,,,0,76,,7188,,,0,15,,7195,,,0,15,,7194,,,0,55,,7189,,,0,15,,7190,,,0,15,,7196,,,0,15,,7191,,,0,55,,7197,,,0,14,,7192,,,0,15,,7198,,,0,15,,7193,,,0,55,,7199,,,0,15,,7185,,,0,15,,7200,,,0,15,,7184,,,0,55,,7183,,,0,15,,7182,,,0,15,,7201,,,0,15,,7181,,,0,55,,7180,,,0,15,,7179,,,0,15,,7202,,,0,15,,7178,,,0,55,,7177,,,0,15,,7176,,,0,15,,7203,,,0,15,,7175,,,0,55,,7174,,,0,15,,7173,,,0,15,,7204,,,0,15,,7172,,,0,55,,7171,,,0,15,,7170,,,0,15,,7205,,,0,15,,7169,,,0,55,,7168,,,0,19,,7167,,,0,15,,7207,,,0,15,,7166,,,0,55,,7165,,,0,15,,7164,,,0,15,,7206,,,0,15,,7163,0,37 3 46,0,55,,7162,,,0,15,,7186,0,37 3 46,0,25,,7161,,,0,65,,7208,,,0,25,,7209,,,0,25,,7210,,,0,70,,7211,,,0,30,,7212,,,0,68,,7213,0,37 3 46,0
9001,'3',828,,7232,,,0,30,,7233,,,0,70,,7234,,,0,30,,7235,,,0,61,,7236,,,0,25,,7231,,,0,65,,7230,,,0,25,,7229,,,0,25,,7228,,,0,64,,7227,,,0,25,,7226,,,0,65,,7225,,,0,25,,7224,,,0,65,,7223,,,0,25,,7222,,,0,25,,7221,,,0,65,,7220,,,0,25,,7219,,,0,65,,7218,,,0,25,,7217,,,0,25,,7216,,,0,65,,7215,,,0,25,,7214,,,0
9001,'4',958,,7238,,,0,60,,7239,,,0,20,,7240,,,0,20,,7241,,,0,60,,7242,,,0,20,,7243,,,0,20,,7244,,,0,56,,7263,,,0,16,,7245,,,0,16,,7246,,,0,56,,7247,,,0,16,,7248,,,0,16,,7249,,,0,16,,7250,,,0,56,,7251,,,0,16,,7252,,,0,16,,7253,,,0,16,,7254,,,0,56,,7255,,,0,16,,7256,,,0,16,,7257,,,0,16,,7258,,,0,56,,7259,,,0,16,,7260,,,0,16,,7261,,,0,56,,7262,,,0,17,,7264,,,0,21,,7265,,,0,61,,7266,,,0,25,,7267,,,0,18,,7237,,,0,65,,7268,,,0
