1000,'2',621,,2584,62,,,0,15,,2585,62,,,0,15,,2586,77,,,0,55,,2587,62,,,0,15,,2595,77,,,0,15,,2596,62,,,0,20,,2594,77,,,0,55,,2597,62,,,0,21,,2588,77,,,0,19,,2634,77,,,0,57,,2589,77,,,0,14,,2635,77,,,0,15,,2593,77,,,0,18,,2592,77,,,0,69,,2590,77,,,0,30,,2601,77,,,0,70,,2600,77,,,0,30,,2599,77,,,0,71,,2598,77,,,0,32,,2605,77,,,0,52,,2606,62,,,0,28,,2604,77,,,0,13,,2638,62,,,0,57,,2603,77,,,0,19,,2602,77,,,0,11,,2639,62,,,0,22,,2608,77,,,0,63,,2607,77,,,0,18,,2636,77,,,0,16,,2609,77,,,0,55,,2637,77,,,0,19,,2610,77,,,0,18,,2617,77,,,0,52,,2611,77,,,0,18,,2612,77,,,0,17,,2613,77,,,0,17,,2614,77,,,0,56,,2615,77,,,0,15,,2640,77,,,0,12,,2616,77,,,0,73,,2618,77,,,0,12,,2619,77,,,0,33,,2620,77,,,0,73,,2621,77,,,0,30,,2622,77,,,0,70,,2623,77,,,0,75,,2624,77,,,0,22,,2625,77,,,0,78,,2626,77,,,0,33,,2627,77,,,0,70,,2628,77,,,0,35,,2629,77,,,0,75,,2630,77,,,0,30,,2631,77,,,0
1000,'3',628,,2646,62,,,0,75,,2643,62,,,0,35,,2644,77,,,0,77,,2645,77,,,0,37,,2647,77,,,0,70,,2648,77,,,0,15,,2649,77,,,0,71,,2650,77,,,0,32,,2651,77,,,0,70,,2652,77,,,0,30,,2653,77,,,0,71,,2654,77,,,0,41,,2655,77,,,0,70,,2656,77,,,0,30,,2657,77,,,0,70,,2658,77,,,0,31,,2659,77,,,0,70,,2660,77,,,0,30,,2661,77,,,0,65,,2662,77,,,0,12,,2663,77,,,0,70,,2664,77,,,0,30,,2665,77,,,0,70,,2666,77,,,0,26,,2667,77,,,0,28,,2668,77,,,0,65,,2669,77,,,0,30,,2670,77,,,0,70,,2671,77,,,0,30,,2672,77,,,0,68,,2673,77,,,0,30,,2677,77,,,0,64,,2678,77,,,0,25,,2679,77,,,0,65,,2680,77,,,0,25,,2681,77,,,0,30,,2682,77,,,0,61,,2683,77,,,0,87,,2684,77,,,0
1000,'30',722,,2685,62,,,0,37,,2721,77,,,0,60,,2686,77,,,0,37,,2720,77,,,0,60,,2687,77,,,0,30,,2688,77,,,0,70,,2689,77,,,0,30,,2690,77,,,0,65,,2691,77,,,0,25,,2692,77,,,0,65,,2693,77,,,0,28,,2694,77,,,0,71,,2695,77,,,0,30,,2696,77,,,0,70,,2697,77,,,0,30,,2698,77,,,0,70,,2699,77,,,0,30,,2700,77,,,0,70,,2701,77,,,0,30,,2702,77,,,0,70,,2703,77,,,0,29,,2704,77,,,0,29,,2707,77,,,0,70,,2708,77,,,0,30,,2709,77,,,0,70,,2710,77,,,0,30,,2711,77,,,0,66,,2712,77,,,0,30,,2713,77,,,0,70,,2714,77,,,0,26,,2715,77,,,0,70,,2716,77,,,0,32,,2717,77,,,0,70,,2718,77,,,0
1000,'4',722,,2722,62,,,0,37,,2758,77,,,0,60,,2723,77,,,0,37,,2757,77,,,0,60,,2724,77,,,0,30,,2725,77,,,0,70,,2726,77,,,0,30,,2727,77,,,0,65,,2728,77,,,0,25,,2729,77,,,0,65,,2730,77,,,0,28,,2731,77,,,0,71,,2732,77,,,0,30,,2733,77,,,0,70,,2734,77,,,0,30,,2735,77,,,0,70,,2736,77,,,0,30,,2737,77,,,0,70,,2738,77,,,0,30,,2739,77,,,0,70,,2740,77,,,0,29,,2741,77,,,0,29,,2744,77,,,0,70,,2745,77,,,0,30,,2746,77,,,0,70,,2747,77,,,0,30,,2748,77,,,0,66,,2749,77,,,0,30,,2750,77,,,0,70,,2751,77,,,0,26,,2752,77,,,0,70,,2753,77,,,0,32,,2754,77,,,0,70,,2755,77,,,0
2701,'2',546,,6043,4,,,0,92,,5972,5,,,0,65,,5973,4,,,0,13,,5974,5,,,0,13,,5975,4,,,0,13,,5976,4,,,0,13,,5977,5,,,0,53,,5978,5,,,0,8,,5979,5,,,0,13,,5980,5,,,0,13,,5981,5,,,0,12,,5982,5,,,0,54,,5983,5,,,0,13,,5984,5,,,0,13,,5985,5,,,0,13,,5986,5,,,0,53,,5987,5,,,0,13,,5988,5,,,0,13,,5989,5,,,0,13,,5990,5,,,0,13,,5991,5,,,0,53,,5992,5,,,0,13,,5993,5,,,0,13,,5994,5,,,0,13,,5995,5,,,0,12,,5996,5,,,0,52,,5997,5,,,0,12,,5998,5,,,0,12,,5999,5,,,0,12,,6000,5,,,0,12,,6001,5,,,0,52,,6002,5,,,0,12,,6003,5,,,0,12,,6004,5,,,0,12,,6005,5,,,0,12,,6006,5,,,0,53,,6007,5,,,0,13,,6008,5,,,0,13,,6009,5,,,0,13,,6010,5,,,0,53,,6011,5,,,0,13,,6012,5,,,0,9,,6013,4,,,0,12,,6014,5,,,0,12,,6015,5,,,0,11,,6016,5,,,0,51,,6017,5,,,0,11,,6018,4,,,0,11,,6019,5,,,0,11,,6020,5,,,0,11,,6021,5,,,0,51,,6022,5,,,0,11,,6023,5,,,0,11,,6024,5,,,0,11,,6025,5,,,0,7,,6026,5,,,0,14,,6027,5,,,0,51,,6028,5,,,0,13,,6029,5,,,0,11,,6030,5,,,0,11,,6031,5,,,0,57,,6032,5,,,0,17,,6033,5,,,0,17,,6034,5,,,0,17,,6035,5,,,0,57,,6036,5,,,0,17,,6037,5,,,0,17,,6038,5,,,0,63,,6039,5,,,0,27,,6040,5,,,0,67,,6041,5,,,0,27,,6042,5,,,0
2701,'3',852,,6044,4,,,0,83,,6054,5,,,0,71,,6045,5,,,0,104,,6055,5,,,0,33,,6046,5,,,0,72,,6063,5,,,0,32,,6056,5,,,0,72,,6047,5,,,0,32,,6064,5,,,0,71,,6057,5,,,0,34,,6048,5,,,0,72,,6065,5,,,0,30,,6058,5,,,0,74,,6049,5,,,0,72,,6066,5,,,0,30,,6059,5,,,0,75,,6050,5,,,0,45,,6060,5,,,0,85,,6051,5,,,0,85,,6061,5,,,0,84,,6052,5,,,0,40,,6062,5,,,0,80,,6053,5,,,0,80,,6067,5,,,0
2701,'30',834,,6068,4,,,0,85,,6069,5,,,0,85,,6075,5,,,0,45,,6070,5,,,0,85,,6076,5,,,0,86,,6071,5,,,0,88,,6077,5,,,0,32,,6078,5,,,0,72,,6072,5,,,0,32,,6080,5,,,0,72,,6079,5,,,0,32,,6073,5,,,0,72,,6081,5,,,0,32,,6083,5,,,0,70,,6074,5,,,0,37,,6082,5,,,0,85,,6084,5,,,0,85,,6085,5,,,0
2701,'4',834,,6086,4,,,0,85,,6087,5,,,0,85,,6093,5,,,0,45,,6088,5,,,0,85,,6094,5,,,0,86,,6089,5,,,0,88,,6095,5,,,0,32,,6096,5,,,0,72,,6090,5,,,0,32,,6098,5,,,0,72,,6097,5,,,0,32,,6091,5,,,0,72,,6099,5,,,0,32,,6101,5,,,0,70,,6092,5,,,0,37,,6100,5,,,0,85,,6102,5,,,0,85,,6103,5,,,0
12700,'3302',605,,8344,4,,,0,27,,8345,5,,,0,70,,8346,5,,,0,18,,8347,4,,,0,12,,8348,5,,,0,24,,8349,5,,,0,52,,8350,5,,,0,24,,8351,5,,,0,12,,8352,5,,,0,64,,8353,5,,,0,12,,8354,5,,,0,24,,8355,5,,,0,12,,8356,5,,,0,64,,8357,5,,,0,12,,8358,5,,,0,24,,8359,5,,,0,52,,8360,5,,,0,24,,8361,5,,,0,12,,8362,5,,,0,64,,8363,5,,,0,12,,8364,5,,,0,24,,8365,5,,,0,12,,8366,5,,,0,64,,8367,5,,,0,12,,8368,5,,,0,24,,8369,5,,,0,58,,8370,5,,,0,24,,8371,5,,,0,64,,8372,5,,,0,24,,8373,5,,,0,31,,8374,5,,,0,60,,8375,5,,,0,30,,8376,5,,,0,60,,8377,5,,,0,30,,8378,5,,,0,20,,8379,5,,,0,65,,8380,5,,,0,20,,8381,5,,,0,60,,8382,5,,,0,20,,8383,5,,,0,20,,8384,5,,,0,60,,8385,5,,,0,20,,8386,5,,,0,20,,8387,5,,,0,60,,8388,5,,,0,15,,8389,5,,,0,30,,8390,5,,,0,70,,8391,5,,,0,30,,8392,5,,,0,70,,8393,5,,,0,30,,8394,5,,,0
12700,'3602',744,,8395,5,,,0,76,,8396,5,,,0,36,,8397,5,,,0,76,,8398,5,,,0,76,,8399,5,,,0,36,,8400,5,,,0,76,,8401,5,,,0,36,,8402,5,,,0,76,,8403,5,,,0,76,,8404,5,,,0,36,,8405,5,,,0,63,,8406,4,,,0,19,,8407,5,,,0,24,,8408,5,,,0,64,,8409,5,,,0,24,,8410,5,,,0,69,,8411,5,,,0,20,,8412,5,,,0,10,,8413,5,,,0,20,,8414,5,,,0,60,,8415,5,,,0,10,,8416,5,,,0,20,,8417,5,,,0,60,,8418,5,,,0
12700,'3903',602,,8462,4,,,0,30,,8463,5,,,0,70,,8464,5,,,0,30,,8465,5,,,0,70,,8466,5,,,0,30,,8419,5,,,0,70,,8420,5,,,0,30,,8421,5,,,0,70,,8422,5,,,0,25,,8423,5,,,0,20,,8424,5,,,0,60,,8425,5,,,0,20,,8426,5,,,0,20,,8427,5,,,0,62,,8428,5,,,0,20,,8429,5,,,0,20,,8430,5,,,0,60,,8431,5,,,0,20,,8432,5,,,0,20,,8433,5,,,0,60,,8434,5,,,0,20,,8435,5,,,0,20,,8436,5,,,0,60,,8437,5,,,0,20,,8438,5,,,0,20,,8439,5,,,0,60,,8440,5,,,0,20,,8441,5,,,0,20,,8442,5,,,0,60,,8443,5,,,0,20,,8444,5,,,0,20,,8445,5,,,0,58,,8446,5,,,0,20,,8447,5,,,0,20,,8448,5,,,0,60,,8449,5,,,0,20,,8450,5,,,0,20,,8451,5,,,0,60,,8452,5,,,0,20,,8453,5,,,0,20,,8454,5,,,0,55,,8455,5,,,0,30,,8456,5,,,0,70,,8457,5,,,0,30,,8458,5,,,0,70,,8459,5,,,0,30,,8460,5,,,0,70,,8461,5,,,0
12700,'6404',702,,8499,4,,,0,30,,8500,5,,,0,70,,8501,5,,,0,30,,8502,5,,,0,70,,8503,5,,,0,20,,8467,5,,,0,20,,8468,5,,,0,60,,8469,5,,,0,20,,8470,5,,,0,20,,8471,5,,,0,60,,8472,5,,,0,20,,8473,5,,,0,20,,8474,5,,,0,61,,8475,5,,,0,20,,8476,5,,,0,20,,8477,5,,,0,60,,8478,5,,,0,20,,8479,5,,,0,20,,8480,5,,,0,60,,8481,5,,,0,20,,8482,5,,,0,20,,8483,5,,,0,60,,8484,5,,,0,20,,8485,5,,,0,20,,8486,5,,,0,60,,8487,5,,,0,20,,8488,5,,,0,20,,8489,5,,,0,59,,8490,5,,,0,35,,8491,5,,,0,75,,8492,5,,,0,35,,8493,5,,,0,75,,8494,5,,,0,35,,8495,5,,,0,75,,8496,5,,,0,75,,8497,5,,,0,35,,8498,5,,,0,75,,8504,5,,,0,35,,8505,5,,,0
