3400,'2',632,,6561,42,0,14,0,81,,6562,42,0,14,0,36,,6577,42,0,14,0,80,,6572,42,0,14,0,82,,6571,42,0,14,0,40,,6573,42,0,14,0,80,,6563,42,0,14,0,80,,6564,42,0,14,0,40,,6565,42,0,14,0,86,,6566,42,0,14,0,80,,6567,42,0,14,0,40,,6568,42,0,14,0,83,,6569,42,0,14,0,80,,6570,42,0,14,0,80,,6578,42,0,14,0,38,,6579,42,0,14,0,80,,6580,42,0,14,0,40,,6581,42,0,14,0,77,,6582,42,0,14,0,80,,6583,42,0,14,0,40,,6589,42,0,14,0,80,,6584,42,0,14,0,80,,6585,42,0,14,0,39,,6586,42,0,14,0,80,,6588,42,0,14,0,80,,6587,42,0,14,0,40,,6574,42,0,14,0
3400,'3',818,,6599,42,0,14,0,39,,6597,42,0,14,0,80,,6598,42,0,14,0,82,,6590,42,0,14,0,82,,6591,42,0,14,0,40,,6592,42,0,14,0,80,,6593,42,0,14,0,80,,6594,42,0,14,0,40,,6595,42,0,14,0,80,,6596,42,0,14,0,82,,6600,42,0,14,0,40,,6601,42,0,14,0,80,,6602,42,0,14,0,80,,6603,42,0,14,0,40,,6604,42,0,14,0,80,,6605,42,0,14,0,82,,6606,42,0,14,0,40,,6607,42,0,14,0,80,,6608,42,0,14,0,80,,6609,42,0,14,0,34,,6610,42,0,14,0,80,,6611,42,0,14,0,40,,6612,42,0,14,0
3400,'30',1032,,6613,42,0,14,0,80,,6614,42,0,14,0,40,,6615,42,0,14,0,80,,6616,42,0,14,0,80,,6617,42,0,14,0,40,,6618,42,0,14,0,77,,6619,42,0,14,0,80,,6620,42,0,14,0,40,,6621,42,0,14,0,80,,6622,42,0,14,0,80,,6623,42,0,14,0,40,,6624,42,0,14,0,80,,6625,42,0,14,0,80,,6626,42,0,14,0,40,,6627,42,0,14,0,80,,6628,42,0,14,0,80,,6629,42,0,14,0
3400,'4',1032,,6630,42,0,14,0,80,,6631,42,0,14,0,40,,6632,42,0,14,0,80,,6633,42,0,14,0,80,,6634,42,0,14,0,40,,6635,42,0,14,0,77,,6636,42,0,14,0,80,,6637,42,0,14,0,40,,6638,42,0,14,0,80,,6639,42,0,14,0,80,,6640,42,0,14,0,40,,6641,42,0,14,0,80,,6642,42,0,14,0,80,,6643,42,0,14,0,40,,6644,42,0,14,0,80,,6645,42,0,14,0,80,,6646,42,0,14,0
9300,'2',630,,7497,35,,,0,93,,7498,35,,,0,34,,7499,35,,,0,70,,7521,35,,,0,87,,7500,35,,,0,26,,7501,35,,,0,68,,7502,35,,,0,35,,7503,35,,,0,75,,7504,35,,,0,25,,7505,35,,,0,70,,7506,35,,,0,31,,7507,35,,,0,68,,7508,35,,,0,30,,7509,35,,,0,72,,7510,35,,,0,34,,7511,35,,,0,53,,7513,35,,,0,10,,7512,35,,,0,37,,7514,35,,,0,69,,7515,35,,,0,31,,7516,35,,,0,70,,7517,35,,,0,33,,7518,35,,,0,63,,7519,35,,,0,22,,7523,35,,,0,68,,7524,35,,,0,25,,7527,35,,,0,30,,7520,35,,,0,76,,7525,35,,,0,66,,7528,35,,,0,27,,7522,35,,,0,75,,7530,35,,,0,98,,7526,35,,,0,29,,7531,35,,,0,95,,7529,35,,,0
9300,'3',843,,7533,35,,,0,65,,7534,35,,,0,25,,7535,35,,,0,25,,7536,35,,,0,65,,7537,35,,,0,18,,7538,35,,,0,69,,7539,35,,,0,30,,7540,35,,,0,70,,7541,35,,,0,30,,7542,35,,,0,69,,7543,35,,,0,39,,7544,35,,,0,70,,7545,35,,,0,30,,7546,35,,,0,80,,7547,35,,,0,30,,7548,35,,,0,70,,7549,35,,,0,75,,7550,35,,,0,35,,7551,35,,,0,70,,7552,35,,,0,28,,7553,35,,,0,22,,7554,35,,,0,65,,7555,35,,,0,22,,7556,35,,,0,65,,7557,35,,,0,25,,7558,35,,,0,65,,7559,35,,,0,25,,7560,35,,,0,28,,7561,35,,,0,65,,7562,35,,,0,41,,7563,35,,,0,65,,7564,35,,,0,25,,7565,35,,,0
9300,'30',826,,7593,35,,,0,28,,7568,35,,,0,75,,7569,35,,,0,75,,7570,35,,,0,35,,7571,35,,,0,75,,7572,35,,,0,35,,7573,35,,,0,75,,7574,35,,,0,77,,7575,35,,,0,37,,7576,35,,,0,77,,7577,35,,,0,37,,7578,35,,,0,77,,7579,35,,,0,77,,7580,35,,,0,37,,7581,35,,,0,77,,7582,35,,,0,37,,7583,35,,,0,77,,7584,35,,,0,77,,7585,35,,,0,37,,7586,35,,,0,77,,7587,35,,,0,77,,7588,35,,,0,37,,7589,35,,,0,77,,7590,35,,,0,32,,7591,35,,,0
9300,'4',826,,7619,35,,,0,28,,7594,35,,,0,75,,7595,35,,,0,75,,7596,35,,,0,35,,7597,35,,,0,75,,7598,35,,,0,35,,7599,35,,,0,75,,7600,35,,,0,77,,7601,35,,,0,37,,7602,35,,,0,77,,7603,35,,,0,37,,7604,35,,,0,77,,7605,35,,,0,77,,7606,35,,,0,37,,7607,35,,,0,77,,7608,35,,,0,37,,7609,35,,,0,77,,7610,35,,,0,77,,7611,35,,,0,37,,7612,35,,,0,77,,7613,35,,,0,77,,7614,35,,,0,37,,7615,35,,,0,77,,7616,35,,,0,32,,7617,35,,,0
10200,'3302',831,,7815,2,,,0,10,,7816,2,,,0,60,,7817,2,,,0,21,,7818,2,,,0,10,,7819,2,,,0,20,,7820,2,,,0,60,,7821,2,,,0,5,,7822,2,,,0,18,,7823,2,,,0,22,,7824,2,,,0,51,,7825,2,,,0,11,,7826,2,,,0,21,,7827,2,,,0,11,,7828,2,,,0,51,,7829,2,,,0,22,,7830,2,,,0,11,,7831,2,,,0,11,,7832,2,,,0,62,,7833,2,,,0,11,,7834,2,,,0,11,,7835,2,,,0,21,,7836,2,,,0,51,,7837,2,,,0,13,,7838,2,,,0,25,,7839,2,,,0,12,,7840,2,,,0,52,,7841,2,,,0,22,,7842,2,,,0,13,,7843,2,,,0,12,,7844,2,,,0,64,,7845,2,,,0,12,,7846,2,,,0,12,,7847,2,,,0,64,,7848,2,,,0,17,,7849,2,,,0,12,,7850,2,,,0,16,,7852,2,,,0,11,,7851,2,,,0,53,,7853,2,,,0,30,,7854,2,,,0,15,,7855,2,,,0,70,,7856,2,,,0,15,,7857,2,,,0,70,,7858,2,,,0,17,,7859,2,,,0,28,,7860,2,,,0,60,,7861,2,,,0,20,,7862,2,,,0,20,,7863,2,,,0,60,,7864,2,,,0,20,,7865,2,,,0,20,,7866,2,,,0,60,,7867,2,,,0,17,,7869,2,,,0,20,,7868,2,,,0
10200,'3602',850,,7870,2,,,0,62,,7871,2,,,0,30,,7872,2,,,0,60,,7873,2,,,0,19,,7877,2,,,0,25,,7874,2,,,0,84,,7875,2,,,0,83,,7876,2,,,0,44,,7878,2,,,0,84,,7879,2,,,0,87,,7880,2,,,0,88,,7881,2,,,0,87,,7882,2,,,0,48,,7883,2,,,0,91,,7884,2,,,0,85,,7885,2,,,0,85,,7886,2,,,0,45,,7887,2,,,0,82,,7888,2,,,0
10200,'3903',1101,,7889,2,,,0,42,,7890,2,,,0,83,,7891,2,,,0,80,,7892,2,,,0,40,,7893,2,,,0,80,,7894,2,,,0,80,,7895,2,,,0,41,,7896,2,,,0,84,,7897,2,,,0,85,,7898,2,,,0,85,,7899,2,,,0,40,,7900,2,,,0,80,,7901,2,,,0,80,,7902,2,,,0,40,,7903,2,,,0,75,,7904,2,,,0,35,,7905,2,,,0,75,,7906,2,,,0,75,,7907,2,,,0
10200,'6404',1101,,7908,2,,,0,42,,7909,2,,,0,83,,7910,2,,,0,80,,7911,2,,,0,40,,7912,2,,,0,80,,7913,2,,,0,80,,7914,2,,,0,41,,7915,2,,,0,84,,7916,2,,,0,85,,7917,2,,,0,85,,7918,2,,,0,40,,7919,2,,,0,80,,7920,2,,,0,80,,7921,2,,,0,40,,7922,2,,,0,75,,7923,2,,,0,35,,7924,2,,,0
