3100,'2',633,,23511,1,,,0,88,,23512,1,,,0,33,,23513,1,,,0,68,,23514,1,,,0,28,,23515,1,,,0,68,,23516,1,,,0,23,,23517,1,,,0,67,,23518,1,,,0,27,,23519,1,,,0,67,,23520,1,,,0,27,,23521,1,,,0,27,,23522,1,,,0,67,,23523,1,,,0,28,,23524,1,,,0,67,,23525,1,,,0,27,,23526,1,,,0,67,,23527,1,,,0,32,,23528,1,,,0,70,,23529,1,,,0,30,,23530,1,,,0,70,,23531,1,,,0,30,,23532,1,,,0,70,,23533,1,,,0,27,,23534,1,,,0,70,,23535,1,,,0,30,,23536,1,,,0,70,,23537,1,,,0,30,,23538,1,,,0,70,,23539,1,,,0,30,,23540,1,,,0,70,,23541,1,,,0,30,,23542,1,,,0,70,,23543,1,,,0,30,,23544,1,,,0
3100,'3',800,,23574,1,,,0,25,,23573,1,,,0,24,,23572,1,,,0,65,,23545,1,,,0,25,,23571,1,,,0,65,,23546,1,,,0,25,,23547,1,,,0,25,,23548,1,,,0,65,,23549,1,,,0,25,,23550,1,,,0,65,,23551,1,,,0,25,,23552,1,,,0,25,,23553,1,,,0,65,,23554,1,,,0,25,,23555,1,,,0,67,,23556,1,,,0,27,,23557,1,,,0,67,,23558,1,,,0,27,,23559,1,,,0,67,,23560,1,,,0,27,,23561,1,,,0,27,,23562,1,,,0,67,,23563,1,,,0,27,,23564,1,,,0,66,,23575,1,,,0,25,,23565,1,,,0,66,,23576,1,,,0,25,,23566,1,,,0,66,,23577,1,,,0,26,,23567,1,,,0,25,,23578,1,,,0,65,,23568,1,,,0,24,,23579,1,,,0,62,,23569,1,,,0,21,,23580,1,,,0,21,,23570,1,,,0,66,,23581,1,,,0
3100,'30',850,,23582,1,,,0,65,,23583,1,,,0,25,,23584,1,,,0,65,,23585,1,,,0,25,,23586,1,,,0,25,,23587,1,,,0,65,,23588,1,,,0,25,,23589,1,,,0,65,,23590,1,,,0,25,,23596,1,,,0,65,,23597,1,,,0,25,,23598,1,,,0,25,,23599,1,,,0,65,,23600,1,,,0,25,,23601,1,,,0,65,,23602,1,,,0,25,,23603,1,,,0,25,,23591,1,,,0,65,,23604,1,,,0,25,,23592,1,,,0,65,,23605,1,,,0,25,,23593,1,,,0,65,,23606,1,,,0,25,,23594,1,,,0,25,,23607,1,,,0,65,,23595,1,,,0,25,,23608,1,,,0
3100,'4',850,,23609,1,,,0,65,,23610,1,,,0,25,,23611,1,,,0,65,,23612,1,,,0,25,,23613,1,,,0,25,,23614,1,,,0,65,,23615,1,,,0,25,,23616,1,,,0,65,,23617,1,,,0,25,,23623,1,,,0,65,,23624,1,,,0,25,,23625,1,,,0,25,,23626,1,,,0,65,,23627,1,,,0,25,,23628,1,,,0,65,,23629,1,,,0,25,,23630,1,,,0,25,,23618,1,,,0,65,,23631,1,,,0,25,,23619,1,,,0,65,,23632,1,,,0,25,,23620,1,,,0,65,,23633,1,,,0,25,,23621,1,,,0,25,,23634,1,,,0,65,,23622,1,,,0,25,,23635,1,,,0
3101,'2',631,,23636,23,4,,0,88,,23637,23,4,,0,33,,23638,23,4,,0,68,,23639,23,4,,0,28,,23640,23,4,,0,68,,23641,23,4,,0,23,,23642,23,4,,0,67,,23643,23,4,,0,27,,23644,23,4,,0,67,,23645,23,4,,0,27,,23646,23,4,,0,27,,23647,23,4,,0,67,,23648,23,4,,0,28,,23649,23,4,,0,67,,23650,23,4,,0,27,,23651,23,4,,0,67,,23652,23,4,,0,32,,23653,23,4,,0,70,,23654,23,4,,0,30,,23655,23,4,,0,70,,23656,23,4,,0,29,,23657,23,4,,0,70,,23658,23,4,,0,30,,23659,23,4,,0,70,,23660,23,4,,0,27,,23661,23,4,,0,70,,23662,23,4,,0,30,,23663,23,4,,0,70,,23664,23,4,,0,30,,23665,23,4,,0,63,,23666,23,4,,0,30,,23667,23,4,,0,70,,23668,23,4,,0,30,,23669,23,4,,0,70,,23670,23,4,,0
3101,'3',822,,23699,23,4,,0,25,,23698,23,4,,0,65,,23671,23,4,,0,25,,23697,23,4,,0,65,,23672,23,4,,0,26,,23673,23,4,,0,24,,23674,23,4,,0,65,,23675,23,4,,0,25,,23676,23,4,,0,65,,23677,23,4,,0,25,,23678,23,4,,0,25,,23679,23,4,,0,65,,23680,23,4,,0,25,,23681,23,4,,0,65,,23682,23,4,,0,28,,23683,23,4,,0,67,,23684,23,4,,0,27,,23685,23,4,,0,67,,23686,23,4,,0,27,,23687,23,4,,0,27,,23688,23,4,,0,67,,23689,23,4,,0,27,,23690,23,4,,0,66,,23700,23,4,,0,25,,23691,23,4,,0,66,,23701,23,4,,0,26,,23692,23,4,,0,26,,23702,23,4,,0,65,,23693,23,4,,0,25,,23703,23,4,,0,65,,23694,23,4,,0,25,,23704,23,4,,0,21,,23695,23,4,,0,62,,23705,23,4,,0,22,,23696,23,4,,0,65,,23706,23,4,,0,25,,23707,23,4,,0
3101,'30',848,,23708,23,4,,0,65,,23723,23,4,,0,25,,23709,23,4,,0,65,,23724,23,4,,0,25,,23710,23,4,,0,25,,23725,23,4,,0,65,,23711,23,4,,0,25,,23726,23,4,,0,66,,23712,23,4,,0,26,,23727,23,4,,0,65,,23713,23,4,,0,25,,23728,23,4,,0,25,,23714,23,4,,0,65,,23729,23,4,,0,25,,23715,23,4,,0,65,,23730,23,4,,0,25,,23716,23,4,,0,25,,23731,23,4,,0,65,,23717,23,4,,0,25,,23732,23,4,,0,65,,23718,23,4,,0,25,,23733,23,4,,0,65,,23719,23,4,,0,25,,23734,23,4,,0,25,,23720,23,4,,0,65,,23735,23,4,,0,25,,23721,23,4,,0,65,,23736,23,4,,0,25,,23722,23,4,,0
3101,'4',848,,23737,23,4,,0,65,,23752,23,4,,0,25,,23738,23,4,,0,65,,23753,23,4,,0,25,,23739,23,4,,0,25,,23754,23,4,,0,65,,23740,23,4,,0,25,,23755,23,4,,0,66,,23741,23,4,,0,26,,23756,23,4,,0,65,,23742,23,4,,0,25,,23757,23,4,,0,25,,23743,23,4,,0,65,,23758,23,4,,0,25,,23744,23,4,,0,65,,23759,23,4,,0,25,,23745,23,4,,0,25,,23760,23,4,,0,65,,23746,23,4,,0,25,,23761,23,4,,0,65,,23747,23,4,,0,25,,23762,23,4,,0,65,,23748,23,4,,0,25,,23763,23,4,,0,25,,23749,23,4,,0,65,,23764,23,4,,0,25,,23750,23,4,,0,65,,23765,23,4,,0,25,,23751,23,4,,0
3300,'2',716,,23767,1,,,0,35,,23768,1,,,0,75,,23769,1,,,0,74,,23770,1,,,0,34,,23771,1,,,0,75,,23772,1,,,0,35,,23773,1,,,0,75,,23774,1,,,0,35,,23775,1,,,0,75,,23776,1,,,0,76,,23777,1,,,0,35,,23778,1,,,0,76,,23779,1,,,0,41,,23780,1,,,0,80,,23781,1,,,0,81,,23782,1,,,0,39,,23783,1,,,0,80,,23784,1,,,0,77,,23785,1,,,0,34,,23786,1,,,0,75,,23787,1,,,0,35,,23788,1,,,0,75,,23789,1,,,0,74,,23790,1,,,0,34,,23791,1,,,0,75,,23792,1,,,0
3301,'2',716,,23793,15,4,,0,35,,23794,15,4,,0,75,,23795,15,4,,0,74,,23796,15,4,,0,34,,23797,15,4,,0,75,,23798,15,4,,0,35,,23799,15,4,,0,75,,23800,15,4,,0,35,,23801,15,4,,0,75,,23802,15,4,,0,76,,23803,15,4,,0,35,,23804,15,4,,0,76,,23805,15,4,,0,41,,23806,15,4,,0,80,,23807,15,4,,0,81,,23808,15,4,,0,39,,23810,15,4,,0,80,,23811,15,4,,0,77,,23812,15,4,,0,34,,23813,15,4,,0,75,,23814,15,4,,0,35,,23815,15,4,,0,75,,23816,15,4,,0,74,,23809,15,4,,0,34,,23818,15,4,,0,75,,23819,15,4,,0
