2700,'2',637,,23210,38,4,,0,70,,23211,38,4,,0,33,,23207,38,4,,0,16,,23208,38,4,,0,56,,23219,38,4,,0,14,,23252,38,4,,0,17,,23212,38,4,,0,16,,23236,38,4,,0,57,,23228,38,4,,0,16,,23244,38,4,,0,15,,23220,38,4,,0,56,,23251,38,4,,0,15,,23213,38,4,,0,17,,23237,38,4,,0,17,,23229,38,4,,0,56,,23245,38,4,,0,15,,23221,38,4,,0,16,,23250,38,4,,0,15,,23214,38,4,,0,57,,23238,38,4,,0,17,,23230,38,4,,0,17,,23246,38,4,,0,55,,23222,38,4,,0,16,,23253,38,4,,0,15,,23215,38,4,,0,16,,23239,38,4,,0,57,,23231,38,4,,0,17,,23247,38,4,,0,15,,23223,38,4,,0,13,,23254,38,4,,0,55,,23216,38,4,,0,16,,23240,38,4,,0,20,,23232,38,4,,0,17,,23248,38,4,,0,55,,23224,38,4,,0,13,,23255,38,4,,0,15,,23217,38,4,,0,13,,23209,38,4,,0,59,,23241,38,4,,0,20,,23233,38,4,,0,18,,23249,38,4,,0,54,,23225,38,4,,0,13,,23256,38,4,,0,15,,23218,38,4,,0,5,,23258,38,4,,0,21,,23242,38,4,,0,60,,23234,38,4,,0,26,,23226,38,4,,0,13,,23257,38,4,,0,60,,23259,38,4,,0,20,,23243,38,4,,0,21,,23235,38,4,,0,66,,23227,38,4,,0,13,,23264,38,4,,0,14,,23260,38,4,,0,70,,23261,38,4,,0,30,,23262,38,4,,0,70,,23263,38,4,,0
2700,'3',930,,23265,38,4,,0,29,,23267,38,4,,0,98,,23276,38,4,,0,76,,23268,38,4,,0,72,,23286,38,4,,0,32,,23277,38,4,,0,72,,23269,38,4,,0,32,,23266,38,4,,0,72,,23278,38,4,,0,34,,23270,38,4,,0,72,,23285,38,4,,0,30,,23279,38,4,,0,74,,23271,38,4,,0,32,,23287,38,4,,0,70,,23280,38,4,,0,34,,23272,38,4,,0,72,,23288,38,4,,0,17,,23281,38,4,,0,85,,23273,38,4,,0,85,,23282,38,4,,0,85,,23274,38,4,,0,40,,23283,38,4,,0,80,,23275,38,4,,0,80,,23284,38,4,,0
2700,'30',912,,23289,38,4,,0,45,,23296,38,4,,0,85,,23290,38,4,,0,85,,23297,38,4,,0,85,,23291,38,4,,0,88,,23298,38,4,,0,32,,23300,38,4,,0,27,,23292,38,4,,0,77,,23299,38,4,,0,72,,23301,38,4,,0,32,,23293,38,4,,0,72,,23302,38,4,,0,32,,23304,38,4,,0,72,,23294,38,4,,0,36,,23303,38,4,,0,86,,23295,38,4,,0,85,,23306,38,4,,0,85,,23305,38,4,,0
2700,'4',912,,23307,38,4,,0,45,,23314,38,4,,0,85,,23308,38,4,,0,85,,23315,38,4,,0,85,,23309,38,4,,0,88,,23316,38,4,,0,32,,23318,38,4,,0,27,,23310,38,4,,0,77,,23317,38,4,,0,72,,23319,38,4,,0,32,,23311,38,4,,0,72,,23320,38,4,,0,32,,23322,38,4,,0,72,,23312,38,4,,0,36,,23321,38,4,,0,86,,23313,38,4,,0,85,,23324,38,4,,0,85,,23323,38,4,,0
2701,'2',640,,23334,1,,,0,71,,23327,1,,,0,33,,23344,1,,,0,56,,23361,1,,,0,16,,23335,1,,,0,14,,23369,1,,,0,17,,23328,1,,,0,55,,23353,1,,,0,17,,23345,1,,,0,16,,23362,1,,,0,15,,23336,1,,,0,56,,23368,1,,,0,15,,23329,1,,,0,17,,23354,1,,,0,17,,23346,1,,,0,56,,23363,1,,,0,15,,23337,1,,,0,16,,23370,1,,,0,15,,23330,1,,,0,57,,23355,1,,,0,17,,23347,1,,,0,17,,23364,1,,,0,55,,23338,1,,,0,16,,23371,1,,,0,15,,23331,1,,,0,16,,23356,1,,,0,58,,23348,1,,,0,17,,23365,1,,,0,15,,23339,1,,,0,13,,23372,1,,,0,55,,23332,1,,,0,16,,23357,1,,,0,20,,23349,1,,,0,56,,23366,1,,,0,14,,23340,1,,,0,13,,23373,1,,,0,15,,23333,1,,,0,13,,23377,1,,,0,59,,23358,1,,,0,20,,23350,1,,,0,18,,23367,1,,,0,55,,23341,1,,,0,13,,23374,1,,,0,20,,23376,1,,,0,60,,23359,1,,,0,21,,23351,1,,,0,26,,23342,1,,,0,53,,23375,1,,,0,20,,23378,1,,,0,20,,23360,1,,,0,60,,23352,1,,,0,26,,23343,1,,,0,27,,23379,1,,,0,70,,23380,1,,,0
2701,'3',932,,23391,1,,,0,27,,23382,1,,,0,144,,23392,1,,,0,32,,23383,1,,,0,72,,23400,1,,,0,32,,23393,1,,,0,72,,23384,1,,,0,32,,23401,1,,,0,72,,23394,1,,,0,34,,23385,1,,,0,72,,23402,1,,,0,30,,23395,1,,,0,74,,23386,1,,,0,32,,23403,1,,,0,70,,23396,1,,,0,78,,23387,1,,,0,45,,23397,1,,,0,85,,23388,1,,,0,85,,23398,1,,,0,85,,23389,1,,,0,40,,23399,1,,,0,80,,23390,1,,,0,80,,23404,1,,,0
2701,'30',914,,23406,1,,,0,45,,23412,1,,,0,85,,23407,1,,,0,85,,23413,1,,,0,85,,23408,1,,,0,88,,23414,1,,,0,32,,23415,1,,,0,72,,23409,1,,,0,32,,23417,1,,,0,72,,23416,1,,,0,32,,23410,1,,,0,72,,23418,1,,,0,32,,23420,1,,,0,72,,23411,1,,,0,37,,23419,1,,,0,85,,23421,1,,,0,85,,23422,1,,,0
2701,'4',914,,23424,1,,,0,45,,23430,1,,,0,85,,23425,1,,,0,85,,23431,1,,,0,85,,23426,1,,,0,88,,23432,1,,,0,32,,23433,1,,,0,72,,23427,1,,,0,32,,23435,1,,,0,72,,23434,1,,,0,32,,23428,1,,,0,72,,23436,1,,,0,32,,23438,1,,,0,72,,23429,1,,,0,37,,23437,1,,,0,85,,23439,1,,,0,85,,23440,1,,,0
9100,'2',711,,24528,1,,,0,15,,24529,1,,,0,15,,24530,1,,,0,10,,24531,1,,,0,55,,24532,1,,,0,15,,24533,1,,,0,17,,24534,1,,,0,19,,24535,1,,,0,57,,24536,1,,,0,17,,24537,1,,,0,17,,24538,1,,,0,57,,24539,1,,,0,17,,24540,1,,,0,17,,24541,1,,,0,17,,24542,1,,,0,57,,24543,1,,,0,17,,24544,1,,,0,17,,24545,1,,,0,58,,24546,1,,,0,18,,24547,1,,,0,18,,24548,1,,,0,18,,24549,1,,,0,58,,24550,1,,,0,18,,24551,1,,,0,18,,24552,1,,,0,56,,24553,1,,,0,16,,24554,1,,,0,15,,24555,1,,,0,15,,24556,1,,,0,55,,24557,1,,,0,15,,24558,1,,,0,15,,24559,1,,,0,15,,24560,1,,,0,55,,24561,1,,,0,15,,24562,1,,,0,15,,24563,1,,,0,15,,24564,1,,,0,55,,24565,1,,,0,15,,24566,1,,,0,15,,24567,1,,,0,12,,24568,1,,,0,56,,24569,1,,,0,13,,24570,1,,,0,16,,24571,1,,,0,16,,24572,1,,,0,56,,24573,1,,,0,16,,24574,1,,,0,16,,24575,1,,,0
9100,'3',1114,,24599,1,,,0,25,,24598,1,,,0,65,,24597,1,,,0,26,,24596,1,,,0,25,,24595,1,,,0,65,,24594,1,,,0,25,,24593,1,,,0,65,,24592,1,,,0,25,,24591,1,,,0,65,,24590,1,,,0,25,,24589,1,,,0,25,,24588,1,,,0,65,,24587,1,,,0,25,,24586,1,,,0,65,,24585,1,,,0,25,,24584,1,,,0,25,,24583,1,,,0,65,,24582,1,,,0,25,,24581,1,,,0,65,,24580,1,,,0,25,,24579,1,,,0,65,,24578,1,,,0,25,,24577,1,,,0,25,,24576,1,,,0,63,,24600,1,,,0
9100,'4',1213,,24620,1,,,0,25,,24619,1,,,0,65,,24618,1,,,0,25,,24617,1,,,0,25,,24616,1,,,0,65,,24615,1,,,0,25,,24614,1,,,0,65,,24613,1,,,0,25,,24612,1,,,0,25,,24611,1,,,0,65,,24610,1,,,0,25,,24609,1,,,0,65,,24608,1,,,0,25,,24607,1,,,0,65,,24606,1,,,0,25,,24605,1,,,0,25,,24604,1,,,0,65,,24603,1,,,0,25,,24602,1,,,0,62,,24601,1,,,0
9101,'2',747,,24626,10,4,,0,55,,24621,10,4,,0,15,,24622,10,4,,0,15,,24623,10,4,,0,15,,24624,10,4,,0,10,,24625,10,4,,0,54,,24627,10,4,,0,17,,24628,10,4,,0,17,,24629,10,4,,0,57,,24630,10,4,,0,17,,24631,10,4,,0,17,,24632,10,4,,0,17,,24633,10,4,,0,57,,24634,10,4,,0,17,,24635,10,4,,0,17,,24636,10,4,,0,57,,24637,10,4,,0,18,,24638,10,4,,0,18,,24639,10,4,,0,18,,24640,10,4,,0,58,,24641,10,4,,0,18,,24642,10,4,,0,18,,24643,10,4,,0,58,,24644,10,4,,0,16,,24645,10,4,,0,10,,24646,10,4,,0,15,,24647,10,4,,0,55,,24648,10,4,,0,15,,24649,10,4,,0,15,,24650,10,4,,0,15,,24651,10,4,,0,55,,24652,10,4,,0,17,,24653,10,4,,0,15,,24654,10,4,,0,15,,24655,10,4,,0,55,,24656,10,4,,0,15,,24657,10,4,,0,15,,24658,10,4,,0,15,,24659,10,4,,0,55,,24660,10,4,,0,12,,24661,10,4,,0,17,,24662,10,4,,0,16,,24663,10,4,,0,56,,24664,10,4,,0,16,,24665,10,4,,0,16,,24666,10,4,,0,16,,24667,10,4,,0,56,,24668,10,4,,0
9101,'3',1111,,24692,10,4,,0,25,,24691,10,4,,0,65,,24690,10,4,,0,28,,24689,10,4,,0,25,,24688,10,4,,0,65,,24687,10,4,,0,25,,24686,10,4,,0,65,,24685,10,4,,0,24,,24684,10,4,,0,25,,24683,10,4,,0,65,,24682,10,4,,0,25,,24681,10,4,,0,65,,24680,10,4,,0,25,,24679,10,4,,0,65,,24678,10,4,,0,25,,24677,10,4,,0,25,,24676,10,4,,0,64,,24675,10,4,,0,25,,24674,10,4,,0,65,,24673,10,4,,0,25,,24672,10,4,,0,25,,24671,10,4,,0,65,,24670,10,4,,0,25,,24669,10,4,,0,63,,24693,10,4,,0
9101,'4',1211,,24713,10,4,,0,25,,24712,10,4,,0,65,,24711,10,4,,0,25,,24710,10,4,,0,25,,24709,10,4,,0,65,,24708,10,4,,0,25,,24707,10,4,,0,65,,24706,10,4,,0,25,,24705,10,4,,0,25,,24704,10,4,,0,65,,24703,10,4,,0,25,,24702,10,4,,0,65,,24701,10,4,,0,25,,24700,10,4,,0,65,,24699,10,4,,0,22,,24698,10,4,,0,25,,24697,10,4,,0,65,,24696,10,4,,0,25,,24695,10,4,,0,65,,24694,10,4,,0
