200,'2',621,,377,12,0,10 22 27,0,30,,376,12,0,10 22 27,0,57,,414,49,0,10 23 20,0,30,,415,49,0,10 23 20,0,70,,416,49,0,10 23 20,0,30,,417,49,0,10 23 20,0,70,,418,49,0,10 23 20,0,30,,419,49,0,10 23 20,0,70,,420,49,0,10 23 20,0,30,,421,49,0,10 23 20,0,70,,422,49,0,10 23 20,0,30,,423,49,0,10 23 20,0,73,,424,49,0,10 23 20,0,27,,425,49,0,10 23 20,0,70,,426,49,0,10 23 20,0,30,,427,49,0,10 23 20,0,72,,428,49,0,10 23 20,0,30,,429,49,0,10 23 20,0,68,,430,49,0,10 23 20,0,29,,431,49,0,10 23 20,0,74,,432,49,0,10 23 20,0,34,,433,49,0,10 23 20,0,70,,434,49,0,10 23 20,0,28,,435,49,0,10 23 20,0,70,,436,49,0,10 23 20,0,28,,437,49,0,10 23 20,0,67,,438,49,0,10 23 20,0,30,,439,49,0,10 23 20,0,70,,440,49,0,10 23 20,0,30,,441,49,0,10 23 20,0,70,,442,49,0,10 23 20,0,35,,443,49,0,10 23 20,0,80,,444,49,0,10 23 20,0,80,,445,49,0,10 23 20,0,37,,446,49,0,10 23 20,0,72,,447,49,0,10 23 20,0,35,,448,49,0,10 23 20,0
200,'3',625,,452,12,0,10 22 27,0,94,,454,49,0,10 23 20,0,32,,455,12,0,10 22 27,0,65,,457,12,0,10 22 27,0,20,,459,49,0,10 23 20,0,70,,461,49,0,10 23 20,0,30,,463,49,0,10 23 20,0,66,,465,49,0,10 23 20,0,31,,467,49,0,10 23 20,0,70,,469,49,0,10 23 20,0,25,,471,49,0,10 23 20,0,25,,473,49,0,10 23 20,0,71,,475,49,0,10 23 20,0,30,,477,49,0,10 23 20,0,65,,489,49,0,10 23 20,0,25,,490,49,0,10 23 20,0,69,,491,49,0,10 23 20,0,29,,492,49,0,10 23 20,0,70,,493,49,0,10 23 20,0,30,,494,49,0,10 23 20,0,60,,495,49,0,10 23 20,0,30,,496,49,0,10 23 20,0,70,,497,49,0,10 23 20,0,30,,498,49,0,10 23 20,0,70,,499,49,0,10 23 20,0,31,,501,49,0,10 23 20,0,70,,502,49,0,10 23 20,0,30,,503,49,0,10 23 20,0,70,,504,49,0,10 23 20,0,30,,505,49,0,10 23 20,0,70,,506,49,0,10 23 20,0,43,,516,49,0,10 23 20,0,100,,517,49,0,10 23 20,0,99,,450,49,0,10 23 20,0,100,,520,49,0,10 23 20,0
200,'30',655,,527,12,0,10 22 27,0,96,,528,49,0,10 23 20,0,100,,529,49,0,10 23 20,0,95,,532,49,0,10 23 20,0,90,,533,49,0,10 23 20,0,90,,534,49,0,10 23 20,0,26,,538,49,0,10 23 20,0,67,,535,49,0,10 23 20,0,30,,551,49,0,10 23 20,0,70,,552,49,0,10 23 20,0,30,,553,49,0,10 23 20,0,70,,554,49,0,10 23 20,0,30,,555,49,0,10 23 20,0,70,,556,49,0,10 23 20,0,30,,557,49,0,10 23 20,0,70,,558,49,0,10 23 20,0,30,,559,49,0,10 23 20,0,70,,560,49,0,10 23 20,0,30,,561,49,0,10 23 20,0,66,,562,49,0,10 23 20,0,90,,571,49,0,10 23 20,0,50,,572,49,0,10 23 20,0,90,,573,49,0,10 23 20,0,90,,574,49,0,10 23 20,0,90,,575,49,0,10 23 20,0,95,,524,49,0,10 23 20,0
200,'4',655,,581,12,0,10 22 27,0,96,,582,49,0,10 23 20,0,100,,583,49,0,10 23 20,0,95,,586,49,0,10 23 20,0,90,,587,49,0,10 23 20,0,90,,588,49,0,10 23 20,0,26,,592,49,0,10 23 20,0,67,,589,49,0,10 23 20,0,30,,605,49,0,10 23 20,0,70,,606,49,0,10 23 20,0,30,,607,49,0,10 23 20,0,70,,608,49,0,10 23 20,0,30,,609,49,0,10 23 20,0,70,,610,49,0,10 23 20,0,30,,611,49,0,10 23 20,0,70,,612,49,0,10 23 20,0,30,,613,49,0,10 23 20,0,70,,614,49,0,10 23 20,0,30,,615,49,0,10 23 20,0,66,,616,49,0,10 23 20,0,90,,625,49,0,10 23 20,0,50,,626,49,0,10 23 20,0,90,,627,49,0,10 23 20,0,90,,628,49,0,10 23 20,0,90,,629,49,0,10 23 20,0,95,,578,49,0,10 23 20,0
301,'2',614,,979,36,,,0,97,,980,36,,,0,30,,981,36,,,0,73,,982,36,,,0,27,,983,36,,,0,70,,984,36,,,0,28,,985,36,,,0,70,,986,36,,,0,30,,987,36,,,0,70,,988,36,,,0,30,,989,36,,,0,70,,990,36,,,0,32,,991,36,,,0,70,,992,36,,,0,30,,993,36,,,0,71,,994,36,,,0,33,,995,36,,,0,70,,996,36,,,0,30,,997,36,,,0,70,,998,36,,,0,30,,999,36,,,0,70,,1000,36,,,0,30,,1001,36,,,0,69,,1002,36,,,0,26,,1003,36,,,0,68,,1007,36,,,0,30,,1008,36,,,0,70,,1009,36,,,0,30,,1010,36,,,0,70,,1011,36,,,0,28,,1012,36,,,0,66,,1013,36,,,0,30,,1014,36,,,0,70,,1015,36,,,0,30,,1016,36,,,0,19,,1004,36,,,0
301,'3',724,,1017,36,,,0,100,,1018,36,,,0,102,,1019,36,,,0,104,,1020,36,,,0,71,,1024,36,,,0,35,,1025,36,,,0,75,,1026,36,,,0,36,,1027,36,,,0,75,,1028,36,,,0,35,,1029,36,,,0,75,,1030,36,,,0,75,,1031,36,,,0,35,,1032,36,,,0,75,,1033,36,,,0,35,,1034,36,,,0,75,,1035,36,,,0,75,,1036,36,,,0,33,,1037,36,,,0,100,,1038,36,,,0,100,,1039,36,,,0,100,,1040,36,,,0,100,,1041,36,,,0,108,,1021,36,,,0
301,'30',943,,1042,36,,,0,87,,1043,36,,,0,87,,1044,36,,,0,88,,1045,36,,,0,48,,1046,36,,,0,87,,1047,36,,,0,87,,1048,36,,,0,87,,1049,36,,,0,87,,1050,36,,,0,47,,1051,36,,,0,86,,1052,36,,,0,87,,1053,36,,,0,87,,1054,36,,,0,107,,1055,36,,,0,100,,1056,36,,,0,99,,1057,36,,,0,100,,1058,36,,,0
301,'4',943,,1059,36,,,0,87,,1060,36,,,0,87,,1061,36,,,0,88,,1062,36,,,0,48,,1063,36,,,0,87,,1064,36,,,0,87,,1065,36,,,0,87,,1066,36,,,0,87,,1067,36,,,0,47,,1068,36,,,0,86,,1069,36,,,0,87,,1070,36,,,0,87,,1071,36,,,0,107,,1072,36,,,0,100,,1073,36,,,0,99,,1074,36,,,0,100,,1075,36,,,0
501,'2',653,,1526,75,0,10 23 20,0,74,,1527,79,0,13 36,0,30,,1528,75,0,10 23 20,0,70,,1529,79,0,13 36,0,32,,1530,75,0,10 23 20,0,66,,1540,79,0,13 36,0,30,,1531,75,0,10 23 20,0,70,,1541,79,0,13 36,0,30,,1532,75,0,10 23 20,0,70,,1542,79,0,13 36,0,30,,1533,75,0,10 23 20,0,72,,1543,79,0,13 36,0,30,,1534,75,0,10 23 20,0,70,,1544,79,0,13 36,0,30,,1535,75,0,10 23 20,0,74,,1545,79,0,13 36,0,70,,1536,75,0,10 23 20,0,30,,1546,79,0,13 36,0,70,,1537,75,0,10 23 20,0,30,,1547,79,0,13 36,0,70,,1538,75,0,10 23 20,0,30,,1548,79,0,13 36,0,72,,1539,75,0,10 23 20,0,26,,1549,79,0,13 36,0,30,,1550,75,0,10 23 20,0,78,,1555,75,0,10 23 20,0,70,,1556,75,0,10 23 20,0,30,,1557,75,0,10 23 20,0,70,,1558,75,0,10 23 20,0,26,,1559,75,0,10 23 20,0,69,,1560,75,0,10 23 20,0,30,,1561,75,0,10 23 20,0,24,,1562,75,0,10 23 20,0,71,,1563,75,0,10 23 20,0,98,,1564,75,0,10 23 20,0
501,'3',654,,1566,75,0,10 23 20,0,100,,1567,75,0,10 23 20,0,100,,1568,75,0,10 23 20,0,147,,1569,75,0,10 23 20,0,43,,1573,75,0,10 23 20,0,75,,1580,79,0,13 36,0,35,,1574,75,0,10 23 20,0,79,,1581,79,0,13 36,0,75,,1575,75,0,10 23 20,0,35,,1582,79,0,13 36,0,75,,1576,75,0,10 23 20,0,35,,1583,79,0,13 36,0,74,,1577,75,0,10 23 20,0,76,,1584,79,0,13 36,0,34,,1578,75,0,10 23 20,0,76,,1585,79,0,13 36,0,34,,1579,75,0,10 23 20,0,76,,1586,79,0,13 36,0,29,,1587,75,0,10 23 20,0,75,,1588,79,0,13 36,0,78,,1589,75,0,10 23 20,0,100,,1590,75,0,10 23 20,0,99,,1591,75,0,10 23 20,0,110,,1592,75,0,10 23 20,0,110,,1570,75,0,10 23 20,0
501,'30',920,,1594,75,0,10 23 20,0,87,,1595,75,0,10 23 20,0,47,,1596,75,0,10 23 20,0,87,,1597,75,0,10 23 20,0,89,,1598,75,0,10 23 20,0,87,,1599,75,0,10 23 20,0,87,,1600,75,0,10 23 20,0,47,,1601,75,0,10 23 20,0,87,,1602,75,0,10 23 20,0,87,,1603,75,0,10 23 20,0,86,,1604,75,0,10 23 20,0,47,,1605,75,0,10 23 20,0,87,,1606,75,0,10 23 20,0,100,,1607,75,0,10 23 20,0,100,,1608,75,0,10 23 20,0,95,,1609,75,0,10 23 20,0,92,,1610,75,0,10 23 20,0,88,,1611,75,0,10 23 20,0
501,'4',920,,1613,75,0,10 23 20,0,87,,1614,75,0,10 23 20,0,47,,1615,75,0,10 23 20,0,87,,1616,75,0,10 23 20,0,89,,1617,75,0,10 23 20,0,87,,1618,75,0,10 23 20,0,87,,1619,75,0,10 23 20,0,47,,1620,75,0,10 23 20,0,87,,1621,75,0,10 23 20,0,87,,1622,75,0,10 23 20,0,86,,1623,75,0,10 23 20,0,47,,1624,75,0,10 23 20,0,87,,1625,75,0,10 23 20,0,100,,1626,75,0,10 23 20,0,100,,1627,75,0,10 23 20,0,95,,1628,75,0,10 23 20,0,92,,1629,75,0,10 23 20,0,88,,1630,75,0,10 23 20,0
