701,'2',644,,10737,,,0,60,,10738,,,0,38,,10739,,,0,65,,10740,,,0,20,,10741,,,0,20,,10742,,,0,60,,10743,,,0,19,,10744,,,0,30,,10745,,,0,55,,10746,,,0,30,,10747,,,0,70,,10748,,,0,30,,10749,,,0,71,,10750,,,0,31,,10751,,,0,70,,10752,,,0,30,,10753,,,0,70,,10754,,,0,25,,10755,,,0,20,,10756,,,0,60,,10757,,,0,20,,10758,,,0,20,,10759,,,0,63,,10760,,,0,20,,10761,,,0,60,,10762,,,0,20,,10763,,,0,20,,10764,,,0,60,,10765,,,0,15,,10766,,,0,25,,10767,,,0,65,,10768,,,0,25,,10769,,,0,25,,10770,,,0,65,,10771,,,0,30,,10772,,,0,78,,10773,,,0,30,,10774,,,0,70,,10775,,,0,30,,10776,,,0,70,,10777,,,0,30,,10778,,,0
701,'3',645,,10821,,,0,77,,10822,,,0,30,,10820,,,0,73,,10784,,,0,30,,10785,,,0,65,,10786,,,0,30,,10787,,,0,71,,10788,,,0,25,,10789,,,0,65,,10790,,,0,30,,10791,,,0,71,,10792,,,0,25,,10793,,,0,65,,10794,,,0,30,,10795,,,0,70,,10796,,,0,29,,10797,,,0,70,,10798,,,0,30,,10799,,,0,70,,10800,,,0,30,,10801,,,0,70,,10802,,,0,30,,10803,,,0,70,,10804,,,0,30,,10805,,,0,70,,10806,,,0,25,,10807,,,0,25,,10808,,,0,70,,10809,,,0,25,,10810,,,0,61,,10811,,,0,29,,10812,,,0,70,,10813,,,0,30,,10814,,,0,70,,10815,,,0,30,,10816,,,0,70,,10817,,,0
701,'30',916,,10823,,,0,25,,10824,,,0,75,,10825,,,0,20,,10826,,,0,65,,10827,,,0,30,,10828,,,0,70,,10829,,,0,27,,10830,,,0,25,,10831,,,0,70,,10832,,,0,30,,10833,,,0,70,,10834,,,0,25,,10835,,,0,70,,10836,,,0,30,,10837,,,0,70,,10838,,,0,30,,10839,,,0,69,,10840,,,0,30,,10841,,,0,70,,10842,,,0,30,,10843,,,0,70,,10845,,,0,30,,10846,,,0,70,,10847,,,0,30,,10848,,,0,70,,10849,,,0,30,,10850,,,0,67,,10853,,,0,30,,10854,,,0,70,,10851,,,0
701,'4',916,,10855,,,0,25,,10856,,,0,75,,10857,,,0,20,,10858,,,0,65,,10859,,,0,30,,10860,,,0,70,,10861,,,0,27,,10862,,,0,25,,10863,,,0,70,,10864,,,0,30,,10865,,,0,70,,10866,,,0,25,,10867,,,0,70,,10868,,,0,30,,10869,,,0,70,,10870,,,0,30,,10871,,,0,69,,10872,,,0,30,,10873,,,0,70,,10874,,,0,30,,10875,,,0,70,,10877,,,0,30,,10878,,,0,70,,10879,,,0,30,,10880,,,0,70,,10881,,,0,30,,10882,,,0,67,,10885,,,0,30,,10886,,,0,70,,10883,,,0
1001,'2',551,,11425,,,0,56,,11472,,,0,16,,11424,,,0,16,,11473,,,0,16,,11429,,,0,57,,11428,,,0,16,,11427,,,0,15,,11426,,,0,57,,11435,0,21 3 22,0,16,,11434,,,0,14,,11433,0,21 3 22,0,18,,11432,,,0,62,,11431,,,0,35,,11430,,,0,70,,11437,,,0,20,,11439,,,0,73,,11438,,,0,30,,11436,,,0,70,,11442,,,0,32,,11441,,,0,70,,11440,,,0,35,,11444,,,0,58,,11443,,,0,23,,11445,,,0,17,,11474,,,0,57,,11446,,,0,19,,11475,,,0,13,,11447,,,0,14,,11476,,,0,55,,11448,,,0,18,,11449,,,0,19,,11477,,,0,21,,11450,,,0,52,,11478,0,21 3 22,0,17,,11451,,,0,18,,11455,,,0,54,,11452,0,21 3 22,0,17,,11453,,,0,11,,11456,0,21 3 22,0,24,,11454,,,0,55,,11457,0,21 3 22,0,28,,11458,,,0,24,,11459,0,21 3 22,0,57,,11460,,,0,33,,11461,,,0,73,,11462,,,0,24,,11479,,,0,70,,11463,,,0,37,,11464,,,0,65,,11465,,,0,28,,11466,,,0,70,,11467,,,0,31,,11468,,,0,75,,11469,0,21 3 22,0
1001,'3',648,,11484,,,0,70,,11483,,,0,33,,11487,,,0,69,,11488,,,0,30,,11489,,,0,65,,11490,,,0,29,,11491,,,0,68,,11492,,,0,25,,11493,,,0,70,,11494,,,0,29,,11495,,,0,69,,11496,,,0,30,,11497,,,0,70,,11498,,,0,30,,11499,,,0,15,,11500,,,0,70,,11501,,,0,30,,11502,,,0,70,,11503,,,0,30,,11504,,,0,70,,11505,,,0,30,,11506,,,0,70,,11507,,,0,35,,11508,,,0,70,,11509,,,0,30,,11510,,,0,70,,11511,,,0,25,,11512,,,0,65,,11513,,,0,32,,11514,,,0,66,,11515,,,0,30,,11516,,,0,65,,11517,,,0,30,,11521,,,0,70,,11522,,,0,25,,11523,,,0,17,,11520,0,21 3 22,0,73,,11524,,,0,24,,11518,0,21 3 22,0
1001,'30',711,,11525,,,0,31,,11562,,,0,64,,11526,,,0,27,,11561,,,0,21,,11527,,,0,60,,11528,,,0,30,,11529,,,0,65,,11530,,,0,30,,11531,,,0,70,,11532,,,0,29,,11534,,,0,69,,11535,,,0,25,,11536,,,0,70,,11537,,,0,30,,11538,,,0,70,,11539,,,0,30,,11540,,,0,70,,11541,,,0,30,,11542,,,0,70,,11543,,,0,30,,11544,,,0,27,,11545,,,0,70,,11546,,,0,28,,11557,,,0,69,,11547,,,0,25,,11550,,,0,70,,11551,,,0,30,,11552,,,0,70,,11553,,,0,32,,11554,,,0,68,,11555,,,0,20,,11556,,,0,67,,11558,,,0,30,,11549,0,21 3 22,0,70,,11548,0,21 3 22,0
1001,'4',711,,11563,,,0,31,,11600,,,0,64,,11564,,,0,27,,11599,,,0,21,,11565,,,0,60,,11566,,,0,30,,11567,,,0,65,,11568,,,0,30,,11569,,,0,70,,11570,,,0,29,,11572,,,0,69,,11573,,,0,25,,11574,,,0,70,,11575,,,0,30,,11576,,,0,70,,11577,,,0,30,,11578,,,0,70,,11579,,,0,30,,11580,,,0,70,,11581,,,0,30,,11582,,,0,27,,11583,,,0,70,,11584,,,0,28,,11595,,,0,69,,11585,,,0,25,,11588,,,0,70,,11589,,,0,30,,11590,,,0,70,,11591,,,0,32,,11592,,,0,68,,11593,,,0,20,,11594,,,0,67,,11596,,,0,30,,11587,0,21 3 22,0,70,,11586,0,21 3 22,0
1501,'2',627,,12470,0,13 26 27,0,32,,12472,0,13 26 27,0,67,,12473,0,13 26 27,0,32,,12474,0,13 26 27,0,72,,12478,0,13 26 27,0,73,,12479,0,13 26 27,0,30,,12480,0,13 26 27,0,70,,12481,0,13 26 27,0,30,,12482,0,13 26 27,0,70,,12483,0,13 26 27,0,30,,12484,0,13 26 27,0,71,,12485,0,13 26 27,0,30,,12486,0,13 26 27,0,70,,12487,0,13 26 27,0,28,,12488,0,13 26 27,0,70,,12489,0,13 26 27,0,30,,12490,0,13 26 27,0,70,,12491,0,13 26 27,0,30,,12492,0,13 26 27,0,71,,12493,0,13 26 27,0,30,,12494,0,13 26 27,0,70,,12495,0,13 26 27,0,30,,12516,0,13 26 27,0,80,,12518,0,13 26 27,0,95,,12519,0,13 26 27,0,51,,12521,0,13 26 27,0,82,,12523,0,13 26 27,0,101,,12525,0,13 26 27,0,100,,12527,0,13 26 27,0,101,,12529,0,13 26 27,0,96,,12532,0,13 26 27,0
1501,'3',608,,12538,0,13 26 27,0,127,,12540,0,13 26 27,0,97,,12543,0,13 26 27,0,100,,12544,0,13 26 27,0,79,,12546,0,13 26 27,0,20,,12547,0,13 26 27,0,80,,12559,0,13 26 27,0,41,,12560,0,13 26 27,0,80,,12561,0,13 26 27,0,80,,12562,0,13 26 27,0,40,,12563,0,13 26 27,0,80,,12564,0,13 26 27,0,80,,12565,0,13 26 27,0,40,,12566,0,13 26 27,0,80,,12567,0,13 26 27,0,75,,12568,0,13 26 27,0,95,,12569,0,13 26 27,0,100,,12570,0,13 26 27,0,100,,12571,0,13 26 27,0,98,,12572,0,13 26 27,0,55,,12573,0,13 26 27,0,95,,12574,0,13 26 27,0,95,,12581,0,13 26 27,0
1501,'30',635,,12624,0,13 26 27,0,90,,12588,0,13 26 27,0,93,,12621,0,13 26 27,0,98,,12590,0,13 26 27,0,92,,12592,0,13 26 27,0,95,,12594,0,13 26 27,0,99,,12596,0,13 26 27,0,98,,12598,0,13 26 27,0,100,,12600,0,13 26 27,0,100,,12602,0,13 26 27,0,100,,12604,0,13 26 27,0,101,,12606,0,13 26 27,0,100,,12608,0,13 26 27,0,56,,12610,0,13 26 27,0,95,,12612,0,13 26 27,0,95,,12614,0,13 26 27,0,91,,12616,0,13 26 27,0,100,,12618,0,13 26 27,0
1501,'4',635,,12663,0,13 26 27,0,90,,12627,0,13 26 27,0,93,,12660,0,13 26 27,0,98,,12629,0,13 26 27,0,92,,12631,0,13 26 27,0,95,,12633,0,13 26 27,0,99,,12635,0,13 26 27,0,98,,12637,0,13 26 27,0,100,,12639,0,13 26 27,0,100,,12641,0,13 26 27,0,100,,12643,0,13 26 27,0,101,,12645,0,13 26 27,0,100,,12647,0,13 26 27,0,56,,12649,0,13 26 27,0,95,,12651,0,13 26 27,0,95,,12653,0,13 26 27,0,91,,12655,0,13 26 27,0,100,,12657,0,13 26 27,0
2400,'2',628,,14031,,,0,22,,14032,,,0,70,,14033,,,0,33,,14034,,,0,70,,14035,,,0,30,,14036,,,0,70,,14037,,,0,29,,14038,,,0,70,,14039,,,0,30,,14040,,,0,70,,14041,,,0,30,,14042,,,0,70,,14043,,,0,30,,14044,,,0,70,,14045,,,0,30,,14046,,,0,70,,14047,,,0,35,,14048,,,0,70,,14049,,,0,73,,14050,,,0,31,,14056,,,0,76,,14053,,,0,33,,14054,,,0,73,,14055,,,0,26,,14057,,,0,69,,14058,,,0,32,,14059,,,0,70,,14060,,,0,30,,14061,,,0,70,,14062,0,43 20,0
2400,'3',633,,14080,,,0,71,,14079,,,0,40,,14078,,,0,80,,14064,,,0,80,,14071,,,0,40,,14065,,,0,80,,14072,,,0,82,,14066,,,0,37,,14073,,,0,83,,14067,,,0,80,,14074,,,0,45,,14068,,,0,85,,14075,,,0,84,,14069,,,0,86,,14076,,,0,44,,14070,,,0,86,,14077,,,0,84,,14081,,,0,80,,14082,,,0,44,,14083,,,0,80,,14084,,,0
2400,'30',716,,14102,,,0,30,,14101,,,0,80,,14100,,,0,80,,14099,,,0,40,,14098,,,0,80,,14086,,,0,80,,14092,,,0,40,,14087,,,0,83,,14093,,,0,79,,14088,,,0,41,,14094,,,0,79,,14089,,,0,81,,14095,,,0,39,,14090,,,0,81,,14096,,,0,79,,14091,,,0
2400,'4',716,,14120,,,0,30,,14119,,,0,80,,14118,,,0,80,,14117,,,0,40,,14116,,,0,80,,14104,,,0,80,,14110,,,0,40,,14105,,,0,83,,14111,,,0,79,,14106,,,0,41,,14112,,,0,79,,14107,,,0,81,,14113,,,0,39,,14108,,,0,81,,14114,,,0,79,,14109,,,0
