601,'2',643,,1778,32,,,0,75,,1780,32,,,0,35,,1781,32,,,0,65,,1782,32,,,0,25,,1783,32,,,0,65,,1784,32,,,0,30,,1786,32,,,0,65,,1787,32,,,0,30,,1788,32,,,0,70,,1789,32,,,0,25,,1790,32,,,0,30,,1791,32,,,0,70,,1792,32,,,0,30,,1793,32,,,0,70,,1794,32,,,0,25,,1795,32,,,0,71,,1796,32,,,0,30,,1797,32,,,0,70,,1798,32,,,0,30,,1799,32,,,0,70,,1800,32,,,0,25,,1801,32,,,0,70,,1802,32,,,0,28,,1803,32,,,0,70,,1804,32,,,0,25,,1805,32,,,0,65,,1806,32,,,0,25,,1807,32,,,0,25,,1808,32,,,0,61,,1809,32,,,0,25,,1810,32,,,0,69,,1811,32,,,0,35,,1812,32,,,0,81,,1813,32,,,0,30,,1814,32,,,0,80,,1815,32,,,0,20,,1818,32,,,0
601,'3',629,,1865,32,,,0,73,,1866,32,,,0,27,,1864,32,,,0,30,,1820,32,,,0,70,,1863,32,,,0,30,,1821,32,,,0,75,,1822,32,,,0,72,,1823,32,,,0,18,,1824,32,,,0,25,,1825,32,,,0,65,,1826,32,,,0,25,,1827,32,,,0,65,,1828,32,,,0,30,,1829,32,,,0,25,,1830,32,,,0,58,,1831,32,,,0,18,,1832,32,,,0,66,,1833,32,,,0,18,,1834,32,,,0,19,,1835,32,,,0,20,,1837,32,,,0,60,,1838,32,,,0,20,,1839,32,,,0,20,,1840,32,,,0,60,,1841,32,,,0,22,,1842,32,,,0,60,,1843,32,,,0,20,,1844,32,,,0,20,,1845,32,,,0,60,,1846,32,,,0,20,,1847,32,,,0,20,,1848,32,,,0,65,,1849,32,,,0,27,,1850,32,,,0,25,,1851,32,,,0,61,,1852,32,,,0,25,,1853,32,,,0,70,,1854,32,,,0,34,,1856,32,,,0,75,,1857,32,,,0,35,,1858,32,,,0,75,,1859,32,,,0,75,,1860,32,,,0
601,'30',928,,1867,32,,,0,73,,1868,32,,,0,35,,1869,32,,,0,75,,1870,32,,,0,38,,1871,32,,,0,79,,1872,32,,,0,25,,1873,32,,,0,65,,1874,32,,,0,25,,1875,32,,,0,65,,1876,32,,,0,25,,1877,32,,,0,25,,1878,32,,,0,65,,1879,32,,,0,25,,1880,32,,,0,65,,1881,32,,,0,25,,1882,32,,,0,65,,1883,32,,,0,29,,1884,32,,,0,25,,1885,32,,,0,77,,1887,32,,,0,72,,1888,32,,,0,35,,1889,32,,,0,75,,1890,32,,,0,35,,1891,32,,,0,75,,1892,32,,,0,75,,1893,32,,,0,33,,1894,32,,,0,77,,1896,32,,,0
601,'4',928,,1897,32,,,0,73,,1898,32,,,0,35,,1899,32,,,0,75,,1900,32,,,0,38,,1901,32,,,0,79,,1902,32,,,0,25,,1903,32,,,0,65,,1904,32,,,0,25,,1905,32,,,0,65,,1906,32,,,0,25,,1907,32,,,0,25,,1908,32,,,0,65,,1909,32,,,0,25,,1910,32,,,0,65,,1911,32,,,0,25,,1912,32,,,0,65,,1913,32,,,0,29,,1914,32,,,0,25,,1915,32,,,0,77,,1917,32,,,0,72,,1918,32,,,0,35,,1919,32,,,0,75,,1920,32,,,0,35,,1921,32,,,0,75,,1922,32,,,0,75,,1923,32,,,0,33,,1924,32,,,0,77,,1926,32,,,0
2400,'2',615,,5366,20,,,0,22,,5367,20,,,0,70,,5368,20,,,0,32,,5369,20,,,0,70,,5370,20,,,0,30,,5371,20,,,0,70,,5372,20,,,0,29,,5373,20,,,0,70,,5374,20,,,0,30,,5375,20,,,0,70,,5376,20,,,0,30,,5377,20,,,0,70,,5378,20,,,0,30,,5379,20,,,0,70,,5380,20,,,0,30,,5381,20,,,0,70,,5382,20,,,0,32,,5383,20,,,0,70,,5384,20,,,0,30,,5385,20,,,0,70,,5391,20,,,0,35,,5388,20,,,0,73,,5389,20,,,0,33,,5390,20,,,0,72,,5392,20,,,0,32,,5393,20,,,0,72,,5394,20,,,0,30,,5395,20,,,0,70,,5396,20,,,0,30,,5397,20,0,42 20,0
2400,'3',621,,5415,11,,,0,32,,5414,20,,,0,80,,5413,20,,,0,80,,5399,20,,,0,40,,5406,20,,,0,80,,5400,20,,,0,80,,5407,20,,,0,41,,5401,20,,,0,77,,5408,20,,,0,83,,5402,20,,,0,38,,5409,20,,,0,85,,5403,20,,,0,86,,5410,20,,,0,84,,5404,20,,,0,46,,5411,20,,,0,84,,5405,20,,,0,86,,5412,20,,,0,84,,5416,20,,,0,40,,5417,20,,,0,84,,5418,20,,,0,80,,5419,20,,,0
2400,'30',704,,5437,11,,,0,30,,5436,20,,,0,80,,5435,20,,,0,40,,5434,20,,,0,80,,5433,20,,,0,80,,5421,20,,,0,40,,5427,20,,,0,80,,5422,20,,,0,81,,5428,20,,,0,39,,5423,20,,,0,81,,5429,20,,,0,79,,5424,20,,,0,41,,5430,20,,,0,79,,5425,20,,,0,81,,5431,20,,,0,39,,5426,20,,,0
2400,'4',704,,5455,11,,,0,30,,5454,20,,,0,80,,5453,20,,,0,40,,5452,20,,,0,80,,5451,20,,,0,80,,5439,20,,,0,40,,5445,20,,,0,80,,5440,20,,,0,81,,5446,20,,,0,39,,5441,20,,,0,81,,5447,20,,,0,79,,5442,20,,,0,41,,5448,20,,,0,79,,5443,20,,,0,81,,5449,20,,,0,39,,5444,20,,,0
2401,'2',638,,5457,26,,,0,70,,5458,26,,,0,30,,5459,26,,,0,71,,5460,26,,,0,30,,5461,26,,,0,70,,5462,26,,,0,29,,5463,26,,,0,70,,5464,26,,,0,30,,5465,26,,,0,70,,5466,26,,,0,30,,5467,26,,,0,70,,5468,26,,,0,30,,5469,26,,,0,70,,5470,26,,,0,30,,5471,26,,,0,70,,5472,26,,,0,30,,5473,26,,,0,71,,5474,26,,,0,30,,5475,26,,,0,73,,5476,26,,,0,32,,5479,26,,,0,73,,5480,26,,,0,33,,5481,26,,,0,73,,5482,26,,,0,32,,5483,26,,,0,70,,5484,26,,,0,30,,5485,26,,,0,70,,5486,26,,,0,30,,5487,26,,,0,60,,5488,26,,,0
2401,'3',704,,5504,26,,,0,40,,5503,26,,,0,80,,5489,26,,,0,80,,5490,26,,,0,40,,5497,26,,,0,81,,5491,26,,,0,78,,5498,26,,,0,42,,5492,26,,,0,77,,5499,26,,,0,84,,5493,26,,,0,46,,5500,26,,,0,85,,5494,26,,,0,85,,5501,26,,,0,84,,5495,26,,,0,46,,5502,26,,,0,84,,5496,26,,,0,80,,5506,26,,,0,84,,5507,26,,,0,40,,5508,26,,,0,84,,5509,26,,,0
2401,'30',747,,5524,26,,,0,80,,5523,26,,,0,80,,5522,26,,,0,40,,5521,26,,,0,80,,5510,26,,,0,80,,5511,26,,,0,40,,5516,26,,,0,79,,5512,26,,,0,81,,5517,26,,,0,39,,5513,26,,,0,81,,5518,26,,,0,79,,5514,26,,,0,41,,5519,26,,,0,79,,5515,26,,,0,81,,5520,26,,,0,39,,5526,26,,,0
2401,'4',747,,5541,26,,,0,80,,5540,26,,,0,80,,5539,26,,,0,40,,5538,26,,,0,80,,5527,26,,,0,80,,5528,26,,,0,40,,5533,26,,,0,79,,5529,26,,,0,81,,5534,26,,,0,39,,5530,26,,,0,81,,5535,26,,,0,79,,5531,26,,,0,41,,5536,26,,,0,79,,5532,26,,,0,81,,5537,26,,,0,39,,5543,26,,,0
