900,'2',644,,2222,,,0,57,,2223,,,0,19,,2224,,,0,16,,2225,,,0,16,,2226,,,0,56,,2227,,,0,14,,2228,,,0,16,,2229,,,0,15,,2230,,,0,56,,2231,,,0,15,,2232,,,0,15,,2233,,,0,15,,2234,,,0,55,,2235,,,0,15,,2236,,,0,15,,2237,,,0,15,,2238,,,0,55,,2239,,,0,15,,2240,,,0,15,,2241,,,0,15,,2242,,,0,56,,2243,,,0,15,,2244,,,0,15,,2245,,,0,15,,2246,,,0,55,,2247,,,0,15,,2248,,,0,15,,2249,,,0,15,,2250,,,0,56,,2251,,,0,15,,2252,,,0,15,,2253,,,0,15,,2254,,,0,55,,2255,,,0,15,,2256,,,0,15,,2257,,,0,15,,2258,,,0,56,,2259,,,0,16,,2260,,,0,15,,2261,,,0,15,,2262,,,0,55,,2263,,,0,15,,2264,,,0,15,,2265,,,0,15,,2266,,,0,53,,2267,,,0,13,,2268,,,0,22,,2269,,,0,69,,2270,,,0,22,,2271,,,0,22,,2272,,,0,62,,2273,,,0,22,,2274,,,0,62,,2275,,,0,24,,2276,,,0,29,,2277,,,0,72,,2278,,,0,72,,2279,,,0,32,,2280,,,0,76,,2282,,,0,103,,2281,,,0
900,'3',543,,2325,,,0,68,,2328,,,0,30,,2289,,,0,70,,2327,,,0,30,,2290,,,0,75,,2326,,,0,29,,2291,,,0,75,,2292,,,0,32,,2293,,,0,60,,2294,,,0,27,,2295,,,0,65,,2296,,,0,25,,2297,,,0,22,,2298,,,0,67,,2299,,,0,25,,2300,,,0,69,,2301,,,0,21,,2302,,,0,25,,2303,,,0,68,,2304,,,0,22,,2305,,,0,65,,2306,,,0,25,,2307,,,0,65,,2308,,,0,25,,2309,,,0,25,,2310,,,0,65,,2311,,,0,25,,2312,,,0,65,,2313,,,0,22,,2314,,,0,84,,2315,,,0,25,,2316,,,0,78,,2317,,,0,35,,2318,,,0,74,,2319,,,0,75,,2320,,,0,35,,2321,,,0,75,,2322,,,0,35,,2323,,,0,74,,2324,,,0
900,'30',619,,2332,,,0,25,,2329,,,0,80,,2365,,,0,35,,2330,,,0,75,,2364,,,0,76,,2331,,,0,35,,2333,,,0,73,,2334,,,0,33,,2335,,,0,73,,2336,,,0,33,,2337,,,0,63,,2338,,,0,18,,2339,,,0,68,,2340,,,0,23,,2341,,,0,23,,2342,,,0,63,,2343,,,0,23,,2344,,,0,63,,2345,,,0,23,,2346,,,0,23,,2347,,,0,63,,2348,,,0,23,,2349,,,0,23,,2350,,,0,61,,2351,,,0,23,,2352,,,0,63,,2353,,,0,25,,2354,,,0,75,,2355,,,0,30,,2356,,,0,70,,2357,,,0,30,,2358,,,0,70,,2359,,,0,30,,2360,,,0,70,,2361,,,0,29,,2362,,,0,81,,2363,,,0
900,'4',619,,2369,,,0,25,,2366,,,0,80,,2402,,,0,35,,2367,,,0,75,,2401,,,0,76,,2368,,,0,35,,2370,,,0,73,,2371,,,0,33,,2372,,,0,73,,2373,,,0,33,,2374,,,0,63,,2375,,,0,18,,2376,,,0,68,,2377,,,0,23,,2378,,,0,23,,2379,,,0,63,,2380,,,0,23,,2381,,,0,63,,2382,,,0,23,,2383,,,0,23,,2384,,,0,63,,2385,,,0,23,,2386,,,0,23,,2387,,,0,61,,2388,,,0,23,,2389,,,0,63,,2390,,,0,25,,2391,,,0,75,,2392,,,0,30,,2393,,,0,70,,2394,,,0,30,,2395,,,0,70,,2396,,,0,30,,2397,,,0,70,,2398,,,0,29,,2399,,,0,81,,2400,,,0
2700,'2',625,,5911,,,0,33,,5841,,,0,76,,5842,,,0,13,,5843,,,0,53,,5844,,,0,13,,5845,,,0,13,,5846,,,0,13,,5847,,,0,13,,5848,,,0,53,,5849,,,0,12,,5850,,,0,13,,5851,,,0,13,,5852,,,0,13,,5853,,,0,53,,5854,,,0,13,,5855,,,0,13,,5856,,,0,13,,5857,,,0,53,,5858,,,0,13,,5859,,,0,13,,5860,,,0,13,,5861,,,0,13,,5862,,,0,53,,5863,,,0,12,,5864,,,0,12,,5865,,,0,12,,5866,,,0,12,,5867,,,0,52,,5868,,,0,12,,5869,,,0,12,,5870,,,0,12,,5871,,,0,12,,5872,,,0,52,,5873,,,0,15,,5874,,,0,13,,5875,,,0,13,,5876,,,0,53,,5877,,,0,13,,5878,,,0,13,,5879,,,0,13,,5880,,,0,13,,5881,,,0,54,,5882,,,0,15,,5883,,,0,9,,5884,,,0,11,,5885,,,0,11,,5886,,,0,51,,5887,,,0,11,,5888,,,0,11,,5889,,,0,11,,5890,,,0,11,,5891,,,0,11,,5892,,,0,49,,5893,,,0,6,,5894,,,0,13,,5895,,,0,15,,5896,,,0,13,,5897,,,0,54,,5898,,,0,13,,5899,,,0,17,,5900,,,0,17,,5901,,,0,57,,5902,,,0,17,,5903,,,0,17,,5904,,,0,57,,5905,,,0,16,,5906,,,0,27,,5907,,,0,67,,5908,,,0,27,,5909,,,0,70,,5910,,,0
2700,'3',924,,5912,,,0,29,,5914,,,0,98,,5923,,,0,76,,5915,,,0,32,,5933,,,0,72,,5924,,,0,72,,5916,,,0,32,,5913,,,0,72,,5925,,,0,34,,5917,,,0,72,,5932,,,0,30,,5926,,,0,74,,5918,,,0,32,,5934,,,0,70,,5927,,,0,34,,5919,,,0,72,,5935,,,0,18,,5928,,,0,85,,5920,,,0,85,,5929,,,0,45,,5921,,,0,80,,5930,,,0,80,,5922,,,0,40,,5931,,,0
2700,'30',906,,5936,,,0,45,,5943,,,0,85,,5937,,,0,85,,5944,,,0,85,,5938,,,0,48,,5945,,,0,72,,5947,,,0,27,,5939,,,0,77,,5946,,,0,72,,5948,,,0,32,,5940,,,0,72,,5949,,,0,32,,5951,,,0,72,,5941,,,0,35,,5950,,,0,86,,5942,,,0,85,,5953,,,0,85,,5952,,,0
2700,'4',906,,5954,,,0,45,,5961,,,0,85,,5955,,,0,85,,5962,,,0,85,,5956,,,0,48,,5963,,,0,72,,5965,,,0,27,,5957,,,0,77,,5964,,,0,72,,5966,,,0,32,,5958,,,0,72,,5967,,,0,32,,5969,,,0,72,,5959,,,0,35,,5968,,,0,86,,5960,,,0,85,,5971,,,0,85,,5970,,,0
3100,'2',638,,6174,,,0,88,,6175,,,0,33,,6176,,,0,68,,6177,,,0,28,,6178,,,0,68,,6179,,,0,23,,6180,,,0,67,,6181,,,0,27,,6182,,,0,67,,6183,,,0,27,,6184,,,0,67,,6185,,,0,27,,6186,,,0,28,,6187,,,0,67,,6188,,,0,27,,6189,,,0,68,,6190,,,0,32,,6191,,,0,70,,6192,,,0,30,,6193,,,0,72,,6194,,,0,30,,6195,,,0,70,,6196,,,0,27,,6197,,,0,70,,6198,,,0,30,,6199,,,0,70,,6200,,,0,30,,6201,,,0,70,,6202,,,0,30,,6203,,,0,67,,6204,,,0,30,,6205,,,0,70,,6206,,,0,30,,6207,,,0
3100,'3',805,,6237,,,0,25,,6236,,,0,24,,6235,,,0,65,,6208,,,0,25,,6234,,,0,65,,6209,,,0,25,,6210,,,0,25,,6211,,,0,65,,6212,,,0,25,,6213,,,0,65,,6214,,,0,25,,6215,,,0,65,,6216,,,0,25,,6217,,,0,25,,6218,,,0,67,,6219,,,0,27,,6220,,,0,67,,6221,,,0,27,,6222,,,0,67,,6223,,,0,27,,6224,,,0,67,,6225,,,0,27,,6226,,,0,27,,6227,,,0,65,,6238,,,0,25,,6228,,,0,66,,6239,,,0,25,,6229,,,0,66,,6240,,,0,26,,6230,,,0,25,,6241,,,0,65,,6231,,,0,24,,6242,,,0,62,,6232,,,0,21,,6243,,,0,21,,6233,,,0,66,,6244,,,0
3100,'30',854,,6245,,,0,65,,6246,,,0,25,,6247,,,0,65,,6248,,,0,26,,6249,,,0,65,,6250,,,0,25,,6251,,,0,25,,6252,,,0,65,,6253,,,0,25,,6259,,,0,65,,6260,,,0,25,,6261,,,0,25,,6262,,,0,65,,6263,,,0,25,,6264,,,0,65,,6265,,,0,25,,6266,,,0,65,,6254,,,0,25,,6267,,,0,25,,6255,,,0,65,,6268,,,0,25,,6256,,,0,65,,6269,,,0,25,,6257,,,0,25,,6270,,,0,65,,6258,,,0,25,,6271,,,0
3100,'4',854,,6272,,,0,65,,6273,,,0,25,,6274,,,0,65,,6275,,,0,26,,6276,,,0,65,,6277,,,0,25,,6278,,,0,25,,6279,,,0,65,,6280,,,0,25,,6286,,,0,65,,6287,,,0,25,,6288,,,0,25,,6289,,,0,65,,6290,,,0,25,,6291,,,0,65,,6292,,,0,25,,6293,,,0,65,,6281,,,0,25,,6294,,,0,25,,6282,,,0,65,,6295,,,0,25,,6283,,,0,65,,6296,,,0,25,,6284,,,0,25,,6297,,,0,65,,6285,,,0,25,,6298,,,0
12701,'3302',620,,8506,,,0,30,,8507,,,0,68,,8508,,,0,24,,8509,,,0,12,,8510,,,0,64,,8511,,,0,12,,8512,,,0,24,,8513,,,0,52,,8514,,,0,24,,8515,,,0,12,,8516,,,0,64,,8517,,,0,12,,8518,,,0,24,,8519,,,0,12,,8520,,,0,64,,8521,,,0,12,,8522,,,0,24,,8523,,,0,53,,8524,,,0,24,,8525,,,0,12,,8526,,,0,64,,8527,,,0,12,,8528,,,0,24,,8529,,,0,12,,8530,,,0,65,,8531,,,0,24,,8532,,,0,64,,8533,,,0,24,,8534,,,0,24,,8535,,,0,76,,8536,,,0,20,,8537,,,0,70,,8538,,,0,20,,8539,,,0,65,,8540,,,0,20,,8541,,,0,20,,8542,,,0,60,,8543,,,0,20,,8544,,,0,20,,8545,,,0,60,,8546,,,0,20,,8547,,,0,20,,8548,,,0,58,,8549,,,0,30,,8550,,,0,70,,8551,,,0,30,,8552,,,0,70,,8553,,,0,30,,8554,,,0,70,,8555,,,0
12701,'3602',730,,8556,,,0,76,,8557,,,0,36,,8558,,,0,76,,8559,,,0,36,,8560,,,0,76,,8561,,,0,76,,8562,,,0,36,,8563,,,0,77,,8564,,,0,36,,8565,,,0,76,,8566,,,0,77,,8567,,,0,24,,8568,,,0,24,,8569,,,0,64,,8570,,,0,24,,8571,,,0,68,,8572,,,0,10,,8573,,,0,20,,8574,,,0,60,,8575,,,0,10,,8576,,,0,20,,8577,,,0,20,,8578,,,0,50,,8579,,,0
12701,'3903',620,,8623,,,0,30,,8624,,,0,70,,8625,,,0,30,,8626,,,0,70,,8580,,,0,30,,8581,,,0,70,,8582,,,0,30,,8583,,,0,61,,8584,,,0,15,,8585,,,0,25,,8586,,,0,60,,8587,,,0,20,,8588,,,0,20,,8589,,,0,61,,8590,,,0,20,,8591,,,0,20,,8592,,,0,60,,8593,,,0,20,,8594,,,0,20,,8595,,,0,60,,8596,,,0,20,,8597,,,0,20,,8598,,,0,60,,8599,,,0,20,,8600,,,0,20,,8601,,,0,60,,8602,,,0,20,,8603,,,0,20,,8604,,,0,60,,8605,,,0,20,,8606,,,0,20,,8607,,,0,59,,8608,,,0,20,,8609,,,0,20,,8610,,,0,60,,8611,,,0,20,,8612,,,0,20,,8613,,,0,60,,8614,,,0,20,,8615,,,0,20,,8616,,,0,69,,8617,,,0,30,,8618,,,0,70,,8619,,,0,30,,8620,,,0,70,,8621,,,0,30,,8622,,,0
12701,'6404',720,,8660,,,0,30,,8661,,,0,70,,8662,,,0,30,,8663,,,0,55,,8627,,,0,20,,8628,,,0,20,,8629,,,0,60,,8630,,,0,20,,8631,,,0,20,,8632,,,0,60,,8633,,,0,20,,8634,,,0,20,,8635,,,0,62,,8636,,,0,20,,8637,,,0,20,,8638,,,0,60,,8639,,,0,20,,8640,,,0,20,,8641,,,0,60,,8642,,,0,20,,8643,,,0,20,,8644,,,0,60,,8645,,,0,20,,8646,,,0,20,,8647,,,0,60,,8648,,,0,20,,8649,,,0,20,,8650,,,0,60,,8651,,,0,15,,8652,,,0,35,,8653,,,0,75,,8654,,,0,75,,8655,,,0,35,,8656,,,0,75,,8657,,,0,35,,8658,,,0,75,,8659,,,0,75,,8664,,,0,35,,8665,,,0
