'2',1300,55300,4,'',0,6500,4,'',0,100,4,'',0,700,4,'',0,2100,4,'',0,5600,4,'',0,3000,4,'',0,2500,4,'',0,7000,4,'',0,3000,4,'',0,6900,4,'',0,200,4,'',0,2900,4,'',0,100,4,'',0,6500,4,'',0,400,4,'',0,2500,4,'',0,100,4,'',0,6900,4,'',0,100,4,'',0,2900,4,'',0,100,4,'',0,6700,4,'',0,200,4,'',0,2800,4,'',0,100,4,'',0,6900,4,'',0,100,4,'',0,2900,4,'',0,100,4,'',0,7100,4,'',0,100,4,'',0,3000,4,'',0,7000,4,'',0,3000,4,'',0,7000,4,'',0,100,4,'',0,3000,4,'',0,7000,4,'',0,3000,4,'',0,6500,4,'',0,400,4,'',0,2700,4,'',0,400,4,'',0,7600,4,'',0,400,4,'',0,7600,4,'',0,400,4,'',0,3600,4,'',0,400,4,'',0,5800,4,'',0,4300,4,'',0,5000,4,'',0,4000,4,'',0,1200,4,'',0,8800,4,'',0,5500,4,'',0,3700,4,'',0,7700,4,'',0
'2',1301,55300,,'',0,6500,,'',0,100,,'',0,2100,,'',0,700,,'',0,6200,,'',0,100,,'',0,2900,,'',0,100,,'',0,6900,,'',0,100,,'',0,2600,,'',0,600,,'',0,6400,,'',0,200,,'',0,2800,,'',0,200,,'',0,6800,,'',0,200,,'',0,2500,,'',0,300,,'',0,6500,,'',0,200,,'',0,2800,,'',0,100,,'',0,2500,,'',0,4500,,'',0,2500,,'',0,500,,'',0,2500,,'',0,4500,,'',0,2500,,'',0,400,,'',0,2700,,'',0,4200,,'',0,2800,,'',0,200,,'',0,7000,,'',0,400,,'',0,3100,,'',0,100,,'',0,6900,,'',0,2800,,'',0,200,,'',0,6600,,'',0,3000,,'',0,200,,'',0,7500,,'',0,2000,,'',0,900,,'',0,6600,,'',0,400,,'',0,3100,,'',0,900,,'',0,7100,,'',0,900,,'',0,7900,,'',0,1800,,'',0,8200,,'',0,1300,,'',0,3700,,'',0,4600,,'',0,4600,,'',0,5900,,'',0,3200,,'',0
'3',1300,55700,4,'',0,9000,4,'',0,5400,4,'',0,2000,4,'',0,2300,4,'',0,6700,4,'',0,500,4,'',0,1800,4,'',0,2500,4,'',0,4200,4,'',0,3000,4,'',0,200,4,'',0,1600,4,'',0,5300,4,'',0,1700,4,'',0,300,4,'',0,2900,4,'',0,100,4,'',0,6900,4,'',0,100,4,'',0,2900,4,'',0,100,4,'',0,7000,4,'',0,300,4,'',0,1500,4,'',0,1400,4,'',0,5600,4,'',0,3000,4,'',0,6900,4,'',0,200,4,'',0,2700,4,'',0,200,4,'',0,6800,4,'',0,200,4,'',0,2800,4,'',0,200,4,'',0,6800,4,'',0,200,4,'',0,2800,4,'',0,200,4,'',0,6500,4,'',0,300,4,'',0,2500,4,'',0,200,4,'',0,6800,4,'',0,100,4,'',0,1300,4,'',0,3000,4,'',0,5500,4,'',0,3000,4,'',0,500,4,'',0,7000,4,'',0,500,4,'',0,3500,4,'',0,500,4,'',0,5800,4,'',0,4100,4,'',0,5200,4,'',0,3800,4,'',0,1700,4,'',0,8300,4,'',0,600,4,'',0,7100,4,'',0,2000,4,'',0,8900,4,'',0
'3',1301,55700,,'',0,9000,,'',0,6200,,'',0,3300,,'',0,200,,'',0,6900,,'',0,300,,'',0,2900,,'',0,5600,,'',0,300,,'',0,2900,,'',0,100,,'',0,2400,,'',0,4400,,'',0,2500,,'',0,100,,'',0,2900,,'',0,100,,'',0,6900,,'',0,2900,,'',0,6800,,'',0,200,,'',0,2500,,'',0,300,,'',0,6500,,'',0,200,,'',0,2800,,'',0,200,,'',0,6800,,'',0,200,,'',0,2800,,'',0,200,,'',0,6500,,'',0,300,,'',0,2500,,'',0,200,,'',0,6800,,'',0,200,,'',0,2800,,'',0,200,,'',0,6800,,'',0,200,,'',0,2900,,'',0,200,,'',0,7000,,'',0,500,,'',0,3500,,'',0,4500,,'',0,3500,,'',0,500,,'',0,7500,,'',0,500,,'',0,8100,,'',0,1800,,'',0,8200,,'',0,800,,'',0,3700,,'',0,5800,,'',0,4300,,'',0,7200,,'',0,2000,,'',0
'30',1300,72100,4,'',0,9300,4,'',0,2300,4,'',0,8700,4,'',0,2300,4,'',0,8200,4,'',0,300,4,'',0,8200,4,'',0,1800,4,'',0,8200,4,'',0,1400,4,'',0,8400,4,'',0,1700,4,'',0,8300,4,'',0,1700,4,'',0,8300,4,'',0,1700,4,'',0,8300,4,'',0,1700,4,'',0,8300,4,'',0,1700,4,'',0,8300,4,'',0,1200,4,'',0,8300,4,'',0,1300,4,'',0,3700,4,'',0,4700,4,'',0,4300,4,'',0,5700,4,'',0,4300,4,'',0,7000,4,'',0,1800,4,'',0,9600,4,'',0
'30',1301,62500,,'',0,8900,,'',0,2300,,'',0,8700,,'',0,2300,,'',0,8200,,'',0,1900,,'',0,8200,,'',0,1300,,'',0,8200,,'',0,1700,,'',0,8100,,'',0,1800,,'',0,8200,,'',0,1800,,'',0,8200,,'',0,1800,,'',0,8200,,'',0,1300,,'',0,8200,,'',0,1800,,'',0,8200,,'',0,1800,,'',0,8600,,'',0,1200,,'',0,8400,,'',0,1300,,'',0,7700,,'',0,300,,'',0,4200,,'',0,5800,,'',0,4300,,'',0,6500,,'',0,2100,,'',0
'4',1300,72100,4,'',0,9300,4,'',0,2300,4,'',0,8700,4,'',0,2300,4,'',0,8200,4,'',0,300,4,'',0,8200,4,'',0,1800,4,'',0,8200,4,'',0,1400,4,'',0,8400,4,'',0,1700,4,'',0,8300,4,'',0,1700,4,'',0,8300,4,'',0,1700,4,'',0,8300,4,'',0,1700,4,'',0,8300,4,'',0,1700,4,'',0,8300,4,'',0,1200,4,'',0,8300,4,'',0,1300,4,'',0,3700,4,'',0,4700,4,'',0,4300,4,'',0,5700,4,'',0,4300,4,'',0,7000,4,'',0,1800,4,'',0,9600,4,'',0
'4',1301,62500,,'',0,8900,,'',0,2300,,'',0,8700,,'',0,2300,,'',0,8200,,'',0,1900,,'',0,8200,,'',0,1300,,'',0,8200,,'',0,1700,,'',0,8100,,'',0,1800,,'',0,8200,,'',0,1800,,'',0,8200,,'',0,1800,,'',0,8200,,'',0,1300,,'',0,8200,,'',0,1800,,'',0,8200,,'',0,1800,,'',0,8600,,'',0,1200,,'',0,8400,,'',0,1300,,'',0,7700,,'',0,300,,'',0,4200,,'',0,5800,,'',0,4300,,'',0,6500,,'',0,2100,,'',0
'2',9000,65600,4,'',0,7600,4,'',0,1500,4,'',0,5800,4,'',0,1500,4,'',0,1500,4,'',0,1500,4,'',0,5500,4,'',0,1500,4,'',0,1300,4,'',0,1500,4,'',0,5200,4,'',0,1500,4,'',0,1500,4,'',0,1500,4,'',0,5500,4,'',0,1500,4,'',0,1500,4,'',0,1500,4,'',0,5500,4,'',0,1500,4,'',0,1600,4,'',0,1500,4,'',0,5600,4,'',0,1500,4,'',0,1500,4,'',0,1500,4,'',0,5500,4,'',0,1500,4,'',0,1500,4,'',0,1500,4,'',0,5900,4,'',0,1500,4,'',0,1500,4,'',0,1500,4,'',0,5500,4,'',0,1500,4,'',0,2300,4,'',0,1500,4,'',0,5500,4,'',0,1500,4,'',0,1500,4,'',0,1500,4,'',0,5500,4,'',0,1500,4,'',0,7100,4,'',0,3000,4,'',0,7000,4,'',0,3000,4,'',0,7000,4,'',0
'2',9001,63000,,'',0,7000,,'',0,1500,,'',0,1500,,'',0,1500,,'',0,5500,,'',0,1500,,'',0,1500,,'',0,1500,,'',0,5500,,'',0,1500,,'',0,1500,,'',0,1500,,'',0,5500,,'',0,1500,,'',0,1500,,'',0,1500,,'',0,5500,,'',0,1500,,'',0,1500,,'',0,1500,,'',0,5500,,'',0,1500,,'',0,1500,,'',0,1500,,'',0,5500,,'',0,1500,,'',0,1500,,'',0,1500,,'',0,5500,,'',0,1500,,'',0,1500,,'',0,1500,,'',0,5500,,'',0,1500,,'',0,1500,,'',0,1500,,'',0,5500,,'',0,1500,,'',0,1500,,'',0,1500,,'',0,5500,,'',0,1500,,'',0,1500,0,'Richmond & Dundas',0,1500,,'',0,5500,0,'Richmond & Dundas',0,3000,,'',0,2500,,'',0,6500,,'',0,2500,,'',0,7000,,'',0,3000,,'',0,7000,0,'Richmond & Dundas',0
'3',9000,84100,4,'',0,7000,4,'',0,3000,4,'',0,7000,4,'',0,3100,4,'',0,6500,4,'',0,2500,4,'',0,2500,4,'',0,6600,4,'',0,2500,4,'',0,6500,4,'',0,2500,4,'',0,6500,4,'',0,2600,4,'',0,2500,4,'',0,6500,4,'',0,2500,4,'',0,6500,4,'',0,2500,4,'',0,2500,4,'',0,6500,4,'',0,2500,4,'',0,6500,4,'',0
'3',9001,81500,,'',0,3000,,'',0,7000,,'',0,3000,,'',0,6000,,'',0,2500,,'',0,2500,,'',0,6500,,'',0,2500,,'',0,6200,,'',0,2500,,'',0,2500,,'',0,6500,,'',0,2500,,'',0,6500,,'',0,2500,,'',0,6500,,'',0,2500,,'',0,2500,,'',0,6500,,'',0,2500,,'',0,6500,,'',0,2500,,'',0
'4',9000,102200,4,'',0,2000,4,'',0,6000,4,'',0,2000,4,'',0,2000,4,'',0,6000,4,'',0,2000,4,'',0,2100,4,'',0,1600,4,'',0,5600,4,'',0,1600,4,'',0,1600,4,'',0,5600,4,'',0,1600,4,'',0,1600,4,'',0,1600,4,'',0,5600,4,'',0,1600,4,'',0,1600,4,'',0,1600,4,'',0,5600,4,'',0,1600,4,'',0,1600,4,'',0,1600,4,'',0,6100,4,'',0,1700,4,'',0,2000,4,'',0,7000,4,'',0,2500,4,'',0,6500,4,'',0,1000,4,'',0
'4',9001,94500,,'',0,6000,,'',0,2000,,'',0,2000,,'',0,6000,,'',0,2000,,'',0,2000,,'',0,5500,,'',0,1600,,'',0,1600,,'',0,1600,,'',0,5600,,'',0,1600,,'',0,1600,,'',0,1600,,'',0,5600,,'',0,1600,,'',0,1600,,'',0,1600,,'',0,5600,,'',0,1600,,'',0,1600,,'',0,5600,,'',0,1600,,'',0,1600,,'',0,1600,,'',0,5700,,'',0,2100,,'',0,2100,,'',0,6500,,'',0,1800,,'',0,2500,,'',0
