200,'2',621,,377,11,0,10 22 27,0,30,,376,11,0,10 22 27,0,57,,414,48,0,10 23 20,0,30,,415,48,0,10 23 20,0,70,,416,48,0,10 23 20,0,30,,417,48,0,10 23 20,0,70,,418,48,0,10 23 20,0,30,,419,48,0,10 23 20,0,70,,420,48,0,10 23 20,0,30,,421,48,0,10 23 20,0,70,,422,48,0,10 23 20,0,30,,423,48,0,10 23 20,0,73,,424,48,0,10 23 20,0,27,,425,48,0,10 23 20,0,70,,426,48,0,10 23 20,0,30,,427,48,0,10 23 20,0,71,,428,48,0,10 23 20,0,30,,429,48,0,10 23 20,0,68,,430,48,0,10 23 20,0,29,,431,48,0,10 23 20,0,74,,432,48,0,10 23 20,0,34,,433,48,0,10 23 20,0,70,,434,48,0,10 23 20,0,28,,435,48,0,10 23 20,0,70,,436,48,0,10 23 20,0,29,,437,48,0,10 23 20,0,67,,438,48,0,10 23 20,0,30,,439,48,0,10 23 20,0,70,,440,48,0,10 23 20,0,30,,441,48,0,10 23 20,0,70,,442,48,0,10 23 20,0,35,,443,48,0,10 23 20,0,80,,444,48,0,10 23 20,0,80,,445,48,0,10 23 20,0,37,,446,48,0,10 23 20,0,72,,447,48,0,10 23 20,0,35,,448,48,0,10 23 20,0
200,'3',625,,452,11,0,10 22 27,0,94,,454,48,0,10 23 20,0,32,,455,11,0,10 22 27,0,65,,457,11,0,10 22 27,0,20,,459,48,0,10 23 20,0,70,,461,48,0,10 23 20,0,30,,463,48,0,10 23 20,0,65,,465,48,0,10 23 20,0,31,,467,48,0,10 23 20,0,70,,469,48,0,10 23 20,0,25,,471,48,0,10 23 20,0,25,,473,48,0,10 23 20,0,71,,475,48,0,10 23 20,0,30,,477,48,0,10 23 20,0,65,,489,48,0,10 23 20,0,25,,490,48,0,10 23 20,0,70,,491,48,0,10 23 20,0,29,,492,48,0,10 23 20,0,70,,493,48,0,10 23 20,0,30,,494,48,0,10 23 20,0,60,,495,48,0,10 23 20,0,30,,496,48,0,10 23 20,0,70,,497,48,0,10 23 20,0,30,,498,48,0,10 23 20,0,70,,499,48,0,10 23 20,0,31,,501,48,0,10 23 20,0,70,,502,48,0,10 23 20,0,30,,503,48,0,10 23 20,0,70,,504,48,0,10 23 20,0,30,,505,48,0,10 23 20,0,70,,506,48,0,10 23 20,0,43,,516,48,0,10 23 20,0,100,,517,48,0,10 23 20,0,99,,450,48,0,10 23 20,0,100,,520,48,0,10 23 20,0
200,'30',655,,527,11,0,10 22 27,0,96,,528,48,0,10 23 20,0,100,,529,48,0,10 23 20,0,95,,532,48,0,10 23 20,0,90,,533,48,0,10 23 20,0,90,,534,48,0,10 23 20,0,26,,538,48,0,10 23 20,0,67,,535,48,0,10 23 20,0,30,,551,48,0,10 23 20,0,70,,552,48,0,10 23 20,0,30,,553,48,0,10 23 20,0,70,,554,48,0,10 23 20,0,30,,555,48,0,10 23 20,0,70,,556,48,0,10 23 20,0,30,,557,48,0,10 23 20,0,70,,558,48,0,10 23 20,0,30,,559,48,0,10 23 20,0,70,,560,48,0,10 23 20,0,30,,561,48,0,10 23 20,0,66,,562,48,0,10 23 20,0,90,,571,48,0,10 23 20,0,50,,572,48,0,10 23 20,0,90,,573,48,0,10 23 20,0,90,,574,48,0,10 23 20,0,90,,575,48,0,10 23 20,0,95,,524,48,0,10 23 20,0
200,'4',655,,581,11,0,10 22 27,0,96,,582,48,0,10 23 20,0,100,,583,48,0,10 23 20,0,95,,586,48,0,10 23 20,0,90,,587,48,0,10 23 20,0,90,,588,48,0,10 23 20,0,26,,592,48,0,10 23 20,0,67,,589,48,0,10 23 20,0,30,,605,48,0,10 23 20,0,70,,606,48,0,10 23 20,0,30,,607,48,0,10 23 20,0,70,,608,48,0,10 23 20,0,30,,609,48,0,10 23 20,0,70,,610,48,0,10 23 20,0,30,,611,48,0,10 23 20,0,70,,612,48,0,10 23 20,0,30,,613,48,0,10 23 20,0,70,,614,48,0,10 23 20,0,30,,615,48,0,10 23 20,0,66,,616,48,0,10 23 20,0,90,,625,48,0,10 23 20,0,50,,626,48,0,10 23 20,0,90,,627,48,0,10 23 20,0,90,,628,48,0,10 23 20,0,90,,629,48,0,10 23 20,0,95,,578,48,0,10 23 20,0
301,'2',614,,979,35,,,0,96,,980,35,,,0,30,,981,35,,,0,73,,982,35,,,0,27,,983,35,,,0,70,,984,35,,,0,28,,985,35,,,0,70,,986,35,,,0,30,,987,35,,,0,70,,988,35,,,0,30,,989,35,,,0,70,,990,35,,,0,32,,991,35,,,0,70,,992,35,,,0,30,,993,35,,,0,71,,994,35,,,0,33,,995,35,,,0,70,,996,35,,,0,30,,997,35,,,0,70,,998,35,,,0,30,,999,35,,,0,70,,1000,35,,,0,30,,1001,35,,,0,69,,1002,35,,,0,26,,1003,35,,,0,68,,1007,35,,,0,30,,1008,35,,,0,70,,1009,35,,,0,30,,1010,35,,,0,70,,1011,35,,,0,28,,1012,35,,,0,66,,1013,35,,,0,30,,1014,35,,,0,70,,1015,35,,,0,30,,1016,35,,,0,19,,1004,35,,,0
301,'3',724,,1017,35,,,0,100,,1018,35,,,0,102,,1019,35,,,0,104,,1020,35,,,0,71,,1024,35,,,0,35,,1025,35,,,0,75,,1026,35,,,0,36,,1027,35,,,0,75,,1028,35,,,0,35,,1029,35,,,0,75,,1030,35,,,0,75,,1031,35,,,0,35,,1032,35,,,0,75,,1033,35,,,0,35,,1034,35,,,0,75,,1035,35,,,0,75,,1036,35,,,0,33,,1037,35,,,0,100,,1038,35,,,0,100,,1039,35,,,0,100,,1040,35,,,0,100,,1041,35,,,0,108,,1021,35,,,0
301,'30',943,,1042,35,,,0,87,,1043,35,,,0,87,,1044,35,,,0,87,,1045,35,,,0,48,,1046,35,,,0,87,,1047,35,,,0,87,,1048,35,,,0,87,,1049,35,,,0,87,,1050,35,,,0,47,,1051,35,,,0,87,,1052,35,,,0,87,,1053,35,,,0,87,,1054,35,,,0,107,,1055,35,,,0,100,,1056,35,,,0,99,,1057,35,,,0,100,,1058,35,,,0
301,'4',943,,1059,35,,,0,87,,1060,35,,,0,87,,1061,35,,,0,87,,1062,35,,,0,48,,1063,35,,,0,87,,1064,35,,,0,87,,1065,35,,,0,87,,1066,35,,,0,87,,1067,35,,,0,47,,1068,35,,,0,87,,1069,35,,,0,87,,1070,35,,,0,87,,1071,35,,,0,107,,1072,35,,,0,100,,1073,35,,,0,99,,1074,35,,,0,100,,1075,35,,,0
501,'2',653,,1526,74,0,10 23 20,0,73,,1527,78,0,13 36,0,30,,1528,74,0,10 23 20,0,70,,1529,78,0,13 36,0,32,,1530,74,0,10 23 20,0,66,,1540,78,0,13 36,0,30,,1531,74,0,10 23 20,0,70,,1541,78,0,13 36,0,30,,1532,74,0,10 23 20,0,70,,1542,78,0,13 36,0,30,,1533,74,0,10 23 20,0,72,,1543,78,0,13 36,0,30,,1534,74,0,10 23 20,0,70,,1544,78,0,13 36,0,30,,1535,74,0,10 23 20,0,74,,1545,78,0,13 36,0,70,,1536,74,0,10 23 20,0,30,,1546,78,0,13 36,0,70,,1537,74,0,10 23 20,0,30,,1547,78,0,13 36,0,70,,1538,74,0,10 23 20,0,30,,1548,78,0,13 36,0,72,,1539,74,0,10 23 20,0,26,,1549,78,0,13 36,0,30,,1550,74,0,10 23 20,0,78,,1555,74,0,10 23 20,0,70,,1556,74,0,10 23 20,0,30,,1557,74,0,10 23 20,0,70,,1558,74,0,10 23 20,0,26,,1559,74,0,10 23 20,0,69,,1560,74,0,10 23 20,0,30,,1561,74,0,10 23 20,0,24,,1562,74,0,10 23 20,0,71,,1563,74,0,10 23 20,0,98,,1564,74,0,10 23 20,0
501,'3',654,,1566,74,0,10 23 20,0,100,,1567,74,0,10 23 20,0,100,,1568,74,0,10 23 20,0,147,,1569,74,0,10 23 20,0,42,,1573,74,0,10 23 20,0,75,,1580,78,0,13 36,0,35,,1574,74,0,10 23 20,0,79,,1581,78,0,13 36,0,75,,1575,74,0,10 23 20,0,35,,1582,78,0,13 36,0,75,,1576,74,0,10 23 20,0,35,,1583,78,0,13 36,0,74,,1577,74,0,10 23 20,0,76,,1584,78,0,13 36,0,34,,1578,74,0,10 23 20,0,76,,1585,78,0,13 36,0,34,,1579,74,0,10 23 20,0,76,,1586,78,0,13 36,0,29,,1587,74,0,10 23 20,0,75,,1588,78,0,13 36,0,78,,1589,74,0,10 23 20,0,100,,1590,74,0,10 23 20,0,100,,1591,74,0,10 23 20,0,110,,1592,74,0,10 23 20,0,110,,1570,74,0,10 23 20,0
501,'30',920,,1594,74,0,10 23 20,0,87,,1595,74,0,10 23 20,0,47,,1596,74,0,10 23 20,0,87,,1597,74,0,10 23 20,0,88,,1598,74,0,10 23 20,0,87,,1599,74,0,10 23 20,0,87,,1600,74,0,10 23 20,0,47,,1601,74,0,10 23 20,0,87,,1602,74,0,10 23 20,0,87,,1603,74,0,10 23 20,0,87,,1604,74,0,10 23 20,0,47,,1605,74,0,10 23 20,0,87,,1606,74,0,10 23 20,0,100,,1607,74,0,10 23 20,0,100,,1608,74,0,10 23 20,0,95,,1609,74,0,10 23 20,0,92,,1610,74,0,10 23 20,0,88,,1611,74,0,10 23 20,0
501,'4',920,,1613,74,0,10 23 20,0,87,,1614,74,0,10 23 20,0,47,,1615,74,0,10 23 20,0,87,,1616,74,0,10 23 20,0,88,,1617,74,0,10 23 20,0,87,,1618,74,0,10 23 20,0,87,,1619,74,0,10 23 20,0,47,,1620,74,0,10 23 20,0,87,,1621,74,0,10 23 20,0,87,,1622,74,0,10 23 20,0,87,,1623,74,0,10 23 20,0,47,,1624,74,0,10 23 20,0,87,,1625,74,0,10 23 20,0,100,,1626,74,0,10 23 20,0,100,,1627,74,0,10 23 20,0,95,,1628,74,0,10 23 20,0,92,,1629,74,0,10 23 20,0,88,,1630,74,0,10 23 20,0
