701,'2',634,,19429,35,,,0,20,,19430,35,,,0,76,,19431,35,,,0,25,,19432,35,,,0,60,,19433,35,,,0,20,,19434,35,,,0,20,,19435,35,,,0,60,,19436,35,,,0,30,,19437,35,,,0,55,,19438,35,,,0,30,,19439,35,,,0,70,,19440,35,,,0,30,,19441,35,,,0,70,,19442,35,,,0,30,,19443,35,,,0,70,,19444,35,,,0,30,,19445,35,,,0,70,,19446,35,,,0,25,,19447,35,,,0,20,,19448,35,,,0,60,,19449,35,,,0,20,,19450,35,,,0,20,,19451,35,,,0,62,,19452,35,,,0,20,,19453,35,,,0,20,,19454,35,,,0,60,,19455,35,,,0,20,,19456,35,,,0,20,,19457,35,,,0,58,,19458,35,,,0,25,,19459,35,,,0,25,,19460,35,,,0,65,,19461,35,,,0,25,,19462,35,,,0,65,,19463,35,,,0,30,,19464,35,,,0,79,,19465,35,,,0,30,,19466,35,,,0,70,,19467,35,,,0,30,,19468,35,,,0,70,,19469,35,,,0,30,,19470,35,,,0
701,'3',634,,19513,35,,,0,76,,19514,35,,,0,31,,19512,35,,,0,73,,19476,35,,,0,30,,19477,35,,,0,65,,19478,35,,,0,30,,19479,35,,,0,70,,19480,35,,,0,25,,19481,35,,,0,25,,19482,35,,,0,70,,19483,35,,,0,30,,19484,35,,,0,65,,19485,35,,,0,25,,19486,35,,,0,70,,19487,35,,,0,30,,19488,35,,,0,70,,19489,35,,,0,30,,19490,35,,,0,70,,19491,35,,,0,30,,19492,35,,,0,70,,19493,35,,,0,30,,19494,35,,,0,70,,19495,35,,,0,30,,19496,35,,,0,70,,19497,35,,,0,30,,19498,35,,,0,65,,19499,35,,,0,25,,19500,35,,,0,70,,19501,35,,,0,25,,19502,35,,,0,22,,19503,35,,,0,69,,19504,35,,,0,30,,19505,35,,,0,70,,19506,35,,,0,30,,19507,35,,,0,70,,19508,35,,,0,30,,19509,35,,,0
701,'30',904,,19515,35,,,0,25,,19516,35,,,0,75,,19517,35,,,0,20,,19518,35,,,0,25,,19519,35,,,0,70,,19520,35,,,0,30,,19521,35,,,0,66,,19522,35,,,0,25,,19523,35,,,0,70,,19524,35,,,0,30,,19525,35,,,0,70,,19526,35,,,0,25,,19527,35,,,0,70,,19528,35,,,0,30,,19529,35,,,0,70,,19530,35,,,0,30,,19531,35,,,0,70,,19532,35,,,0,30,,19533,35,,,0,70,,19534,35,,,0,30,,19535,35,,,0,70,,19537,35,,,0,30,,19538,35,,,0,70,,19539,35,,,0,30,,19540,35,,,0,70,,19541,35,,,0,30,,19542,35,,,0,69,,19545,35,,,0,30,,19546,35,,,0,70,,19543,35,,,0
701,'4',904,,19547,35,,,0,25,,19548,35,,,0,75,,19549,35,,,0,20,,19550,35,,,0,25,,19551,35,,,0,70,,19552,35,,,0,30,,19553,35,,,0,66,,19554,35,,,0,25,,19555,35,,,0,70,,19556,35,,,0,30,,19557,35,,,0,70,,19558,35,,,0,25,,19559,35,,,0,70,,19560,35,,,0,30,,19561,35,,,0,70,,19562,35,,,0,30,,19563,35,,,0,70,,19564,35,,,0,30,,19565,35,,,0,70,,19566,35,,,0,30,,19567,35,,,0,70,,19569,35,,,0,30,,19570,35,,,0,70,,19571,35,,,0,30,,19572,35,,,0,70,,19573,35,,,0,30,,19574,35,,,0,69,,19577,35,,,0,30,,19578,35,,,0,70,,19575,35,,,0
1200,'2',634,,20313,7,,,0,69,,20314,7,,,0,29,,20315,7,,,0,70,,20316,7,,,0,30,,20317,7,,,0,70,,20318,7,,,0,30,,20319,7,,,0,70,,20320,7,,,0,30,,20321,7,,,0,70,,20322,7,,,0,30,,20323,7,,,0,70,,20324,7,,,0,30,,20325,7,,,0,70,,20326,7,,,0,30,,20327,7,,,0,70,,20328,7,,,0,31,,20329,7,,,0,25,,20330,7,,,0,56,,20331,7,,,0,25,,20332,7,,,0,65,,20333,7,,,0,26,,20334,7,,,0,27,,20335,7,,,0,65,,20336,7,,,0,25,,20337,7,,,0,63,,20338,7,,,0,25,,20339,7,,,0,68,,20340,7,,,0,30,,20341,7,,,0,70,,20342,7,,,0,30,,20343,7,,,0,69,,20348,7,,,0,30,,20344,7,,,0,70,,20345,7,,,0,30,,20349,7,,,0,70,,20346,7,,,0,30,,20350,7,,,0,69,,20347,7,,,0
1200,'3',634,,20351,7,,,0,70,,20383,7,,,0,30,,20352,7,,,0,70,,20382,7,,,0,30,,20353,7,,,0,70,,20381,7,,,0,25,,20354,7,,,0,25,,20380,7,,,0,71,,20355,7,,,0,30,,20379,7,,,0,70,,20356,7,,,0,30,,20378,7,,,0,70,,20357,7,,,0,75,,20358,7,,,0,35,,20359,7,,,0,75,,20360,7,,,0,35,,20361,7,,,0,75,,20362,7,,,0,35,,20363,7,,,0,75,,20364,7,,,0,75,,20365,7,,,0,35,,20366,7,,,0,64,,20367,7,,,0,33,,20368,7,,,0,67,,20369,7,,,0,33,,20370,7,,,0,67,,20371,7,,,0,33,,20372,7,,,0,67,,20373,7,,,0,33,,20374,7,,,0,67,,20375,7,,,0,33,,20376,7,,,0,67,,20377,7,,,0,33,,20384,7,,,0,67,,20385,7,,,0
1200,'30',835,,20414,7,,,0,70,,20399,7,,,0,30,,20401,7,,,0,23,,20387,7,,,0,70,,20402,7,,,0,30,,20398,7,,,0,70,,20403,7,,,0,24,,20397,7,,,0,70,,20404,7,,,0,24,,20396,7,,,0,64,,20413,7,,,0,31,,20395,7,,,0,64,,20408,7,,,0,30,,20394,7,,,0,70,,20409,7,,,0,30,,20393,7,,,0,70,,20410,7,,,0,30,,20392,7,,,0,70,,20411,7,,,0,30,,20391,7,,,0,70,,20412,7,,,0,30,,20390,7,,,0,70,,20405,7,,,0,30,,20389,7,,,0,70,,20406,7,,,0,30,,20386,7,,,0,70,,20407,7,,,0,30,,20388,7,,,0
1200,'4',835,,20443,7,,,0,70,,20428,7,,,0,30,,20430,7,,,0,23,,20416,7,,,0,70,,20431,7,,,0,30,,20427,7,,,0,70,,20432,7,,,0,24,,20426,7,,,0,70,,20433,7,,,0,24,,20425,7,,,0,64,,20442,7,,,0,31,,20424,7,,,0,64,,20437,7,,,0,30,,20423,7,,,0,70,,20438,7,,,0,30,,20422,7,,,0,70,,20439,7,,,0,30,,20421,7,,,0,70,,20440,7,,,0,30,,20420,7,,,0,70,,20441,7,,,0,30,,20419,7,,,0,70,,20434,7,,,0,30,,20418,7,,,0,70,,20435,7,,,0,30,,20415,7,,,0,70,,20436,7,,,0,30,,20417,7,,,0
9301,'2',648,,24881,9,,,0,61,,24905,9,,,0,48,,24882,9,,,0,77,,24883,9,,,0,70,,24904,9,,,0,42,,24884,9,,,0,68,,24885,9,,,0,25,,24886,9,,,0,70,,24887,9,,,0,33,,24888,9,,,0,67,,24889,9,,,0,30,,24890,9,,,0,70,,24891,9,,,0,30,,24892,9,,,0,63,,24894,9,,,0,5,,24893,9,,,0,32,,24895,9,,,0,74,,24896,9,,,0,17,,24897,9,,,0,70,,24898,9,,,0,24,,24899,9,,,0,27,,24900,9,,,0,72,,24901,9,,,0,32,,24907,9,,,0,70,,24902,9,,,0,76,,24903,9,,,0,31,,24910,9,,,0,70,,24911,9,,,0,22,,24906,9,,,0,82,,24908,9,,,0,97,,24909,9,,,0,25,,24913,9,,,0,100,,24912,9,,,0,30,,24914,9,,,0
9301,'3',822,,24915,9,,,0,25,,24916,9,,,0,65,,24917,9,,,0,25,,24918,9,,,0,65,,24919,9,,,0,29,,24920,9,,,0,70,,24921,9,,,0,30,,24922,9,,,0,70,,24923,9,,,0,39,,24924,9,,,0,70,,24925,9,,,0,30,,24926,9,,,0,80,,24927,9,,,0,28,,24928,9,,,0,70,,24929,9,,,0,40,,24930,9,,,0,70,,24931,9,,,0,30,,24932,9,,,0,71,,24933,9,,,0,25,,24934,9,,,0,65,,24935,9,,,0,24,,24936,9,,,0,65,,24937,9,,,0,25,,24938,9,,,0,25,,24939,9,,,0,65,,24940,9,,,0,25,,24941,9,,,0,65,,24942,9,,,0,21,,24943,9,,,0,25,,24944,9,,,0,65,,24945,9,,,0,25,,24946,9,,,0,75,,24947,9,,,0,25,,24948,9,,,0,65,,24949,9,,,0
9301,'30',842,,24950,9,,,0,71,,24951,9,,,0,35,,24952,9,,,0,75,,24953,9,,,0,35,,24954,9,,,0,75,,24955,9,,,0,76,,24956,9,,,0,37,,24957,9,,,0,77,,24958,9,,,0,77,,24959,9,,,0,37,,24960,9,,,0,77,,24961,9,,,0,37,,24962,9,,,0,77,,24963,9,,,0,77,,24964,9,,,0,37,,24965,9,,,0,77,,24966,9,,,0,37,,24967,9,,,0,77,,24968,9,,,0,77,,24969,9,,,0,37,,24970,9,,,0,77,,24971,9,,,0,77,,24972,9,,,0,37,,24973,9,,,0
9301,'4',842,,24975,9,,,0,71,,24976,9,,,0,35,,24977,9,,,0,75,,24978,9,,,0,35,,24979,9,,,0,75,,24980,9,,,0,76,,24981,9,,,0,37,,24982,9,,,0,77,,24983,9,,,0,77,,24984,9,,,0,37,,24985,9,,,0,77,,24986,9,,,0,37,,24987,9,,,0,77,,24988,9,,,0,77,,24989,9,,,0,37,,24990,9,,,0,77,,24991,9,,,0,37,,24992,9,,,0,77,,24993,9,,,0,77,,24994,9,,,0,37,,24995,9,,,0,77,,24996,9,,,0,77,,24997,9,,,0,37,,24998,9,,,0
