1600,'2',547,,12729,,,0,58,,12664,,,0,18,,12665,,,0,18,,12666,,,0,18,,12668,,,0,55,,12669,,,0,15,,12670,,,0,15,,12671,,,0,15,,12672,,,0,55,,12673,,,0,10,,12674,0,7 4 8,0,15,,12675,,,0,18,,12676,,,0,51,,12677,,,0,17,,12678,,,0,17,,12679,,,0,17,,12680,,,0,57,,12681,,,0,17,,12682,,,0,17,,12683,,,0,57,,12684,,,0,17,,12685,,,0,17,,12686,,,0,15,,12687,,,0,55,,12688,,,0,7,,12689,,,0,15,,12690,,,0,15,,12691,,,0,55,,12692,,,0,15,,12693,,,0,15,,12694,,,0,6,,12695,,,0,14,,12696,,,0,54,,12697,,,0,14,,12698,,,0,14,,12699,,,0,14,,12700,,,0,54,,12701,,,0,14,,12702,,,0,14,,12703,,,0,9,,12704,,,0,14,,12705,,,0,54,,12706,,,0,14,,12707,,,0,14,,12708,,,0,14,,12709,,,0,54,,12721,,,0,14,,12710,,,0,19,,12722,,,0,18,,12711,,,0,60,,12712,,,0,25,,12713,,,0,60,,12714,,,0,20,,12715,,,0,20,,12716,,,0,60,,12717,,,0,20,,12718,,,0,20,,12719,,,0,18,,12720,,,0,63,,12723,,,0,21,,12724,,,0,65,,12725,,,0,25,,12726,,,0,25,,12727,,,0,65,,12728,,,0,25,,12731,,,0,65,,12732,,,0,26,,12733,0,7 4 8,0,65,,12734,0,7 4 8,0
1600,'3',611,,12735,,,0,25,,12736,,,0,20,,12737,,,0,65,,12738,,,0,25,,12739,,,0,64,,12740,,,0,25,,12741,,,0,65,,12742,,,0,24,,12743,,,0,22,,12744,,,0,59,,12745,,,0,11,,12746,,,0,21,,12747,,,0,21,,12748,,,0,61,,12749,,,0,21,,12750,,,0,14,,12751,,,0,50,,12752,,,0,15,,12753,,,0,15,,12754,,,0,15,,12755,,,0,55,,12756,,,0,15,,12757,,,0,15,,12758,,,0,15,,12759,,,0,54,,12760,,,0,15,,12761,,,0,15,,12762,,,0,15,,12763,,,0,55,,12764,,,0,15,,12765,,,0,15,,12766,,,0,15,,12767,,,0,55,,12768,,,0,15,,12769,,,0,15,,12770,,,0,15,,12771,,,0,55,,12772,,,0,15,,12773,0,7 4 8,0,15,,12774,,,0,21,,12775,,,0,4,,12796,0,5 3 9,0,56,,12776,,,0,16,,12777,,,0,20,,12778,,,0,60,,12779,,,0,20,,12780,,,0,20,,12781,,,0,60,,12782,,,0,20,,12783,0,7 4 8,0,17,,12784,,,0,61,,12785,,,0,22,,12786,,,0,25,,12787,,,0,65,,12788,,,0,25,,12789,,,0,65,,12790,,,0,25,,12791,,,0,16,,12795,0,5 3 9,0,65,,12792,,,0,37,,12793,0,7 4 8,0,60,,12794,0,5 3 9,0
1600,'30',652,,12798,,,0,75,,12799,,,0,75,,12800,,,0,35,,12801,,,0,16,,12802,,,0,64,,12803,,,0,30,,12804,,,0,70,,12805,,,0,30,,12806,,,0,70,,12807,,,0,27,,12809,,,0,64,,12810,,,0,22,,12808,,,0,22,,12811,,,0,62,,12812,,,0,22,,12813,,,0,22,,12814,,,0,62,,12815,,,0,22,,12816,,,0,62,,12817,,,0,22,,12818,,,0,22,,12819,,,0,62,,12820,,,0,22,,12821,,,0,22,,12822,,,0,59,,12823,0,5 3 9,0,20,,12824,,,0,70,,12825,,,0,30,,12826,,,0,70,,12827,,,0,30,,12834,,,0,70,,12828,,,0,30,,12829,,,0,70,,12830,,,0,30,,12831,,,0,69,,12832,,,0,30,,12833,,,0,17,,12836,0,5 3 9,0,70,,12837,0,5 3 9,0
1600,'4',652,,12838,,,0,75,,12839,,,0,75,,12840,,,0,35,,12841,,,0,16,,12842,,,0,64,,12843,,,0,30,,12844,,,0,70,,12845,,,0,30,,12846,,,0,70,,12847,,,0,27,,12849,,,0,64,,12850,,,0,22,,12848,,,0,22,,12851,,,0,62,,12852,,,0,22,,12853,,,0,22,,12854,,,0,62,,12855,,,0,22,,12856,,,0,62,,12857,,,0,22,,12858,,,0,22,,12859,,,0,62,,12860,,,0,22,,12861,,,0,22,,12862,,,0,59,,12863,0,5 3 9,0,20,,12864,,,0,70,,12865,,,0,30,,12866,,,0,70,,12867,,,0,30,,12874,,,0,70,,12868,,,0,30,,12869,,,0,70,,12870,,,0,30,,12871,,,0,69,,12872,,,0,30,,12873,,,0,17,,12876,0,5 3 9,0,70,,12877,0,5 3 9,0
1900,'2',646,,13425,,,0,70,,13424,,,0,35,,13426,,,0,59,,13427,,,0,27,,13428,,,0,67,,13429,,,0,27,,13430,,,0,70,,13431,,,0,27,,13432,,,0,27,,13433,,,0,67,,13434,,,0,27,,13435,,,0,67,,13436,,,0,27,,13437,,,0,65,,13438,,,0,27,,13439,,,0,67,,13440,,,0,27,,13441,,,0,28,,13442,,,0,68,,13443,,,0,29,,13444,,,0,67,,13445,,,0,27,,13446,,,0,68,,13447,,,0,28,,13448,,,0,67,,13449,,,0,28,,13450,,,0,69,,13451,,,0,27,,13452,,,0,67,,13453,,,0,27,,13454,,,0,27,,13455,,,0,67,,13456,,,0,27,,13457,,,0,63,,13458,,,0,23,,13459,,,0,87,,13460,,,0,21,,13461,,,0
1900,'3',856,,13474,,,0,72,,13475,,,0,72,,13464,,,0,32,,13465,,,0,73,,13466,,,0,32,,13467,,,0,72,,13468,,,0,32,,13469,,,0,73,,13470,,,0,27,,13471,,,0,79,,13472,,,0,30,,13473,,,0,71,,13476,,,0,27,,13477,,,0,67,,13478,,,0,27,,13479,,,0,16,,13480,,,0,66,,13481,,,0,35,,13482,,,0,67,,13483,,,0,27,,13484,,,0,80,,13485,,,0,72,,13486,,,0,32,,13487,,,0,72,,13488,,,0,32,,13489,,,0,63,,13490,,,0,25,,13491,,,0
1900,'30',840,,13499,,,0,75,,13509,,,0,35,,13495,,,0,75,,13496,,,0,75,,13510,,,0,36,,13497,,,0,80,,13498,,,0,40,,13500,,,0,80,,13501,,,0,80,,13511,,,0,40,,13502,,,0,80,,13503,,,0,80,,13504,,,0,36,,13505,,,0,75,,13512,,,0,76,,13506,,,0,35,,13507,,,0,75,,13513,,,0,35,,13508,,,0,75,,13514,,,0
1900,'4',840,,13520,,,0,75,,13530,,,0,35,,13516,,,0,75,,13517,,,0,75,,13531,,,0,36,,13518,,,0,80,,13519,,,0,40,,13521,,,0,80,,13522,,,0,80,,13532,,,0,40,,13523,,,0,80,,13524,,,0,80,,13525,,,0,36,,13526,,,0,75,,13533,,,0,76,,13527,,,0,35,,13528,,,0,75,,13534,,,0,35,,13529,,,0,75,,13535,,,0
2501,'2',608,,14357,,,0,24,,14358,,,0,70,,14359,,,0,20,,14360,,,0,20,,14361,,,0,60,,14362,,,0,20,,14363,,,0,20,,14364,,,0,60,,14365,,,0,20,,14366,,,0,20,,14367,,,0,60,,14368,,,0,20,,14369,,,0,20,,14370,,,0,60,,14371,,,0,20,,14372,,,0,20,,14373,,,0,60,,14374,,,0,20,,14375,,,0,20,,14376,,,0,60,,14377,,,0,20,,14378,,,0,20,,14379,,,0,61,,14380,,,0,20,,14381,,,0,20,,14382,,,0,60,,14383,,,0,20,,14384,,,0,20,,14385,,,0,61,,14386,,,0,21,,14387,,,0,21,,14388,,,0,61,,14389,,,0,21,,14390,,,0,21,,14391,,,0,59,,14392,,,0,20,,14393,,,0,20,,14394,,,0,60,,14395,,,0,20,,14396,,,0,20,,14397,,,0,60,,14398,,,0,20,,14399,,,0,20,,14400,,,0,70,,14401,,,0,24,,14402,,,0,65,,14403,,,0,25,,14404,,,0,25,,14405,,,0,65,,14406,,,0,21,,14407,,,0
2501,'3',621,,14441,,,0,25,,14408,,,0,66,,14440,,,0,25,,14409,,,0,65,,14439,,,0,26,,14410,,,0,27,,14411,,,0,67,,14412,,,0,25,,14413,,,0,71,,14414,,,0,25,,14415,,,0,70,,14416,,,0,24,,14417,,,0,67,,14418,,,0,30,,14419,,,0,25,,14420,,,0,70,,14421,,,0,26,,14422,,,0,69,,14423,,,0,30,,14424,,,0,70,,14425,,,0,30,,14426,,,0,70,,14427,,,0,30,,14428,,,0,70,,14429,,,0,30,,14430,,,0,70,,14431,,,0,30,,14432,,,0,64,,14438,,,0,31,,14433,,,0,67,,14442,,,0,29,,14434,,,0,65,,14443,,,0,27,,14435,,,0,65,,14444,,,0,25,,14436,,,0,25,,14445,,,0,62,,14437,,,0
2501,'30',912,,14453,,,0,35,,14462,,,0,65,,14463,,,0,30,,14464,,,0,70,,14465,,,0,30,,14466,,,0,70,,14467,,,0,30,,14468,,,0,70,,14469,,,0,30,,14470,,,0,70,,14471,,,0,30,,14472,,,0,68,,14454,,,0,27,,14452,,,0,67,,14455,,,0,27,,14451,,,0,27,,14456,,,0,67,,14450,,,0,27,,14457,,,0,67,,14449,,,0,27,,14458,,,0,65,,14461,,,0,30,,14459,,,0,70,,14473,,,0,30,,14448,,,0,72,,14474,,,0,31,,14447,,,0,68,,14475,,,0,15,,14446,,,0,82,,14460,,,0
2501,'4',912,,14483,,,0,35,,14492,,,0,65,,14493,,,0,30,,14494,,,0,70,,14495,,,0,30,,14496,,,0,70,,14497,,,0,30,,14498,,,0,70,,14499,,,0,30,,14500,,,0,70,,14501,,,0,30,,14502,,,0,68,,14484,,,0,27,,14482,,,0,67,,14485,,,0,27,,14481,,,0,27,,14486,,,0,67,,14480,,,0,27,,14487,,,0,67,,14479,,,0,27,,14488,,,0,65,,14491,,,0,30,,14489,,,0,70,,14503,,,0,30,,14478,,,0,72,,14504,,,0,31,,14477,,,0,68,,14505,,,0,15,,14476,,,0,82,,14490,,,0
3400,'2',602,,15226,0,14,0,40,,15227,0,14,0,71,,15242,0,14,0,40,,15237,0,14,0,82,,15236,0,14,0,83,,15238,0,14,0,40,,15228,0,14,0,80,,15229,0,14,0,80,,15230,0,14,0,85,,15231,0,14,0,40,,15232,0,14,0,80,,15233,0,14,0,80,,15234,0,14,0,40,,15235,0,14,0,80,,15243,0,14,0,80,,15244,0,14,0,40,,15245,0,14,0,80,,15246,0,14,0,80,,15247,0,14,0,40,,15248,0,14,0,80,,15254,0,14,0,80,,15249,0,14,0,40,,15250,0,14,0,80,,15251,0,14,0,80,,15253,0,14,0,40,,15252,0,14,0,79,,15239,0,14,0,31,,15241,0,50 3 41 51 52,0,80,,15240,0,50 3 41 51 52,0
3400,'3',752,,15264,0,14,0,80,,15262,0,14,0,80,,15263,0,14,0,40,,15255,0,14,0,81,,15256,0,14,0,80,,15257,0,14,0,40,,15258,0,14,0,80,,15259,0,14,0,80,,15260,0,14,0,40,,15261,0,14,0,81,,15265,0,14,0,80,,15266,0,14,0,40,,15267,0,14,0,80,,15268,0,14,0,80,,15269,0,14,0,40,,15270,0,14,0,81,,15271,0,14,0,80,,15272,0,14,0,40,,15273,0,14,0,80,,15274,0,14,0,78,,15275,0,14,0,40,,15276,0,14,0,80,,15277,0,14,0
3400,'30',1003,,15278,0,14,0,40,,15279,0,14,0,80,,15280,0,14,0,81,,15281,0,14,0,40,,15282,0,14,0,80,,15283,0,14,0,79,,15284,0,14,0,40,,15285,0,14,0,80,,15286,0,14,0,80,,15287,0,14,0,40,,15288,0,14,0,80,,15289,0,14,0,80,,15290,0,14,0,40,,15291,0,14,0,80,,15292,0,14,0,80,,15293,0,14,0,40,,15294,0,14,0
3400,'4',1003,,15295,0,14,0,40,,15296,0,14,0,80,,15297,0,14,0,81,,15298,0,14,0,40,,15299,0,14,0,80,,15300,0,14,0,79,,15301,0,14,0,40,,15302,0,14,0,80,,15303,0,14,0,80,,15304,0,14,0,40,,15305,0,14,0,80,,15306,0,14,0,80,,15307,0,14,0,40,,15308,0,14,0,80,,15309,0,14,0,80,,15310,0,14,0,40,,15311,0,14,0
