101,'2',631,,188,4,0,13 11 12,0,71,,194,4,0,13 11 12,0,30,,195,4,0,13 11 12,0,25,,196,4,0,13 11 12,0,70,,197,4,0,13 11 12,0,78,,201,4,0,13 11 12,0,40,,202,4,0,13 11 12,0,80,,203,4,0,13 11 12,0,75,,204,4,0,13 11 12,0,40,,205,4,0,13 11 12,0,80,,206,4,0,13 11 12,0,80,,207,4,0,13 11 12,0,38,,216,4,0,13 11 12,0,68,,217,4,0,13 11 12,0,30,,218,4,0,13 11 12,0,70,,219,4,0,13 11 12,0,30,,224,4,0,13 11 12,0,72,,225,4,0,13 11 12,0,32,,226,4,0,13 11 12,0,72,,227,4,0,13 11 12,0,20,,240,4,0,13 9 15 3 43,0,27,,232,4,0,13 11 12,0,90,,233,4,0,13 11 12,0,90,,234,4,0,13 11 12,0,90,,235,4,0,13 11 12,0,77,,247,4,0,13 9 15 3 43,0,25,,244,4,0,13 11 12,0,100,,245,4,0,13 11 12,0,100,,246,4,0,13 11 12,0
101,'3',653,,253,4,0,13 11 12,0,103,,254,4,0,13 11 12,0,95,,255,4,0,13 11 12,0,99,,259,4,0,13 11 12,0,80,,260,4,0,13 11 12,0,80,,261,4,0,13 11 12,0,35,,262,4,0,13 11 12,0,80,,263,4,0,13 11 12,0,75,,264,4,0,13 11 12,0,40,,265,4,0,13 11 12,0,81,,266,4,0,13 11 12,0,35,,267,4,0,13 11 12,0,80,,268,4,0,13 11 12,0,80,,269,4,0,13 11 12,0,35,,270,4,0,13 11 12,0,80,,283,4,0,13 11 12,0,69,,296,4,0,13 9 15 3 43,0,21,,290,4,0,13 11 12,0,100,,291,4,0,13 11 12,0,100,,292,4,0,13 11 12,0,101,,293,4,0,13 11 12,0,100,,294,4,0,13 11 12,0,95,,295,4,0,13 11 12,0,88,,298,4,0,13 9 15 3 43,0
101,'30',818,,301,4,0,13 11 12,0,104,,302,4,0,13 11 12,0,104,,303,4,0,13 11 12,0,99,,304,4,0,13 11 12,0,88,,316,4,0,13 11 12,0,45,,317,4,0,13 11 12,0,90,,318,4,0,13 11 12,0,90,,319,4,0,13 11 12,0,90,,320,4,0,13 11 12,0,90,,321,4,0,13 11 12,0,92,,322,4,0,13 11 12,0,95,,329,4,0,13 11 12,0,100,,330,4,0,13 11 12,0,100,,331,4,0,13 11 12,0,100,,332,4,0,13 11 12,0,102,,333,4,0,13 11 12,0,46,,335,4,0,13 9 15 3 43,0
101,'4',818,,337,4,0,13 11 12,0,104,,338,4,0,13 11 12,0,104,,339,4,0,13 11 12,0,99,,340,4,0,13 11 12,0,88,,352,4,0,13 11 12,0,45,,353,4,0,13 11 12,0,90,,354,4,0,13 11 12,0,90,,355,4,0,13 11 12,0,90,,356,4,0,13 11 12,0,90,,357,4,0,13 11 12,0,92,,358,4,0,13 11 12,0,95,,365,4,0,13 11 12,0,100,,366,4,0,13 11 12,0,100,,367,4,0,13 11 12,0,100,,368,4,0,13 11 12,0,102,,369,4,0,13 11 12,0,46,,371,4,0,13 9 15 3 43,0
1601,'2',551,,4280,3,,,0,55,,4213,3,,,0,18,,4214,3,,,0,18,,4215,3,,,0,17,,4217,3,,,0,58,,4218,3,,,0,12,,4219,3,,,0,15,,4220,3,,,0,15,,4221,3,,,0,55,,4222,3,,,0,15,,4223,3,,,0,15,,4224,3,,,0,57,,4225,3,,,0,17,,4226,3,,,0,17,,4227,3,,,0,17,,4228,3,,,0,57,,4229,3,,,0,17,,4230,3,,,0,17,,4231,3,,,0,57,,4232,3,,,0,17,,4233,3,,,0,17,,4234,3,,,0,14,,4235,3,,,0,55,,4236,3,,,0,15,,4237,3,,,0,15,,4238,3,,,0,15,,4239,3,,,0,10,,4240,3,,,0,55,,4241,3,,,0,15,,4242,3,,,0,15,,4243,3,,,0,57,,4245,3,,,0,14,,4246,3,,,0,12,,4247,3,,,0,14,,4248,3,,,0,14,,4249,3,,,0,54,,4250,3,,,0,14,,4251,3,,,0,14,,4252,3,,,0,12,,4254,3,,,0,54,,4255,3,,,0,14,,4256,3,,,0,10,,4257,3,,,0,14,,4258,3,,,0,14,,4259,3,,,0,54,,4260,3,,,0,14,,4261,3,,,0,17,,4262,3,0,5 3 6,0,63,,4263,3,,,0,20,,4264,3,,,0,15,,4265,3,,,0,20,,4266,3,,,0,60,,4267,3,,,0,20,,4268,3,,,0,20,,4269,3,,,0,60,,4270,3,,,0,20,,4271,3,,,0,21,,4272,3,,,0,60,,4279,3,0,5 3 6,0,17,,4273,3,,,0,65,,4274,3,,,0,23,,4275,3,,,0,25,,4276,3,,,0,65,,4277,3,,,0,25,,4278,3,,,0,65,,4283,3,,,0,25,,4284,3,,,0,25,,4285,3,0,5 3 6,0
1601,'3',620,,4286,3,,,0,25,,4287,3,,,0,65,,4288,3,,,0,25,,4289,3,,,0,24,,4290,3,,,0,65,,4291,3,,,0,25,,4292,3,,,0,65,,4293,3,,,0,25,,4294,3,,,0,20,,4295,3,,,0,61,,4296,3,,,0,21,,4297,3,,,0,16,,4298,3,,,0,61,,4299,3,,,0,21,,4300,3,,,0,15,,4301,3,,,0,55,,4302,3,,,0,15,,4303,3,,,0,15,,4304,3,,,0,10,,4305,3,,,0,55,,4306,3,,,0,15,,4307,3,,,0,15,,4308,3,,,0,15,,4309,3,,,0,55,,4310,3,,,0,15,,4311,3,,,0,15,,4312,3,,,0,15,,4313,3,,,0,55,,4314,3,,,0,15,,4315,3,,,0,15,,4316,3,,,0,15,,4317,3,,,0,55,,4318,3,,,0,15,,4319,3,,,0,15,,4320,3,,,0,15,,4321,3,,,0,55,,4322,3,,,0,15,,4323,3,,,0,15,,4324,3,,,0,20,,4325,3,,,0,60,,4326,3,,,0,20,,4327,3,,,0,20,,4328,3,,,0,60,,4329,3,,,0,20,,4330,3,,,0,20,,4331,3,,,0,60,,4332,3,,,0,20,,4333,3,,,0,22,,4334,3,,,0,66,,4335,3,,,0,25,,4336,3,,,0,65,,4337,3,,,0,25,,4338,3,,,0,65,,4339,3,,,0,21,,4340,3,,,0,25,,4341,3,,,0,69,,4342,3,,,0,30,,4343,3,,,0
1601,'30',655,,4348,3,,,0,75,,4349,3,,,0,75,,4350,3,,,0,35,,4351,3,,,0,69,,4352,3,,,0,25,,4353,3,,,0,70,,4354,3,,,0,30,,4355,3,,,0,70,,4356,3,,,0,30,,4357,3,,,0,69,,4358,3,,,0,22,,4360,3,,,0,23,,4361,3,,,0,62,,4359,3,,,0,22,,4362,3,,,0,22,,4363,3,,,0,62,,4364,3,,,0,22,,4365,3,,,0,62,,4366,3,,,0,22,,4367,3,,,0,22,,4368,3,,,0,62,,4369,3,,,0,22,,4370,3,,,0,21,,4371,3,,,0,70,,4372,3,,,0,30,,4373,3,,,0,70,,4374,3,,,0,30,,4375,3,,,0,70,,4376,3,,,0,30,,4377,3,,,0,70,,4378,3,,,0,30,,4379,3,,,0,70,,4380,3,,,0,31,,4381,3,,,0,70,,4382,3,,,0,30,,4383,3,,,0
1601,'4',655,,4387,3,,,0,75,,4388,3,,,0,75,,4389,3,,,0,35,,4390,3,,,0,69,,4391,3,,,0,25,,4392,3,,,0,70,,4393,3,,,0,30,,4394,3,,,0,70,,4395,3,,,0,30,,4396,3,,,0,69,,4397,3,,,0,22,,4399,3,,,0,23,,4400,3,,,0,62,,4398,3,,,0,22,,4401,3,,,0,22,,4402,3,,,0,62,,4403,3,,,0,22,,4404,3,,,0,62,,4405,3,,,0,22,,4406,3,,,0,22,,4407,3,,,0,62,,4408,3,,,0,22,,4409,3,,,0,21,,4410,3,,,0,70,,4411,3,,,0,30,,4412,3,,,0,70,,4413,3,,,0,30,,4414,3,,,0,70,,4415,3,,,0,30,,4416,3,,,0,70,,4417,3,,,0,30,,4418,3,,,0,70,,4419,3,,,0,31,,4420,3,,,0,70,,4421,3,,,0,30,,4422,3,,,0
2400,'2',610,,5366,12,,,0,22,,5367,12,,,0,70,,5368,12,,,0,31,,5369,12,,,0,70,,5370,12,,,0,30,,5371,12,,,0,70,,5372,12,,,0,30,,5373,12,,,0,70,,5374,12,,,0,30,,5375,12,,,0,70,,5376,12,,,0,30,,5377,12,,,0,70,,5378,12,,,0,29,,5379,12,,,0,70,,5380,12,,,0,30,,5381,12,,,0,70,,5382,12,,,0,31,,5383,12,,,0,70,,5384,12,,,0,30,,5385,12,,,0,70,,5391,12,,,0,34,,5388,12,,,0,73,,5389,12,,,0,33,,5390,12,,,0,74,,5392,12,,,0,33,,5393,12,,,0,72,,5394,12,,,0,30,,5395,12,,,0,70,,5396,12,,,0,30,,5397,12,0,42 20,0
2400,'3',616,,5415,3,,,0,33,,5414,12,,,0,80,,5413,12,,,0,80,,5399,12,,,0,40,,5406,12,,,0,80,,5400,12,,,0,80,,5407,12,,,0,40,,5401,12,,,0,77,,5408,12,,,0,83,,5402,12,,,0,39,,5409,12,,,0,85,,5403,12,,,0,86,,5410,12,,,0,84,,5404,12,,,0,46,,5411,12,,,0,84,,5405,12,,,0,86,,5412,12,,,0,84,,5416,12,,,0,40,,5417,12,,,0,84,,5418,12,,,0,80,,5419,12,,,0
2400,'30',659,,5437,3,,,0,71,,5436,12,,,0,80,,5435,12,,,0,40,,5434,12,,,0,80,,5433,12,,,0,80,,5421,12,,,0,40,,5427,12,,,0,80,,5422,12,,,0,80,,5428,12,,,0,39,,5423,12,,,0,81,,5429,12,,,0,79,,5424,12,,,0,41,,5430,12,,,0,79,,5425,12,,,0,81,,5431,12,,,0,39,,5426,12,,,0
2400,'4',659,,5455,3,,,0,71,,5454,12,,,0,80,,5453,12,,,0,40,,5452,12,,,0,80,,5451,12,,,0,80,,5439,12,,,0,40,,5445,12,,,0,80,,5440,12,,,0,80,,5446,12,,,0,39,,5441,12,,,0,81,,5447,12,,,0,79,,5442,12,,,0,41,,5448,12,,,0,79,,5443,12,,,0,81,,5449,12,,,0,39,,5444,12,,,0
