'2',3500,70000,4,'',0,2700,4,'',0,3000,4,'',0,7000,4,'',0,3000,4,'',0,7000,4,'',0,3000,4,'',0,7000,4,'',0,3000,4,'',0,7000,4,'',0,3000,4,'',0,7000,4,'',0,3000,4,'',0,7000,4,'',0,3000,4,'',0,7000,4,'',0,3000,4,'',0,7000,4,'',0,3000,4,'',0,7000,4,'',0,3000,4,'',0,7000,4,'',0,3000,4,'',0,6800,4,'',0,2800,4,'',0,6800,4,'',0,2800,4,'',0,6800,4,'',0,2700,4,'',0
'2',3501,70000,,'',0,2700,,'',0,3000,,'',0,7000,,'',0,3000,,'',0,7000,,'',0,3000,,'',0,7000,,'',0,3000,,'',0,7000,,'',0,3000,,'',0,7000,,'',0,3000,,'',0,7000,,'',0,3000,,'',0,7000,,'',0,3000,,'',0,7000,,'',0,3000,,'',0,7000,,'',0,3000,,'',0,7000,,'',0,3000,,'',0,6800,,'',0,2800,,'',0,6800,,'',0,2800,,'',0,6800,,'',0,2700,,'',0
'3',3500,80000,4,'',0,2800,4,'',0,2800,4,'',0,6800,4,'',0,2800,4,'',0,6700,4,'',0,2800,4,'',0,6800,4,'',0,2800,4,'',0,7000,4,'',0,3000,4,'',0,7000,4,'',0,3000,4,'',0,7000,4,'',0,2800,4,'',0,7000,4,'',0,2800,4,'',0,7000,4,'',0,2800,4,'',0,7000,4,'',0,2800,4,'',0,7000,4,'',0,2700,4,'',0,2700,4,'',0,6700,4,'',0,2700,4,'',0
'3',3501,80000,,'',0,2800,,'',0,2800,,'',0,6800,,'',0,2800,,'',0,6700,,'',0,2800,,'',0,6800,,'',0,2800,,'',0,7000,,'',0,3000,,'',0,7000,,'',0,3000,,'',0,7000,,'',0,2800,,'',0,7000,,'',0,2800,,'',0,7000,,'',0,2800,,'',0,7000,,'',0,2800,,'',0,7000,,'',0,2700,,'',0,2700,,'',0,6700,,'',0,2700,,'',0
'30',3500,120000,4,'',0,2400,4,'',0,2700,4,'',0,6700,4,'',0,2700,4,'',0,6700,4,'',0,2700,4,'',0,7000,4,'',0,3000,4,'',0,7000,4,'',0,2700,4,'',0,6700,4,'',0,2800,4,'',0,2800,4,'',0,6800,4,'',0,2700,4,'',0
'30',3501,120000,,'',0,2400,,'',0,2700,,'',0,6700,,'',0,2700,,'',0,6700,,'',0,2700,,'',0,7000,,'',0,3000,,'',0,7000,,'',0,2700,,'',0,6700,,'',0,2800,,'',0,2800,,'',0,6800,,'',0,2700,,'',0
'4',3500,120000,4,'',0,2400,4,'',0,2700,4,'',0,6700,4,'',0,2700,4,'',0,6700,4,'',0,2700,4,'',0,7000,4,'',0,3000,4,'',0,7000,4,'',0,2700,4,'',0,6700,4,'',0,2800,4,'',0,2800,4,'',0,6800,4,'',0,2700,4,'',0
'4',3501,120000,,'',0,2400,,'',0,2700,,'',0,6700,,'',0,2700,,'',0,6700,,'',0,2700,,'',0,7000,,'',0,3000,,'',0,7000,,'',0,2700,,'',0,6700,,'',0,2800,,'',0,2800,,'',0,6800,,'',0,2700,,'',0
'5',3500,120000,4,'',0,2400,4,'',0,2700,4,'',0,6700,4,'',0,2700,4,'',0,6700,4,'',0,2700,4,'',0,7000,4,'',0,3000,4,'',0,7000,4,'',0,2700,4,'',0,6700,4,'',0,2800,4,'',0,2800,4,'',0,6800,4,'',0,2700,4,'',0
'5',3501,120000,,'',0,2400,,'',0,2700,,'',0,6700,,'',0,2700,,'',0,6700,,'',0,2700,,'',0,7000,,'',0,3000,,'',0,7000,,'',0,2700,,'',0,6700,,'',0,2800,,'',0,2800,,'',0,6800,,'',0,2700,,'',0
'6',3500,120000,4,'',0,2400,4,'',0,2700,4,'',0,6700,4,'',0,2700,4,'',0,6700,4,'',0,2700,4,'',0,7000,4,'',0,3000,4,'',0,7000,4,'',0,2700,4,'',0,6700,4,'',0,2800,4,'',0,2800,4,'',0,6800,4,'',0,2700,4,'',0
'6',3501,120000,,'',0,2400,,'',0,2700,,'',0,6700,,'',0,2700,,'',0,6700,,'',0,2700,,'',0,7000,,'',0,3000,,'',0,7000,,'',0,2700,,'',0,6700,,'',0,2800,,'',0,2800,,'',0,6800,,'',0,2700,,'',0
'8',3500,70000,4,'',0,2700,4,'',0,3000,4,'',0,7000,4,'',0,3000,4,'',0,7000,4,'',0,3000,4,'',0,7000,4,'',0,3000,4,'',0,7000,4,'',0,3000,4,'',0,7000,4,'',0,3000,4,'',0,7000,4,'',0,3000,4,'',0,7000,4,'',0,3000,4,'',0,7000,4,'',0,3000,4,'',0,7000,4,'',0,3000,4,'',0,7000,4,'',0,3000,4,'',0,6800,4,'',0,2800,4,'',0,6800,4,'',0,2800,4,'',0,6800,4,'',0,2700,4,'',0
'8',3501,70000,,'',0,2700,,'',0,3000,,'',0,7000,,'',0,3000,,'',0,7000,,'',0,3000,,'',0,7000,,'',0,3000,,'',0,7000,,'',0,3000,,'',0,7000,,'',0,3000,,'',0,7000,,'',0,3000,,'',0,7000,,'',0,3000,,'',0,7000,,'',0,3000,,'',0,7000,,'',0,3000,,'',0,7000,,'',0,3000,,'',0,6800,,'',0,2800,,'',0,6800,,'',0,2800,,'',0,6800,,'',0,2700,,'',0
