9200,'2',739,,7455,12,4,,0,62,,7456,12,4,,0,22,,7457,12,4,,0,22,,7458,12,4,,0,62,,7459,12,4,,0,22,,7460,12,4,,0,399,,7461,12,4,,0,72,,7462,12,4,,0,34,,7463,12,4,,0,68,,7464,12,4,,0,25,,7465,12,4,,0,25,,7466,12,4,,0,65,,7467,12,4,,0,27,,7468,12,4,,0,65,,7469,12,4,,0,25,,7470,12,4,,0,25,,7471,12,4,,0,67,,7472,12,4,,0,29,,7473,12,4,,0,81,,7474,12,4,,0
9201,'2',700,,7475,1,,,0,22,,7476,1,,,0,22,,7477,1,,,0,62,,7478,1,,,0,22,,7479,1,,,0,22,,7480,1,,,0,62,,7481,1,,,0,388,,7482,1,,,0,32,,7483,1,,,0,72,,7484,1,,,0,25,,7485,1,,,0,20,,7486,1,,,0,60,,7487,1,,,0,25,,7488,1,,,0,25,,7489,1,,,0,65,,7490,1,,,0,25,,7491,1,,,0,65,,7492,1,,,0,25,,7493,1,,,0,62,,7494,1,,,0,32,,7495,1,,,0,68,,7496,1,,,0
9300,'2',634,,7497,37,4,,0,96,,7498,37,4,,0,74,,7499,37,4,,0,30,,7521,37,4,,0,87,,7500,37,4,,0,23,,7501,37,4,,0,68,,7502,37,4,,0,35,,7503,37,4,,0,75,,7504,37,4,,0,25,,7505,37,4,,0,70,,7506,37,4,,0,32,,7507,37,4,,0,68,,7508,37,4,,0,30,,7509,37,4,,0,72,,7510,37,4,,0,34,,7511,37,4,,0,53,,7513,37,4,,0,10,,7512,37,4,,0,37,,7514,37,4,,0,69,,7515,37,4,,0,33,,7516,37,4,,0,70,,7517,37,4,,0,33,,7518,37,4,,0,63,,7519,37,4,,0,22,,7523,37,4,,0,66,,7524,37,4,,0,25,,7527,37,4,,0,70,,7520,37,4,,0,36,,7525,37,4,,0,66,,7528,37,4,,0,27,,7522,37,4,,0,74,,7530,37,4,,0,98,,7526,37,4,,0,29,,7531,37,4,,0,95,,7529,37,4,,0
9300,'3',847,,7533,37,4,,0,65,,7534,37,4,,0,25,,7535,37,4,,0,65,,7536,37,4,,0,25,,7537,37,4,,0,18,,7538,37,4,,0,70,,7539,37,4,,0,30,,7540,37,4,,0,70,,7541,37,4,,0,30,,7542,37,4,,0,69,,7543,37,4,,0,39,,7544,37,4,,0,70,,7545,37,4,,0,31,,7546,37,4,,0,80,,7547,37,4,,0,70,,7548,37,4,,0,30,,7549,37,4,,0,75,,7550,37,4,,0,35,,7551,37,4,,0,70,,7552,37,4,,0,28,,7553,37,4,,0,62,,7554,37,4,,0,25,,7555,37,4,,0,22,,7556,37,4,,0,65,,7557,37,4,,0,25,,7558,37,4,,0,65,,7559,37,4,,0,25,,7560,37,4,,0,27,,7561,37,4,,0,65,,7562,37,4,,0,81,,7563,37,4,,0,25,,7564,37,4,,0,25,,7565,37,4,,0
9300,'30',830,,7593,37,4,,0,28,,7568,37,4,,0,75,,7569,37,4,,0,75,,7570,37,4,,0,35,,7571,37,4,,0,75,,7572,37,4,,0,35,,7573,37,4,,0,75,,7574,37,4,,0,77,,7575,37,4,,0,37,,7576,37,4,,0,77,,7577,37,4,,0,37,,7578,37,4,,0,77,,7579,37,4,,0,77,,7580,37,4,,0,37,,7581,37,4,,0,77,,7582,37,4,,0,77,,7583,37,4,,0,37,,7584,37,4,,0,77,,7585,37,4,,0,37,,7586,37,4,,0,77,,7587,37,4,,0,77,,7588,37,4,,0,37,,7589,37,4,,0,77,,7590,37,4,,0,32,,7591,37,4,,0
9300,'4',830,,7619,37,4,,0,28,,7594,37,4,,0,75,,7595,37,4,,0,75,,7596,37,4,,0,35,,7597,37,4,,0,75,,7598,37,4,,0,35,,7599,37,4,,0,75,,7600,37,4,,0,77,,7601,37,4,,0,37,,7602,37,4,,0,77,,7603,37,4,,0,37,,7604,37,4,,0,77,,7605,37,4,,0,77,,7606,37,4,,0,37,,7607,37,4,,0,77,,7608,37,4,,0,77,,7609,37,4,,0,37,,7610,37,4,,0,77,,7611,37,4,,0,37,,7612,37,4,,0,77,,7613,37,4,,0,77,,7614,37,4,,0,37,,7615,37,4,,0,77,,7616,37,4,,0,32,,7617,37,4,,0
9301,'2',635,,7622,1,,,0,10,,7646,1,,,0,88,,7623,1,,,0,77,,7624,1,,,0,30,,7645,1,,,0,87,,7625,1,,,0,28,,7626,1,,,0,65,,7627,1,,,0,30,,7628,1,,,0,74,,7629,1,,,0,27,,7630,1,,,0,70,,7631,1,,,0,30,,7632,1,,,0,70,,7633,1,,,0,21,,7635,1,,,0,5,,7634,1,,,0,72,,7636,1,,,0,34,,7637,1,,,0,57,,7638,1,,,0,25,,7639,1,,,0,24,,7640,1,,,0,67,,7641,1,,,0,32,,7642,1,,,0,72,,7648,1,,,0,77,,7643,1,,,0,36,,7644,1,,,0,71,,7651,1,,,0,30,,7652,1,,,0,62,,7647,1,,,0,42,,7649,1,,,0,97,,7650,1,,,0,65,,7654,1,,,0,100,,7653,1,,,0,30,,7655,1,,,0
9301,'3',808,,7656,1,,,0,25,,7657,1,,,0,25,,7658,1,,,0,65,,7659,1,,,0,25,,7660,1,,,0,70,,7661,1,,,0,30,,7662,1,,,0,70,,7663,1,,,0,30,,7664,1,,,0,70,,7665,1,,,0,30,,7666,1,,,0,70,,7667,1,,,0,40,,7668,1,,,0,70,,7669,1,,,0,30,,7670,1,,,0,80,,7671,1,,,0,70,,7672,1,,,0,30,,7673,1,,,0,71,,7674,1,,,0,25,,7675,1,,,0,25,,7676,1,,,0,65,,7677,1,,,0,25,,7678,1,,,0,65,,7679,1,,,0,25,,7680,1,,,0,65,,7681,1,,,0,25,,7682,1,,,0,25,,7683,1,,,0,65,,7684,1,,,0,25,,7685,1,,,0,65,,7686,1,,,0,25,,7687,1,,,0,75,,7688,1,,,0,25,,7689,1,,,0,25,,7690,1,,,0
9301,'30',830,,7691,1,,,0,71,,7692,1,,,0,35,,7693,1,,,0,75,,7694,1,,,0,35,,7695,1,,,0,75,,7696,1,,,0,35,,7697,1,,,0,77,,7698,1,,,0,77,,7699,1,,,0,37,,7700,1,,,0,77,,7701,1,,,0,77,,7702,1,,,0,37,,7703,1,,,0,77,,7704,1,,,0,37,,7705,1,,,0,77,,7706,1,,,0,77,,7707,1,,,0,37,,7708,1,,,0,77,,7709,1,,,0,37,,7710,1,,,0,77,,7711,1,,,0,77,,7712,1,,,0,37,,7713,1,,,0,77,,7714,1,,,0
9301,'4',830,,7716,1,,,0,71,,7717,1,,,0,35,,7718,1,,,0,75,,7719,1,,,0,35,,7720,1,,,0,75,,7721,1,,,0,35,,7722,1,,,0,77,,7723,1,,,0,77,,7724,1,,,0,37,,7725,1,,,0,77,,7726,1,,,0,77,,7727,1,,,0,37,,7728,1,,,0,77,,7729,1,,,0,37,,7730,1,,,0,77,,7731,1,,,0,77,,7732,1,,,0,37,,7733,1,,,0,77,,7734,1,,,0,37,,7735,1,,,0,77,,7736,1,,,0,77,,7737,1,,,0,37,,7738,1,,,0,77,,7739,1,,,0
