700,'2',617,,19286,19,,,0,27,,19287,19,,,0,68,,19288,19,,,0,20,,19289,19,,,0,20,,19290,19,,,0,60,,19291,19,,,0,20,,19292,19,,,0,21,,19293,19,,,0,65,,19294,19,,,0,30,,19295,19,,,0,70,,19296,19,,,0,25,,19297,19,,,0,70,,19298,19,,,0,30,,19299,19,,,0,69,,19300,19,,,0,30,,19301,19,,,0,70,,19302,19,,,0,30,,19304,19,,,0,66,,19305,19,,,0,20,,19306,19,,,0,20,,19307,19,,,0,60,,19308,19,,,0,20,,19309,19,,,0,20,,19310,19,,,0,59,,19311,19,,,0,20,,19312,19,,,0,20,,19313,19,,,0,65,,19314,19,,,0,15,,19315,19,,,0,20,,19316,19,,,0,66,,19317,19,,,0,25,,19318,19,,,0,65,,19319,19,,,0,25,,19320,19,,,0,25,,19321,19,,,0,65,,19322,19,,,0,25,,19323,19,,,0,78,,19324,19,,,0,30,,19325,19,,,0,70,,19326,19,,,0,30,,19327,19,,,0,70,,19328,19,,,0,27,,19329,19,,,0
700,'3',621,,19365,19,,,0,29,,19366,19,,,0,70,,19364,19,,,0,39,,19330,19,,,0,69,,19363,19,,,0,30,,19331,19,,,0,65,,19332,19,,,0,25,,19333,19,,,0,70,,19334,19,,,0,30,,19335,19,,,0,65,,19336,19,,,0,25,,19337,19,,,0,70,,19338,19,,,0,30,,19339,19,,,0,70,,19340,19,,,0,25,,19341,19,,,0,70,,19342,19,,,0,30,,19343,19,,,0,70,,19344,19,,,0,30,,19345,19,,,0,70,,19346,19,,,0,30,,19347,19,,,0,70,,19348,19,,,0,30,,19349,19,,,0,26,,19350,19,,,0,70,,19351,19,,,0,30,,19352,19,,,0,70,,19353,19,,,0,25,,19354,19,,,0,70,,19355,19,,,0,30,,19356,19,,,0,70,,19357,19,,,0,28,,19358,19,,,0,72,,19359,19,,,0,30,,19360,19,,,0,70,,19361,19,,,0,30,,19362,19,,,0
700,'30',854,,19368,19,,,0,85,,19370,19,,,0,70,,19371,19,,,0,30,,19372,19,,,0,65,,19373,19,,,0,25,,19374,19,,,0,29,,19375,19,,,0,70,,19376,19,,,0,30,,19377,19,,,0,65,,19378,19,,,0,30,,19379,19,,,0,70,,19380,19,,,0,30,,19381,19,,,0,65,,19382,19,,,0,30,,19383,19,,,0,70,,19384,19,,,0,22,,19385,19,,,0,69,,19386,19,,,0,30,,19387,19,,,0,70,,19388,19,,,0,30,,19389,19,,,0,70,,19390,19,,,0,30,,19391,19,,,0,70,,19392,19,,,0,30,,19393,19,,,0,70,,19394,19,,,0,30,,19395,19,,,0,71,,19397,19,,,0,45,,19396,19,,,0
700,'4',854,,19399,19,,,0,85,,19401,19,,,0,70,,19402,19,,,0,30,,19403,19,,,0,65,,19404,19,,,0,25,,19405,19,,,0,29,,19406,19,,,0,70,,19407,19,,,0,30,,19408,19,,,0,65,,19409,19,,,0,30,,19410,19,,,0,70,,19411,19,,,0,30,,19412,19,,,0,65,,19413,19,,,0,30,,19414,19,,,0,70,,19415,19,,,0,22,,19416,19,,,0,69,,19417,19,,,0,30,,19418,19,,,0,70,,19419,19,,,0,30,,19420,19,,,0,70,,19421,19,,,0,30,,19422,19,,,0,70,,19423,19,,,0,30,,19424,19,,,0,70,,19425,19,,,0,30,,19426,19,,,0,71,,19428,19,,,0,45,,19427,19,,,0
1201,'2',615,,20445,23,,,0,30,,20444,23,,,0,70,,20446,23,,,0,27,,20447,23,,,0,70,,20448,23,,,0,30,,20449,23,,,0,70,,20450,23,,,0,32,,20451,23,,,0,70,,20452,23,,,0,30,,20453,23,,,0,70,,20454,23,,,0,30,,20455,23,,,0,70,,20456,23,,,0,30,,20457,23,,,0,70,,20458,23,,,0,30,,20459,23,,,0,70,,20460,23,,,0,23,,20461,23,,,0,17,,20462,23,,,0,65,,20463,23,,,0,25,,20464,23,,,0,65,,20465,23,,,0,26,,20466,23,,,0,65,,20467,23,,,0,25,,20468,23,,,0,25,,20469,23,,,0,65,,20470,23,,,0,30,,20472,23,,,0,70,,20473,23,,,0,30,,20474,23,,,0,70,,20475,23,,,0,30,,20476,23,,,0,70,,20481,23,,,0,30,,20480,23,,,0,69,,20482,23,,,0,32,,20477,23,,,0,70,,20483,23,,,0,29,,20478,23,,,0
1201,'3',619,,20485,23,,,0,28,,20507,23,,,0,72,,20486,23,,,0,28,,20506,23,,,0,70,,20487,23,,,0,30,,20505,23,,,0,65,,20488,23,,,0,25,,20504,23,,,0,70,,20489,23,,,0,30,,20503,23,,,0,70,,20490,23,,,0,30,,20502,23,,,0,70,,20491,23,,,0,35,,20501,23,,,0,75,,20492,23,,,0,35,,20493,23,,,0,75,,20494,23,,,0,75,,20495,23,,,0,35,,20496,23,,,0,75,,20497,23,,,0,35,,20498,23,,,0,77,,20499,23,,,0,25,,20500,23,,,0,73,,20508,23,,,0,27,,20514,23,,,0,73,,20509,23,,,0,27,,20515,23,,,0,73,,20510,23,,,0,27,,20516,23,,,0,72,,20511,23,,,0,27,,20517,23,,,0,73,,20512,23,,,0,27,,20518,23,,,0,73,,20513,23,,,0,27,,20519,23,,,0,65,,20520,23,,,0
1201,'30',820,,20536,23,,,0,30,,20535,23,,,0,70,,20537,23,,,0,23,,20522,23,,,0,70,,20538,23,,,0,30,,20534,23,,,0,70,,20539,23,,,0,24,,20533,23,,,0,70,,20540,23,,,0,24,,20532,23,,,0,24,,20541,23,,,0,71,,20531,23,,,0,24,,20542,23,,,0,70,,20530,23,,,0,30,,20543,23,,,0,70,,20529,23,,,0,30,,20544,23,,,0,70,,20528,23,,,0,30,,20545,23,,,0,70,,20527,23,,,0,30,,20546,23,,,0,70,,20526,23,,,0,30,,20547,23,,,0,70,,20525,23,,,0,30,,20548,23,,,0,70,,20524,23,,,0,30,,20549,23,,,0,70,,20521,23,,,0,30,,20550,23,,,0
1201,'4',820,,20566,23,,,0,30,,20565,23,,,0,70,,20567,23,,,0,23,,20552,23,,,0,70,,20568,23,,,0,30,,20564,23,,,0,70,,20569,23,,,0,24,,20563,23,,,0,70,,20570,23,,,0,24,,20562,23,,,0,24,,20571,23,,,0,71,,20561,23,,,0,24,,20572,23,,,0,70,,20560,23,,,0,30,,20573,23,,,0,70,,20559,23,,,0,30,,20574,23,,,0,70,,20558,23,,,0,30,,20575,23,,,0,70,,20557,23,,,0,30,,20576,23,,,0,70,,20556,23,,,0,30,,20577,23,,,0,70,,20555,23,,,0,30,,20578,23,,,0,70,,20554,23,,,0,30,,20579,23,,,0,70,,20551,23,,,0,30,,20580,23,,,0
9300,'2',617,,24756,28,,,0,85,,24757,28,,,0,35,,24758,28,,,0,70,,24780,28,,,0,47,,24759,28,,,0,71,,24760,28,,,0,28,,24761,28,,,0,75,,24762,28,,,0,75,,24763,28,,,0,25,,24764,28,,,0,30,,24765,28,,,0,71,,24766,28,,,0,28,,24767,28,,,0,71,,24768,28,,,0,31,,24769,28,,,0,73,,24770,28,,,0,13,,24772,28,,,0,10,,24771,28,,,0,77,,24773,28,,,0,69,,24774,28,,,0,26,,24775,28,,,0,30,,24776,28,,,0,73,,24777,28,,,0,23,,24778,28,,,0,63,,24782,28,,,0,32,,24783,28,,,0,65,,24786,28,,,0,30,,24779,28,,,0,76,,24784,28,,,0,26,,24787,28,,,0,67,,24781,28,,,0,37,,24789,28,,,0,98,,24785,28,,,0,69,,24790,28,,,0,95,,24788,28,,,0
9300,'3',823,,24792,28,,,0,25,,24793,28,,,0,65,,24794,28,,,0,25,,24795,28,,,0,65,,24796,28,,,0,18,,24797,28,,,0,28,,24798,28,,,0,70,,24799,28,,,0,30,,24800,28,,,0,70,,24801,28,,,0,30,,24802,28,,,0,79,,24803,28,,,0,30,,24804,28,,,0,71,,24805,28,,,0,80,,24806,28,,,0,30,,24807,28,,,0,70,,24808,28,,,0,35,,24809,28,,,0,75,,24810,28,,,0,30,,24811,28,,,0,68,,24812,28,,,0,23,,24813,28,,,0,65,,24814,28,,,0,22,,24815,28,,,0,25,,24816,28,,,0,65,,24817,28,,,0,25,,24818,28,,,0,65,,24819,28,,,0,25,,24820,28,,,0,25,,24821,28,,,0,81,,24822,28,,,0,65,,24823,28,,,0,25,,24824,28,,,0
9300,'30',815,,24852,28,,,0,27,,24827,28,,,0,75,,24828,28,,,0,35,,24829,28,,,0,75,,24830,28,,,0,75,,24831,28,,,0,35,,24832,28,,,0,75,,24833,28,,,0,37,,24834,28,,,0,77,,24835,28,,,0,77,,24836,28,,,0,37,,24837,28,,,0,77,,24838,28,,,0,37,,24839,28,,,0,77,,24840,28,,,0,76,,24841,28,,,0,37,,24842,28,,,0,77,,24843,28,,,0,37,,24844,28,,,0,77,,24845,28,,,0,77,,24846,28,,,0,37,,24847,28,,,0,77,,24848,28,,,0,78,,24849,28,,,0,32,,24850,28,,,0
9300,'4',815,,24878,28,,,0,27,,24853,28,,,0,75,,24854,28,,,0,35,,24855,28,,,0,75,,24856,28,,,0,75,,24857,28,,,0,35,,24858,28,,,0,75,,24859,28,,,0,37,,24860,28,,,0,77,,24861,28,,,0,77,,24862,28,,,0,37,,24863,28,,,0,77,,24864,28,,,0,37,,24865,28,,,0,77,,24866,28,,,0,76,,24867,28,,,0,37,,24868,28,,,0,77,,24869,28,,,0,37,,24870,28,,,0,77,,24871,28,,,0,77,,24872,28,,,0,37,,24873,28,,,0,77,,24874,28,,,0,78,,24875,28,,,0,32,,24876,28,,,0
