700,'2',615,,19286,17,,,0,27,,19287,17,,,0,68,,19288,17,,,0,20,,19289,17,,,0,20,,19290,17,,,0,60,,19291,17,,,0,20,,19292,17,,,0,21,,19293,17,,,0,65,,19294,17,,,0,30,,19295,17,,,0,70,,19296,17,,,0,25,,19297,17,,,0,70,,19298,17,,,0,30,,19299,17,,,0,69,,19300,17,,,0,30,,19301,17,,,0,70,,19302,17,,,0,30,,19304,17,,,0,66,,19305,17,,,0,20,,19306,17,,,0,20,,19307,17,,,0,60,,19308,17,,,0,20,,19309,17,,,0,20,,19310,17,,,0,59,,19311,17,,,0,20,,19312,17,,,0,20,,19313,17,,,0,65,,19314,17,,,0,15,,19315,17,,,0,20,,19316,17,,,0,66,,19317,17,,,0,25,,19318,17,,,0,65,,19319,17,,,0,25,,19320,17,,,0,25,,19321,17,,,0,65,,19322,17,,,0,25,,19323,17,,,0,78,,19324,17,,,0,30,,19325,17,,,0,70,,19326,17,,,0,30,,19327,17,,,0,70,,19328,17,,,0,27,,19329,17,,,0
700,'3',620,,19365,17,,,0,29,,19366,17,,,0,70,,19364,17,,,0,39,,19330,17,,,0,68,,19363,17,,,0,30,,19331,17,,,0,65,,19332,17,,,0,25,,19333,17,,,0,70,,19334,17,,,0,30,,19335,17,,,0,65,,19336,17,,,0,25,,19337,17,,,0,70,,19338,17,,,0,30,,19339,17,,,0,70,,19340,17,,,0,25,,19341,17,,,0,70,,19342,17,,,0,30,,19343,17,,,0,70,,19344,17,,,0,30,,19345,17,,,0,70,,19346,17,,,0,30,,19347,17,,,0,70,,19348,17,,,0,30,,19349,17,,,0,26,,19350,17,,,0,70,,19351,17,,,0,30,,19352,17,,,0,70,,19353,17,,,0,25,,19354,17,,,0,70,,19355,17,,,0,31,,19356,17,,,0,70,,19357,17,,,0,28,,19358,17,,,0,72,,19359,17,,,0,30,,19360,17,,,0,70,,19361,17,,,0,30,,19362,17,,,0
700,'30',852,,19368,17,,,0,85,,19370,17,,,0,70,,19371,17,,,0,30,,19372,17,,,0,65,,19373,17,,,0,25,,19374,17,,,0,29,,19375,17,,,0,70,,19376,17,,,0,30,,19377,17,,,0,65,,19378,17,,,0,30,,19379,17,,,0,70,,19380,17,,,0,30,,19381,17,,,0,65,,19382,17,,,0,30,,19383,17,,,0,70,,19384,17,,,0,22,,19385,17,,,0,69,,19386,17,,,0,30,,19387,17,,,0,70,,19388,17,,,0,30,,19389,17,,,0,70,,19390,17,,,0,30,,19391,17,,,0,70,,19392,17,,,0,30,,19393,17,,,0,70,,19394,17,,,0,30,,19395,17,,,0,72,,19397,17,,,0,45,,19396,17,,,0
700,'4',852,,19399,17,,,0,85,,19401,17,,,0,70,,19402,17,,,0,30,,19403,17,,,0,65,,19404,17,,,0,25,,19405,17,,,0,29,,19406,17,,,0,70,,19407,17,,,0,30,,19408,17,,,0,65,,19409,17,,,0,30,,19410,17,,,0,70,,19411,17,,,0,30,,19412,17,,,0,65,,19413,17,,,0,30,,19414,17,,,0,70,,19415,17,,,0,22,,19416,17,,,0,69,,19417,17,,,0,30,,19418,17,,,0,70,,19419,17,,,0,30,,19420,17,,,0,70,,19421,17,,,0,30,,19422,17,,,0,70,,19423,17,,,0,30,,19424,17,,,0,70,,19425,17,,,0,30,,19426,17,,,0,72,,19428,17,,,0,45,,19427,17,,,0
1201,'2',614,,20445,21,,,0,29,,20444,21,,,0,71,,20446,21,,,0,26,,20447,21,,,0,70,,20448,21,,,0,30,,20449,21,,,0,70,,20450,21,,,0,32,,20451,21,,,0,70,,20452,21,,,0,30,,20453,21,,,0,70,,20454,21,,,0,30,,20455,21,,,0,70,,20456,21,,,0,30,,20457,21,,,0,70,,20458,21,,,0,30,,20459,21,,,0,70,,20460,21,,,0,23,,20461,21,,,0,17,,20462,21,,,0,65,,20463,21,,,0,25,,20464,21,,,0,65,,20465,21,,,0,26,,20466,21,,,0,25,,20467,21,,,0,65,,20468,21,,,0,25,,20469,21,,,0,65,,20470,21,,,0,30,,20472,21,,,0,70,,20473,21,,,0,30,,20474,21,,,0,70,,20475,21,,,0,30,,20476,21,,,0,70,,20481,21,,,0,30,,20480,21,,,0,69,,20482,21,,,0,33,,20477,21,,,0,70,,20483,21,,,0,29,,20478,21,,,0
1201,'3',617,,20485,21,,,0,28,,20507,21,,,0,72,,20486,21,,,0,28,,20506,21,,,0,70,,20487,21,,,0,30,,20505,21,,,0,65,,20488,21,,,0,25,,20504,21,,,0,70,,20489,21,,,0,30,,20503,21,,,0,70,,20490,21,,,0,30,,20502,21,,,0,70,,20491,21,,,0,35,,20501,21,,,0,75,,20492,21,,,0,35,,20493,21,,,0,75,,20494,21,,,0,75,,20495,21,,,0,35,,20496,21,,,0,75,,20497,21,,,0,35,,20498,21,,,0,78,,20499,21,,,0,25,,20500,21,,,0,73,,20508,21,,,0,27,,20514,21,,,0,73,,20509,21,,,0,27,,20515,21,,,0,73,,20510,21,,,0,27,,20516,21,,,0,72,,20511,21,,,0,27,,20517,21,,,0,73,,20512,21,,,0,27,,20518,21,,,0,73,,20513,21,,,0,27,,20519,21,,,0,65,,20520,21,,,0
1201,'30',818,,20536,21,,,0,30,,20535,21,,,0,70,,20537,21,,,0,23,,20522,21,,,0,70,,20538,21,,,0,30,,20534,21,,,0,70,,20539,21,,,0,24,,20533,21,,,0,70,,20540,21,,,0,24,,20532,21,,,0,24,,20541,21,,,0,71,,20531,21,,,0,24,,20542,21,,,0,70,,20530,21,,,0,30,,20543,21,,,0,70,,20529,21,,,0,30,,20544,21,,,0,70,,20528,21,,,0,30,,20545,21,,,0,70,,20527,21,,,0,30,,20546,21,,,0,70,,20526,21,,,0,30,,20547,21,,,0,70,,20525,21,,,0,30,,20548,21,,,0,70,,20524,21,,,0,30,,20549,21,,,0,70,,20521,21,,,0,30,,20550,21,,,0
1201,'4',818,,20566,21,,,0,30,,20565,21,,,0,70,,20567,21,,,0,23,,20552,21,,,0,70,,20568,21,,,0,30,,20564,21,,,0,70,,20569,21,,,0,24,,20563,21,,,0,70,,20570,21,,,0,24,,20562,21,,,0,24,,20571,21,,,0,71,,20561,21,,,0,24,,20572,21,,,0,70,,20560,21,,,0,30,,20573,21,,,0,70,,20559,21,,,0,30,,20574,21,,,0,70,,20558,21,,,0,30,,20575,21,,,0,70,,20557,21,,,0,30,,20576,21,,,0,70,,20556,21,,,0,30,,20577,21,,,0,70,,20555,21,,,0,30,,20578,21,,,0,70,,20554,21,,,0,30,,20579,21,,,0,70,,20551,21,,,0,30,,20580,21,,,0
9300,'2',616,,24756,27,,,0,85,,24757,27,,,0,35,,24758,27,,,0,70,,24780,27,,,0,47,,24759,27,,,0,70,,24760,27,,,0,28,,24761,27,,,0,75,,24762,27,,,0,75,,24763,27,,,0,25,,24764,27,,,0,30,,24765,27,,,0,71,,24766,27,,,0,28,,24767,27,,,0,72,,24768,27,,,0,30,,24769,27,,,0,74,,24770,27,,,0,13,,24772,27,,,0,10,,24771,27,,,0,77,,24773,27,,,0,69,,24774,27,,,0,26,,24775,27,,,0,30,,24776,27,,,0,73,,24777,27,,,0,23,,24778,27,,,0,63,,24782,27,,,0,31,,24783,27,,,0,65,,24786,27,,,0,30,,24779,27,,,0,76,,24784,27,,,0,26,,24787,27,,,0,67,,24781,27,,,0,37,,24789,27,,,0,98,,24785,27,,,0,69,,24790,27,,,0,95,,24788,27,,,0
9300,'3',820,,24792,27,,,0,25,,24793,27,,,0,65,,24794,27,,,0,25,,24795,27,,,0,65,,24796,27,,,0,18,,24797,27,,,0,27,,24798,27,,,0,70,,24799,27,,,0,30,,24800,27,,,0,70,,24801,27,,,0,31,,24802,27,,,0,79,,24803,27,,,0,30,,24804,27,,,0,71,,24805,27,,,0,80,,24806,27,,,0,30,,24807,27,,,0,70,,24808,27,,,0,35,,24809,27,,,0,75,,24810,27,,,0,30,,24811,27,,,0,68,,24812,27,,,0,25,,24813,27,,,0,65,,24814,27,,,0,22,,24815,27,,,0,25,,24816,27,,,0,65,,24817,27,,,0,25,,24818,27,,,0,65,,24819,27,,,0,23,,24820,27,,,0,25,,24821,27,,,0,81,,24822,27,,,0,65,,24823,27,,,0,25,,24824,27,,,0
9300,'30',815,,24852,27,,,0,25,,24827,27,,,0,75,,24828,27,,,0,35,,24829,27,,,0,75,,24830,27,,,0,75,,24831,27,,,0,35,,24832,27,,,0,75,,24833,27,,,0,37,,24834,27,,,0,77,,24835,27,,,0,77,,24836,27,,,0,37,,24837,27,,,0,77,,24838,27,,,0,37,,24839,27,,,0,77,,24840,27,,,0,77,,24841,27,,,0,37,,24842,27,,,0,77,,24843,27,,,0,37,,24844,27,,,0,77,,24845,27,,,0,77,,24846,27,,,0,37,,24847,27,,,0,77,,24848,27,,,0,77,,24849,27,,,0,32,,24850,27,,,0
9300,'4',815,,24878,27,,,0,25,,24853,27,,,0,75,,24854,27,,,0,35,,24855,27,,,0,75,,24856,27,,,0,75,,24857,27,,,0,35,,24858,27,,,0,75,,24859,27,,,0,37,,24860,27,,,0,77,,24861,27,,,0,77,,24862,27,,,0,37,,24863,27,,,0,77,,24864,27,,,0,37,,24865,27,,,0,77,,24866,27,,,0,77,,24867,27,,,0,37,,24868,27,,,0,77,,24869,27,,,0,37,,24870,27,,,0,77,,24871,27,,,0,77,,24872,27,,,0,37,,24873,27,,,0,77,,24874,27,,,0,77,,24875,27,,,0,32,,24876,27,,,0
