700,'2',604,,1929,2,,,0,27,,1930,2,,,0,25,,1931,2,,,0,60,,1932,2,,,0,20,,1933,2,,,0,20,,1934,2,,,0,60,,1935,2,,,0,21,,1936,2,,,0,66,,1937,2,,,0,30,,1938,2,,,0,70,,1939,2,,,0,25,,1940,2,,,0,30,,1941,2,,,0,70,,1942,2,,,0,29,,1943,2,,,0,70,,1944,2,,,0,30,,1945,2,,,0,70,,1947,2,,,0,25,,1948,2,,,0,60,,1949,2,,,0,20,,1950,2,,,0,20,,1951,2,,,0,60,,1952,2,,,0,20,,1953,2,,,0,19,,1954,2,,,0,60,,1955,2,,,0,20,,1956,2,,,0,25,,1957,2,,,0,55,,1958,2,,,0,20,,1959,2,,,0,28,,1960,2,,,0,65,,1961,2,,,0,25,,1962,2,,,0,65,,1963,2,,,0,25,,1964,2,,,0,65,,1965,2,,,0,25,,1966,2,,,0,79,,1967,2,,,0,30,,1968,2,,,0,70,,1969,2,,,0,30,,1970,2,,,0,70,,1971,2,,,0,27,,1972,2,,,0
700,'3',609,,2008,2,,,0,29,,2009,2,,,0,70,,2007,2,,,0,39,,1973,2,,,0,66,,2006,2,,,0,30,,1974,2,,,0,65,,1975,2,,,0,25,,1976,2,,,0,71,,1977,2,,,0,30,,1978,2,,,0,25,,1979,2,,,0,65,,1980,2,,,0,29,,1981,2,,,0,70,,1982,2,,,0,30,,1983,2,,,0,65,,1984,2,,,0,30,,1985,2,,,0,70,,1986,2,,,0,30,,1987,2,,,0,70,,1988,2,,,0,30,,1989,2,,,0,70,,1990,2,,,0,30,,1991,2,,,0,70,,1992,2,,,0,26,,1993,2,,,0,71,,1994,2,,,0,30,,1995,2,,,0,70,,1996,2,,,0,25,,1997,2,,,0,70,,1998,2,,,0,31,,1999,2,,,0,71,,2000,2,,,0,28,,2001,2,,,0,72,,2002,2,,,0,30,,2003,2,,,0,70,,2004,2,,,0,30,,2005,2,,,0
700,'30',839,,2011,2,,,0,85,,2013,2,,,0,30,,2014,2,,,0,70,,2015,2,,,0,25,,2016,2,,,0,65,,2017,2,,,0,29,,2018,2,,,0,70,,2019,2,,,0,30,,2020,2,,,0,65,,2021,2,,,0,30,,2022,2,,,0,70,,2023,2,,,0,30,,2024,2,,,0,65,,2025,2,,,0,30,,2026,2,,,0,70,,2027,2,,,0,22,,2028,2,,,0,30,,2029,2,,,0,70,,2030,2,,,0,30,,2031,2,,,0,70,,2032,2,,,0,30,,2033,2,,,0,70,,2034,2,,,0,30,,2035,2,,,0,70,,2036,2,,,0,30,,2037,2,,,0,70,,2038,2,,,0,33,,2040,2,,,0,85,,2039,2,,,0
700,'4',839,,2042,2,,,0,85,,2044,2,,,0,30,,2045,2,,,0,70,,2046,2,,,0,25,,2047,2,,,0,65,,2048,2,,,0,29,,2049,2,,,0,70,,2050,2,,,0,30,,2051,2,,,0,65,,2052,2,,,0,30,,2053,2,,,0,70,,2054,2,,,0,30,,2055,2,,,0,65,,2056,2,,,0,30,,2057,2,,,0,70,,2058,2,,,0,22,,2059,2,,,0,30,,2060,2,,,0,70,,2061,2,,,0,30,,2062,2,,,0,70,,2063,2,,,0,30,,2064,2,,,0,70,,2065,2,,,0,30,,2066,2,,,0,70,,2067,2,,,0,30,,2068,2,,,0,70,,2069,2,,,0,33,,2071,2,,,0,85,,2070,2,,,0
1000,'2',610,,2584,50,,,0,15,,2585,50,,,0,15,,2586,65,,,0,15,,2587,50,,,0,55,,2595,65,,,0,15,,2596,50,,,0,20,,2594,65,,,0,55,,2597,50,,,0,18,,2588,65,,,0,19,,2634,65,,,0,17,,2589,65,,,0,54,,2635,65,,,0,15,,2593,65,,,0,18,,2592,65,,,0,69,,2590,65,,,0,30,,2601,65,,,0,70,,2600,65,,,0,30,,2599,65,,,0,70,,2598,65,,,0,32,,2605,65,,,0,14,,2606,50,,,0,66,,2604,65,,,0,14,,2638,50,,,0,16,,2603,65,,,0,60,,2602,65,,,0,14,,2639,50,,,0,19,,2608,65,,,0,63,,2607,65,,,0,18,,2636,65,,,0,16,,2609,65,,,0,15,,2637,65,,,0,59,,2610,65,,,0,16,,2617,65,,,0,14,,2611,65,,,0,56,,2612,65,,,0,16,,2613,65,,,0,18,,2614,65,,,0,15,,2615,65,,,0,55,,2640,65,,,0,12,,2616,65,,,0,33,,2618,65,,,0,56,,2619,65,,,0,33,,2620,65,,,0,73,,2621,65,,,0,30,,2622,65,,,0,70,,2623,65,,,0,35,,2624,65,,,0,65,,2625,65,,,0,38,,2626,65,,,0,73,,2627,65,,,0,30,,2628,65,,,0,75,,2629,65,,,0,75,,2630,65,,,0,30,,2631,65,,,0
1000,'3',618,,2646,50,,,0,35,,2643,50,,,0,75,,2644,65,,,0,75,,2645,65,,,0,37,,2647,65,,,0,70,,2648,65,,,0,15,,2649,65,,,0,30,,2650,65,,,0,72,,2651,65,,,0,30,,2652,65,,,0,70,,2653,65,,,0,30,,2654,65,,,0,81,,2655,65,,,0,70,,2656,65,,,0,30,,2657,65,,,0,70,,2658,65,,,0,31,,2659,65,,,0,70,,2660,65,,,0,30,,2661,65,,,0,65,,2662,65,,,0,12,,2663,65,,,0,30,,2664,65,,,0,70,,2665,65,,,0,30,,2666,65,,,0,67,,2667,65,,,0,28,,2668,65,,,0,65,,2669,65,,,0,30,,2670,65,,,0,70,,2671,65,,,0,30,,2672,65,,,0,70,,2673,65,,,0,30,,2677,65,,,0,65,,2678,65,,,0,25,,2679,65,,,0,25,,2680,65,,,0,65,,2681,65,,,0,30,,2682,65,,,0,62,,2683,65,,,0,47,,2684,65,,,0
1000,'30',712,,2685,50,,,0,37,,2721,65,,,0,60,,2686,65,,,0,35,,2720,65,,,0,60,,2687,65,,,0,30,,2688,65,,,0,70,,2689,65,,,0,30,,2690,65,,,0,25,,2691,65,,,0,65,,2692,65,,,0,25,,2693,65,,,0,66,,2694,65,,,0,31,,2695,65,,,0,70,,2696,65,,,0,30,,2697,65,,,0,70,,2698,65,,,0,30,,2699,65,,,0,70,,2700,65,,,0,30,,2701,65,,,0,70,,2702,65,,,0,30,,2703,65,,,0,70,,2704,65,,,0,29,,2707,65,,,0,70,,2708,65,,,0,30,,2709,65,,,0,70,,2710,65,,,0,30,,2711,65,,,0,66,,2712,65,,,0,30,,2713,65,,,0,70,,2714,65,,,0,28,,2715,65,,,0,70,,2716,65,,,0,32,,2717,65,,,0,70,,2718,65,,,0
1000,'4',712,,2722,50,,,0,37,,2758,65,,,0,60,,2723,65,,,0,35,,2757,65,,,0,60,,2724,65,,,0,30,,2725,65,,,0,70,,2726,65,,,0,30,,2727,65,,,0,25,,2728,65,,,0,65,,2729,65,,,0,25,,2730,65,,,0,66,,2731,65,,,0,31,,2732,65,,,0,70,,2733,65,,,0,30,,2734,65,,,0,70,,2735,65,,,0,30,,2736,65,,,0,70,,2737,65,,,0,30,,2738,65,,,0,70,,2739,65,,,0,30,,2740,65,,,0,70,,2741,65,,,0,29,,2744,65,,,0,70,,2745,65,,,0,30,,2746,65,,,0,70,,2747,65,,,0,30,,2748,65,,,0,66,,2749,65,,,0,30,,2750,65,,,0,70,,2751,65,,,0,28,,2752,65,,,0,70,,2753,65,,,0,32,,2754,65,,,0,70,,2755,65,,,0
2401,'2',623,,5457,9,,,0,30,,5458,9,,,0,69,,5459,9,,,0,31,,5460,9,,,0,70,,5461,9,,,0,30,,5462,9,,,0,70,,5463,9,,,0,30,,5464,9,,,0,70,,5465,9,,,0,30,,5466,9,,,0,70,,5467,9,,,0,30,,5468,9,,,0,70,,5469,9,,,0,30,,5470,9,,,0,70,,5471,9,,,0,30,,5472,9,,,0,67,,5473,9,,,0,31,,5474,9,,,0,70,,5475,9,,,0,30,,5476,9,,,0,75,,5479,9,,,0,33,,5480,9,,,0,73,,5481,9,,,0,73,,5482,9,,,0,37,,5483,9,,,0,70,,5484,9,,,0,30,,5485,9,,,0,70,,5486,9,,,0,30,,5487,9,,,0,60,,5488,9,,,0
2401,'3',651,,5504,9,,,0,80,,5503,9,,,0,80,,5489,9,,,0,40,,5490,9,,,0,80,,5497,9,,,0,80,,5491,9,,,0,38,,5498,9,,,0,82,,5492,9,,,0,75,,5499,9,,,0,44,,5493,9,,,0,86,,5500,9,,,0,87,,5494,9,,,0,85,,5501,9,,,0,44,,5495,9,,,0,86,,5502,9,,,0,84,,5496,9,,,0,80,,5506,9,,,0,44,,5507,9,,,0,80,,5508,9,,,0,84,,5509,9,,,0
2401,'30',733,,5524,9,,,0,80,,5523,9,,,0,40,,5522,9,,,0,80,,5521,9,,,0,80,,5510,9,,,0,40,,5511,9,,,0,80,,5516,9,,,0,80,,5512,9,,,0,41,,5517,9,,,0,79,,5513,9,,,0,81,,5518,9,,,0,39,,5514,9,,,0,81,,5519,9,,,0,79,,5515,9,,,0,41,,5520,9,,,0,79,,5526,9,,,0
2401,'4',733,,5541,9,,,0,80,,5540,9,,,0,40,,5539,9,,,0,80,,5538,9,,,0,80,,5527,9,,,0,40,,5528,9,,,0,80,,5533,9,,,0,80,,5529,9,,,0,41,,5534,9,,,0,79,,5530,9,,,0,81,,5535,9,,,0,39,,5531,9,,,0,81,,5536,9,,,0,79,,5532,9,,,0,41,,5537,9,,,0,79,,5543,9,,,0
