901,'2',616,,11068,,,0,20,,11069,,,0,17,,11070,,,0,55,,11071,,,0,16,,11072,,,0,15,,11073,,,0,14,,11074,,,0,56,,11075,,,0,15,,11076,,,0,17,,11077,,,0,15,,11078,,,0,55,,11079,,,0,15,,11080,,,0,15,,11081,,,0,15,,11082,,,0,55,,11083,,,0,15,,11084,,,0,15,,11085,,,0,15,,11086,,,0,55,,11087,,,0,15,,11088,,,0,15,,11089,,,0,15,,11090,,,0,55,,11091,,,0,15,,11092,,,0,15,,11093,,,0,15,,11094,,,0,55,,11095,,,0,15,,11096,,,0,15,,11097,,,0,14,,11098,,,0,55,,11099,,,0,15,,11100,,,0,15,,11101,,,0,15,,11102,,,0,55,,11103,,,0,15,,11104,,,0,15,,11105,,,0,15,,11106,,,0,55,,11107,,,0,15,,11108,,,0,15,,11109,,,0,15,,11110,,,0,55,,11111,,,0,15,,11112,,,0,15,,11113,,,0,17,,11114,,,0,63,,11115,,,0,15,,11116,,,0,14,,11117,,,0,62,,11118,,,0,22,,11119,,,0,22,,11120,,,0,62,,11121,,,0,22,,11122,,,0,66,,11123,,,0,29,,11124,,,0,72,,11125,,,0,32,,11126,,,0,72,,11127,,,0,37,,11128,,,0,100,,11129,,,0
901,'3',620,,11135,,,0,30,,11174,,,0,70,,11136,,,0,30,,11173,,,0,70,,11137,,,0,35,,11138,,,0,72,,11139,,,0,86,,11140,,,0,25,,11141,,,0,65,,11142,,,0,22,,11143,,,0,25,,11144,,,0,65,,11145,,,0,29,,11146,,,0,61,,11147,,,0,25,,11148,,,0,28,,11149,,,0,62,,11150,,,0,24,,11151,,,0,65,,11152,,,0,25,,11153,,,0,25,,11154,,,0,65,,11155,,,0,25,,11156,,,0,65,,11157,,,0,25,,11158,,,0,65,,11159,,,0,45,,11161,,,0,65,,11162,,,0,38,,11163,,,0,75,,11164,,,0,75,,11165,,,0,36,,11166,,,0,75,,11167,,,0,35,,11168,,,0,75,,11169,,,0,35,,11170,,,0
901,'30',700,,11209,,,0,35,,11175,,,0,75,,11210,,,0,34,,11176,,,0,75,,11211,,,0,33,,11177,,,0,73,,11178,,,0,33,,11179,,,0,73,,11180,,,0,78,,11181,,,0,28,,11182,,,0,63,,11183,,,0,23,,11184,,,0,23,,11185,,,0,63,,11186,,,0,23,,11187,,,0,23,,11188,,,0,63,,11189,,,0,23,,11190,,,0,63,,11191,,,0,23,,11192,,,0,24,,11193,,,0,64,,11194,,,0,23,,11195,,,0,65,,11196,,,0,17,,11197,,,0,19,,11198,,,0,70,,11199,,,0,30,,11200,,,0,70,,11201,,,0,30,,11202,,,0,70,,11203,,,0,30,,11204,,,0,71,,11205,,,0,41,,11206,,,0,58,,11207,,,0
901,'4',700,,11246,,,0,35,,11212,,,0,75,,11247,,,0,34,,11213,,,0,75,,11248,,,0,33,,11214,,,0,73,,11215,,,0,33,,11216,,,0,73,,11217,,,0,78,,11218,,,0,28,,11219,,,0,63,,11220,,,0,23,,11221,,,0,23,,11222,,,0,63,,11223,,,0,23,,11224,,,0,23,,11225,,,0,63,,11226,,,0,23,,11227,,,0,63,,11228,,,0,23,,11229,,,0,24,,11230,,,0,64,,11231,,,0,23,,11232,,,0,65,,11233,,,0,17,,11234,,,0,19,,11235,,,0,70,,11236,,,0,30,,11237,,,0,70,,11238,,,0,30,,11239,,,0,70,,11240,,,0,30,,11241,,,0,71,,11242,,,0,41,,11243,,,0,58,,11244,,,0
1901,'2',655,,13538,,,0,79,,13539,,,0,67,,13540,,,0,28,,13541,,,0,29,,13542,,,0,65,,13543,,,0,27,,13544,,,0,67,,13545,,,0,27,,13546,,,0,67,,13547,,,0,27,,13548,,,0,67,,13549,,,0,27,,13550,,,0,27,,13551,,,0,66,,13552,,,0,24,,13553,,,0,67,,13554,,,0,27,,13555,,,0,71,,13556,,,0,27,,13557,,,0,70,,13558,,,0,28,,13559,,,0,69,,13560,,,0,28,,13561,,,0,68,,13562,,,0,28,,13563,,,0,68,,13564,,,0,24,,13565,,,0,27,,13566,,,0,67,,13567,,,0,27,,13568,,,0,67,,13569,,,0,27,,13570,,,0,20,,13571,,,0,67,,13572,,,0,27,,13573,,,0,76,,13574,,,0,12,,13575,,,0,85,,13576,,,0
1901,'3',827,,13577,,,0,32,,13579,,,0,73,,13580,,,0,70,,13581,,,0,32,,13582,,,0,72,,13583,,,0,32,,13584,,,0,72,,13585,,,0,32,,13586,,,0,72,,13587,,,0,32,,13588,,,0,70,,13589,,,0,27,,13590,,,0,64,,13591,,,0,27,,13592,,,0,67,,13593,,,0,27,,13594,,,0,27,,13595,,,0,67,,13596,,,0,27,,13597,,,0,6,,13598,0,9 3 37,0,73,,13599,,,0,72,,13600,,,0,32,,13601,,,0,72,,13602,,,0,32,,13603,,,0,72,,13604,,,0,35,,13605,,,0,70,,13606,0,9 3 37,0,26,,13607,0,9 3 37,0,13,,13578,0,9 3 37,0
1901,'30',904,,13629,,,0,35,,13609,,,0,75,,13623,,,0,35,,13610,,,0,74,,13611,,,0,81,,13612,,,0,40,,13627,,,0,80,,13613,,,0,80,,13614,,,0,40,,13615,,,0,80,,13616,,,0,80,,13624,,,0,40,,13617,,,0,75,,13618,,,0,35,,13628,,,0,76,,13619,,,0,75,,13620,,,0,35,,13625,,,0,65,,13626,0,9 3 37,0
1901,'4',904,,13650,,,0,35,,13630,,,0,75,,13644,,,0,35,,13631,,,0,74,,13632,,,0,81,,13633,,,0,40,,13648,,,0,80,,13634,,,0,80,,13635,,,0,40,,13636,,,0,80,,13637,,,0,80,,13645,,,0,40,,13638,,,0,75,,13639,,,0,35,,13649,,,0,76,,13640,,,0,75,,13641,,,0,35,,13646,,,0,65,,13647,0,9 3 37,0
2000,'2',619,,13652,,,0,23,,13655,,,0,72,,13653,,,0,15,,13654,,,0,15,,13656,,,0,15,,13678,,,0,55,,13679,,,0,15,,13680,,,0,15,,13681,,,0,56,,13682,,,0,15,,13683,,,0,15,,13684,,,0,15,,13685,,,0,55,,13686,,,0,15,,13687,,,0,15,,13688,,,0,15,,13689,,,0,55,,13690,,,0,10,,13691,,,0,15,,13692,,,0,15,,13693,,,0,15,,13694,,,0,55,,13695,,,0,15,,13696,,,0,15,,13697,,,0,15,,13698,,,0,55,,13699,,,0,15,,13700,,,0,15,,13701,,,0,9,,13702,,,0,55,,13703,,,0,15,,13704,,,0,15,,13705,,,0,15,,13706,,,0,55,,13707,,,0,15,,13708,,,0,15,,13709,,,0,15,,13710,,,0,55,,13711,,,0,15,,13712,,,0,15,,13713,,,0,15,,13714,,,0,55,,13715,,,0,19,,13716,,,0,21,,13657,,,0,15,,13659,,,0,56,,13660,,,0,16,,13661,,,0,13,,13670,,,0,14,,13662,,,0,55,,13663,,,0,20,,13664,,,0,72,,13665,,,0,13,,13666,,,0,27,,13667,,,0,66,,13668,,,0,19,,13671,,,0,71,,13672,,,0,26,,13673,,,0,26,,13674,,,0,66,,13651,,,0,30,,13676,,,0,65,,13677,,,0,12,,13717,0,36,0,25,,13675,,,0,57,,13718,0,36,0
2000,'3',627,,13720,,,0,26,,13723,,,0,70,,13724,,,0,81,,13725,,,0,26,,13726,,,0,26,,13727,,,0,66,,13728,,,0,26,,13729,,,0,72,,13730,,,0,22,,13731,,,0,60,,13732,,,0,20,,13733,,,0,20,,13734,,,0,60,,13735,,,0,20,,13736,,,0,22,,13737,,,0,60,,13738,,,0,20,,13739,,,0,20,,13740,,,0,60,,13741,,,0,20,,13742,,,0,19,,13743,,,0,60,,13744,,,0,20,,13745,,,0,20,,13746,,,0,60,,13747,,,0,20,,13748,,,0,20,,13749,,,0,60,,13750,,,0,20,,13751,,,0,20,,13752,,,0,14,,13753,,,0,60,,13754,,,0,24,,13755,,,0,67,,13756,,,0,27,,13757,,,0,67,,13758,,,0,27,,13759,,,0,27,,13760,,,0,67,,13761,,,0,23,,13762,,,0,67,,13763,,,0,27,,13764,,,0,67,,13765,,,0,27,,13766,,,0,21,,13767,,,0,59,,13768,,,0,42,,13722,,,0
2000,'30',651,,13770,,,0,82,,13771,,,0,85,,13772,,,0,87,,13773,,,0,30,,13774,,,0,66,,13775,,,0,25,,13776,,,0,26,,13777,,,0,67,,13778,,,0,26,,13779,,,0,66,,13780,,,0,26,,13781,,,0,66,,13782,,,0,26,,13783,,,0,26,,13784,,,0,66,,13785,,,0,26,,13786,,,0,66,,13787,,,0,26,,13788,,,0,66,,13789,,,0,26,,13790,,,0,26,,13791,,,0,66,,13792,,,0,27,,13793,,,0,65,,13794,,,0,25,,13795,,,0,65,,13796,,,0,25,,13797,,,0,25,,13798,,,0,65,,13799,,,0,25,,13800,,,0,65,,13801,,,0,25,,13802,,,0,66,,13803,,,0,21,,13804,,,0,20,,13805,,,0,70,,13769,0,36,0
2000,'4',651,,13807,,,0,82,,13808,,,0,85,,13809,,,0,87,,13810,,,0,30,,13811,,,0,66,,13812,,,0,25,,13813,,,0,26,,13814,,,0,67,,13815,,,0,26,,13816,,,0,66,,13817,,,0,26,,13818,,,0,66,,13819,,,0,26,,13820,,,0,26,,13821,,,0,66,,13822,,,0,26,,13823,,,0,66,,13824,,,0,26,,13825,,,0,66,,13826,,,0,26,,13827,,,0,26,,13828,,,0,66,,13829,,,0,27,,13830,,,0,65,,13831,,,0,25,,13832,,,0,65,,13833,,,0,25,,13834,,,0,25,,13835,,,0,65,,13836,,,0,25,,13837,,,0,65,,13838,,,0,25,,13839,,,0,66,,13840,,,0,21,,13841,,,0,20,,13842,,,0,70,,13806,0,36,0
