700,'2',605,,19286,3,,,0,27,,19287,3,,,0,25,,19288,3,,,0,60,,19289,3,,,0,20,,19290,3,,,0,20,,19291,3,,,0,60,,19292,3,,,0,21,,19293,3,,,0,66,,19294,3,,,0,30,,19295,3,,,0,70,,19296,3,,,0,25,,19297,3,,,0,30,,19298,3,,,0,70,,19299,3,,,0,29,,19300,3,,,0,70,,19301,3,,,0,30,,19302,3,,,0,70,,19304,3,,,0,25,,19305,3,,,0,60,,19306,3,,,0,20,,19307,3,,,0,20,,19308,3,,,0,60,,19309,3,,,0,20,,19310,3,,,0,19,,19311,3,,,0,60,,19312,3,,,0,20,,19313,3,,,0,25,,19314,3,,,0,55,,19315,3,,,0,20,,19316,3,,,0,68,,19317,3,,,0,25,,19318,3,,,0,25,,19319,3,,,0,65,,19320,3,,,0,25,,19321,3,,,0,65,,19322,3,,,0,25,,19323,3,,,0,79,,19324,3,,,0,30,,19325,3,,,0,70,,19326,3,,,0,30,,19327,3,,,0,70,,19328,3,,,0,27,,19329,3,,,0
700,'3',610,,19365,3,,,0,29,,19366,3,,,0,70,,19364,3,,,0,39,,19330,3,,,0,66,,19363,3,,,0,30,,19331,3,,,0,65,,19332,3,,,0,25,,19333,3,,,0,71,,19334,3,,,0,30,,19335,3,,,0,65,,19336,3,,,0,25,,19337,3,,,0,29,,19338,3,,,0,70,,19339,3,,,0,30,,19340,3,,,0,65,,19341,3,,,0,30,,19342,3,,,0,70,,19343,3,,,0,30,,19344,3,,,0,70,,19345,3,,,0,30,,19346,3,,,0,70,,19347,3,,,0,30,,19348,3,,,0,70,,19349,3,,,0,26,,19350,3,,,0,71,,19351,3,,,0,30,,19352,3,,,0,70,,19353,3,,,0,25,,19354,3,,,0,70,,19355,3,,,0,31,,19356,3,,,0,71,,19357,3,,,0,28,,19358,3,,,0,72,,19359,3,,,0,30,,19360,3,,,0,70,,19361,3,,,0,30,,19362,3,,,0
700,'30',840,,19368,3,,,0,85,,19370,3,,,0,30,,19371,3,,,0,70,,19372,3,,,0,25,,19373,3,,,0,65,,19374,3,,,0,29,,19375,3,,,0,70,,19376,3,,,0,30,,19377,3,,,0,65,,19378,3,,,0,30,,19379,3,,,0,70,,19380,3,,,0,30,,19381,3,,,0,65,,19382,3,,,0,30,,19383,3,,,0,70,,19384,3,,,0,22,,19385,3,,,0,30,,19386,3,,,0,70,,19387,3,,,0,30,,19388,3,,,0,70,,19389,3,,,0,30,,19390,3,,,0,70,,19391,3,,,0,30,,19392,3,,,0,70,,19393,3,,,0,30,,19394,3,,,0,70,,19395,3,,,0,33,,19397,3,,,0,85,,19396,3,,,0
700,'4',840,,19399,3,,,0,85,,19401,3,,,0,30,,19402,3,,,0,70,,19403,3,,,0,25,,19404,3,,,0,65,,19405,3,,,0,29,,19406,3,,,0,70,,19407,3,,,0,30,,19408,3,,,0,65,,19409,3,,,0,30,,19410,3,,,0,70,,19411,3,,,0,30,,19412,3,,,0,65,,19413,3,,,0,30,,19414,3,,,0,70,,19415,3,,,0,22,,19416,3,,,0,30,,19417,3,,,0,70,,19418,3,,,0,30,,19419,3,,,0,70,,19420,3,,,0,30,,19421,3,,,0,70,,19422,3,,,0,30,,19423,3,,,0,70,,19424,3,,,0,30,,19425,3,,,0,70,,19426,3,,,0,33,,19428,3,,,0,85,,19427,3,,,0
1000,'2',611,,19941,51,,,0,15,,19942,51,,,0,15,,19943,66,,,0,15,,19944,51,,,0,55,,19952,66,,,0,15,,19953,51,,,0,20,,19951,66,,,0,55,,19954,51,,,0,17,,19945,66,,,0,19,,19991,66,,,0,17,,19946,66,,,0,54,,19992,66,,,0,15,,19950,66,,,0,18,,19949,66,,,0,69,,19947,66,,,0,30,,19958,66,,,0,70,,19957,66,,,0,30,,19956,66,,,0,71,,19955,66,,,0,32,,19962,66,,,0,13,,19963,51,,,0,67,,19961,66,,,0,13,,19995,51,,,0,17,,19960,66,,,0,59,,19959,66,,,0,15,,19996,51,,,0,18,,19965,66,,,0,63,,19964,66,,,0,18,,19993,66,,,0,16,,19966,66,,,0,15,,19994,66,,,0,59,,19967,66,,,0,17,,19974,66,,,0,13,,19968,66,,,0,57,,19969,66,,,0,16,,19970,66,,,0,18,,19971,66,,,0,15,,19972,66,,,0,55,,19997,66,,,0,12,,19973,66,,,0,33,,19975,66,,,0,56,,19976,66,,,0,33,,19977,66,,,0,73,,19978,66,,,0,30,,19979,66,,,0,70,,19980,66,,,0,35,,19981,66,,,0,65,,19982,66,,,0,38,,19983,66,,,0,73,,19984,66,,,0,30,,19985,66,,,0,75,,19986,66,,,0,75,,19987,66,,,0,30,,19988,66,,,0
1000,'3',619,,20013,51,,,0,35,,20010,51,,,0,75,,20011,66,,,0,75,,20012,66,,,0,37,,20014,66,,,0,70,,20015,66,,,0,15,,20016,66,,,0,30,,20017,66,,,0,72,,20018,66,,,0,30,,20019,66,,,0,70,,20020,66,,,0,30,,20021,66,,,0,80,,20022,66,,,0,70,,20023,66,,,0,30,,20024,66,,,0,70,,20025,66,,,0,31,,20026,66,,,0,70,,20027,66,,,0,30,,20028,66,,,0,65,,20029,66,,,0,12,,20030,66,,,0,30,,20031,66,,,0,70,,20032,66,,,0,30,,20033,66,,,0,68,,20034,66,,,0,28,,20035,66,,,0,65,,20036,66,,,0,30,,20037,66,,,0,70,,20038,66,,,0,30,,20039,66,,,0,70,,20040,66,,,0,30,,20044,66,,,0,65,,20045,66,,,0,25,,20046,66,,,0,25,,20047,66,,,0,65,,20048,66,,,0,30,,20049,66,,,0,62,,20050,66,,,0,47,,20051,66,,,0
1000,'30',713,,20052,51,,,0,37,,20088,66,,,0,60,,20053,66,,,0,35,,20087,66,,,0,60,,20054,66,,,0,30,,20055,66,,,0,70,,20056,66,,,0,30,,20057,66,,,0,65,,20058,66,,,0,25,,20059,66,,,0,25,,20060,66,,,0,66,,20061,66,,,0,31,,20062,66,,,0,70,,20063,66,,,0,30,,20064,66,,,0,70,,20065,66,,,0,30,,20066,66,,,0,70,,20067,66,,,0,30,,20068,66,,,0,70,,20069,66,,,0,30,,20070,66,,,0,70,,20071,66,,,0,29,,20074,66,,,0,70,,20075,66,,,0,30,,20076,66,,,0,70,,20077,66,,,0,30,,20078,66,,,0,66,,20079,66,,,0,30,,20080,66,,,0,70,,20081,66,,,0,28,,20082,66,,,0,70,,20083,66,,,0,32,,20084,66,,,0,70,,20085,66,,,0
1000,'4',713,,20089,51,,,0,37,,20125,66,,,0,60,,20090,66,,,0,35,,20124,66,,,0,60,,20091,66,,,0,30,,20092,66,,,0,70,,20093,66,,,0,30,,20094,66,,,0,65,,20095,66,,,0,25,,20096,66,,,0,25,,20097,66,,,0,66,,20098,66,,,0,31,,20099,66,,,0,70,,20100,66,,,0,30,,20101,66,,,0,70,,20102,66,,,0,30,,20103,66,,,0,70,,20104,66,,,0,30,,20105,66,,,0,70,,20106,66,,,0,30,,20107,66,,,0,70,,20108,66,,,0,29,,20111,66,,,0,70,,20112,66,,,0,30,,20113,66,,,0,70,,20114,66,,,0,30,,20115,66,,,0,66,,20116,66,,,0,30,,20117,66,,,0,70,,20118,66,,,0,28,,20119,66,,,0,70,,20120,66,,,0,32,,20121,66,,,0,70,,20122,66,,,0
2401,'2',624,,22823,10,,,0,30,,22824,10,,,0,68,,22825,10,,,0,31,,22826,10,,,0,70,,22827,10,,,0,30,,22828,10,,,0,71,,22829,10,,,0,30,,22830,10,,,0,70,,22831,10,,,0,30,,22832,10,,,0,70,,22833,10,,,0,30,,22834,10,,,0,70,,22835,10,,,0,30,,22836,10,,,0,70,,22837,10,,,0,30,,22838,10,,,0,67,,22839,10,,,0,31,,22840,10,,,0,70,,22841,10,,,0,30,,22842,10,,,0,75,,22845,10,,,0,73,,22846,10,,,0,33,,22847,10,,,0,73,,22848,10,,,0,37,,22849,10,,,0,70,,22850,10,,,0,30,,22851,10,,,0,70,,22852,10,,,0,30,,22853,10,,,0,60,,22854,10,,,0
2401,'3',652,,22870,10,,,0,80,,22869,10,,,0,80,,22855,10,,,0,40,,22856,10,,,0,80,,22863,10,,,0,80,,22857,10,,,0,38,,22864,10,,,0,82,,22858,10,,,0,75,,22865,10,,,0,44,,22859,10,,,0,86,,22866,10,,,0,87,,22860,10,,,0,85,,22867,10,,,0,44,,22861,10,,,0,86,,22868,10,,,0,84,,22862,10,,,0,80,,22872,10,,,0,44,,22873,10,,,0,80,,22874,10,,,0,84,,22875,10,,,0
2401,'30',734,,22890,10,,,0,80,,22889,10,,,0,40,,22888,10,,,0,80,,22887,10,,,0,80,,22876,10,,,0,40,,22877,10,,,0,80,,22882,10,,,0,80,,22878,10,,,0,41,,22883,10,,,0,79,,22879,10,,,0,81,,22884,10,,,0,39,,22880,10,,,0,81,,22885,10,,,0,79,,22881,10,,,0,41,,22886,10,,,0,79,,22892,10,,,0
2401,'4',734,,22907,10,,,0,80,,22906,10,,,0,40,,22905,10,,,0,80,,22904,10,,,0,80,,22893,10,,,0,40,,22894,10,,,0,80,,22899,10,,,0,80,,22895,10,,,0,41,,22900,10,,,0,79,,22896,10,,,0,81,,22901,10,,,0,39,,22897,10,,,0,81,,22902,10,,,0,79,,22898,10,,,0,41,,22903,10,,,0,79,,22909,10,,,0
