901,'2',606,,2403,14,,,0,20,,2404,14,,,0,17,,2405,14,,,0,13,,2406,14,,,0,56,,2407,14,,,0,15,,2408,14,,,0,14,,2409,14,,,0,16,,2410,14,,,0,55,,2411,14,,,0,17,,2412,14,,,0,16,,2413,14,,,0,55,,2414,14,,,0,15,,2415,14,,,0,15,,2416,14,,,0,15,,2417,14,,,0,55,,2418,14,,,0,15,,2419,14,,,0,15,,2420,14,,,0,15,,2421,14,,,0,55,,2422,14,,,0,15,,2423,14,,,0,15,,2424,14,,,0,15,,2425,14,,,0,55,,2426,14,,,0,15,,2427,14,,,0,15,,2428,14,,,0,15,,2429,14,,,0,55,,2430,14,,,0,15,,2431,14,,,0,15,,2432,14,,,0,13,,2433,14,,,0,14,,2434,14,,,0,55,,2435,14,,,0,15,,2436,14,,,0,15,,2437,14,,,0,15,,2438,14,,,0,55,,2439,14,,,0,15,,2440,14,,,0,15,,2441,14,,,0,15,,2442,14,,,0,55,,2443,14,,,0,15,,2444,14,,,0,15,,2445,14,,,0,15,,2446,14,,,0,55,,2447,14,,,0,15,,2448,14,,,0,17,,2449,14,,,0,65,,2450,14,,,0,15,,2451,14,,,0,14,,2452,14,,,0,62,,2453,14,,,0,22,,2454,14,,,0,22,,2455,14,,,0,62,,2456,14,,,0,22,,2457,14,,,0,26,,2458,14,,,0,70,,2459,14,,,0,32,,2460,14,,,0,72,,2461,14,,,0,72,,2462,14,,,0,37,,2463,14,,,0,101,,2464,14,,,0
901,'3',610,,2470,14,,,0,30,,2509,14,,,0,70,,2471,14,,,0,30,,2508,14,,,0,70,,2472,14,,,0,35,,2473,14,,,0,72,,2474,14,,,0,86,,2475,14,,,0,25,,2476,14,,,0,25,,2477,14,,,0,62,,2478,14,,,0,25,,2479,14,,,0,65,,2480,14,,,0,29,,2481,14,,,0,21,,2482,14,,,0,65,,2483,14,,,0,28,,2484,14,,,0,62,,2485,14,,,0,24,,2486,14,,,0,25,,2487,14,,,0,65,,2488,14,,,0,25,,2489,14,,,0,65,,2490,14,,,0,25,,2491,14,,,0,65,,2492,14,,,0,25,,2493,14,,,0,25,,2494,14,,,0,85,,2496,14,,,0,65,,2497,14,,,0,38,,2498,14,,,0,75,,2499,14,,,0,35,,2500,14,,,0,76,,2501,14,,,0,75,,2502,14,,,0,35,,2503,14,,,0,75,,2504,14,,,0,35,,2505,14,,,0
901,'30',650,,2544,14,,,0,75,,2510,14,,,0,75,,2545,14,,,0,34,,2511,14,,,0,75,,2546,14,,,0,33,,2512,14,,,0,73,,2513,14,,,0,33,,2514,14,,,0,73,,2515,14,,,0,38,,2516,14,,,0,68,,2517,14,,,0,23,,2518,14,,,0,63,,2519,14,,,0,23,,2520,14,,,0,23,,2521,14,,,0,63,,2522,14,,,0,23,,2523,14,,,0,63,,2524,14,,,0,23,,2525,14,,,0,23,,2526,14,,,0,63,,2527,14,,,0,24,,2528,14,,,0,64,,2529,14,,,0,23,,2530,14,,,0,25,,2531,14,,,0,57,,2532,14,,,0,19,,2533,14,,,0,30,,2534,14,,,0,70,,2535,14,,,0,30,,2536,14,,,0,70,,2537,14,,,0,30,,2538,14,,,0,70,,2539,14,,,0,71,,2540,14,,,0,41,,2541,14,,,0,18,,2542,14,,,0
901,'4',650,,2581,14,,,0,75,,2547,14,,,0,75,,2582,14,,,0,34,,2548,14,,,0,75,,2583,14,,,0,33,,2549,14,,,0,73,,2550,14,,,0,33,,2551,14,,,0,73,,2552,14,,,0,38,,2553,14,,,0,68,,2554,14,,,0,23,,2555,14,,,0,63,,2556,14,,,0,23,,2557,14,,,0,23,,2558,14,,,0,63,,2559,14,,,0,23,,2560,14,,,0,63,,2561,14,,,0,23,,2562,14,,,0,23,,2563,14,,,0,63,,2564,14,,,0,24,,2565,14,,,0,64,,2566,14,,,0,23,,2567,14,,,0,25,,2568,14,,,0,57,,2569,14,,,0,19,,2570,14,,,0,30,,2571,14,,,0,70,,2572,14,,,0,30,,2573,14,,,0,70,,2574,14,,,0,30,,2575,14,,,0,70,,2576,14,,,0,71,,2577,14,,,0,41,,2578,14,,,0,18,,2579,14,,,0
2701,'2',550,,6043,6,,,0,92,,5972,7,,,0,65,,5973,6,,,0,13,,5974,7,,,0,13,,5975,6,,,0,13,,5976,6,,,0,13,,5977,7,,,0,53,,5978,7,,,0,8,,5979,7,,,0,13,,5980,7,,,0,13,,5981,7,,,0,12,,5982,7,,,0,53,,5983,7,,,0,13,,5984,7,,,0,13,,5985,7,,,0,13,,5986,7,,,0,53,,5987,7,,,0,13,,5988,7,,,0,13,,5989,7,,,0,13,,5990,7,,,0,13,,5991,7,,,0,53,,5992,7,,,0,13,,5993,7,,,0,13,,5994,7,,,0,13,,5995,7,,,0,12,,5996,7,,,0,52,,5997,7,,,0,12,,5998,7,,,0,12,,5999,7,,,0,12,,6000,7,,,0,12,,6001,7,,,0,52,,6002,7,,,0,12,,6003,7,,,0,12,,6004,7,,,0,12,,6005,7,,,0,12,,6006,7,,,0,55,,6007,7,,,0,13,,6008,7,,,0,13,,6009,7,,,0,13,,6010,7,,,0,53,,6011,7,,,0,13,,6012,7,,,0,9,,6013,6,,,0,12,,6014,7,,,0,12,,6015,7,,,0,51,,6016,7,,,0,11,,6017,7,,,0,11,,6018,6,,,0,11,,6019,7,,,0,11,,6020,7,,,0,11,,6021,7,,,0,51,,6022,7,,,0,11,,6023,7,,,0,11,,6024,7,,,0,11,,6025,7,,,0,7,,6026,7,,,0,54,,6027,7,,,0,9,,6028,7,,,0,13,,6029,7,,,0,11,,6030,7,,,0,11,,6031,7,,,0,57,,6032,7,,,0,17,,6033,7,,,0,17,,6034,7,,,0,17,,6035,7,,,0,57,,6036,7,,,0,17,,6037,7,,,0,17,,6038,7,,,0,62,,6039,7,,,0,27,,6040,7,,,0,67,,6041,7,,,0,27,,6042,7,,,0
2701,'3',854,,6044,6,,,0,83,,6054,7,,,0,71,,6045,7,,,0,104,,6055,7,,,0,33,,6046,7,,,0,72,,6063,7,,,0,32,,6056,7,,,0,72,,6047,7,,,0,32,,6064,7,,,0,71,,6057,7,,,0,34,,6048,7,,,0,72,,6065,7,,,0,70,,6058,7,,,0,34,,6049,7,,,0,72,,6066,7,,,0,30,,6059,7,,,0,75,,6050,7,,,0,45,,6060,7,,,0,85,,6051,7,,,0,85,,6061,7,,,0,84,,6052,7,,,0,40,,6062,7,,,0,80,,6053,7,,,0,80,,6067,7,,,0
2701,'30',836,,6068,6,,,0,85,,6069,7,,,0,85,,6075,7,,,0,45,,6070,7,,,0,85,,6076,7,,,0,86,,6071,7,,,0,88,,6077,7,,,0,32,,6078,7,,,0,72,,6072,7,,,0,32,,6080,7,,,0,72,,6079,7,,,0,32,,6073,7,,,0,72,,6081,7,,,0,32,,6083,7,,,0,70,,6074,7,,,0,77,,6082,7,,,0,45,,6084,7,,,0,85,,6085,7,,,0
2701,'4',836,,6086,6,,,0,85,,6087,7,,,0,85,,6093,7,,,0,45,,6088,7,,,0,85,,6094,7,,,0,86,,6089,7,,,0,88,,6095,7,,,0,32,,6096,7,,,0,72,,6090,7,,,0,32,,6098,7,,,0,72,,6097,7,,,0,32,,6091,7,,,0,72,,6099,7,,,0,32,,6101,7,,,0,70,,6092,7,,,0,77,,6100,7,,,0,45,,6102,7,,,0,85,,6103,7,,,0
3101,'2',623,,6299,18,,,0,88,,6300,18,,,0,32,,6301,18,,,0,68,,6302,18,,,0,28,,6303,18,,,0,68,,6304,18,,,0,24,,6305,18,,,0,27,,6306,18,,,0,67,,6307,18,,,0,27,,6308,18,,,0,67,,6309,18,,,0,27,,6310,18,,,0,67,,6311,18,,,0,27,,6312,18,,,0,67,,6313,18,,,0,27,,6314,18,,,0,67,,6315,18,,,0,32,,6316,18,,,0,70,,6317,18,,,0,30,,6318,18,,,0,70,,6319,18,,,0,29,,6320,18,,,0,70,,6321,18,,,0,30,,6322,18,,,0,70,,6323,18,,,0,27,,6324,18,,,0,30,,6325,18,,,0,70,,6326,18,,,0,30,,6327,18,,,0,70,,6328,18,,,0,25,,6329,18,,,0,70,,6330,18,,,0,30,,6331,18,,,0,70,,6332,18,,,0,30,,6333,18,,,0
3101,'3',814,,6362,18,,,0,25,,6361,18,,,0,65,,6334,18,,,0,25,,6360,18,,,0,25,,6335,18,,,0,66,,6336,18,,,0,24,,6337,18,,,0,65,,6338,18,,,0,25,,6339,18,,,0,25,,6340,18,,,0,65,,6341,18,,,0,25,,6342,18,,,0,65,,6343,18,,,0,25,,6344,18,,,0,65,,6345,18,,,0,28,,6346,18,,,0,27,,6347,18,,,0,67,,6348,18,,,0,27,,6349,18,,,0,67,,6350,18,,,0,27,,6351,18,,,0,67,,6352,18,,,0,27,,6353,18,,,0,66,,6363,18,,,0,25,,6354,18,,,0,26,,6364,18,,,0,66,,6355,18,,,0,26,,6365,18,,,0,65,,6356,18,,,0,25,,6366,18,,,0,66,,6357,18,,,0,25,,6367,18,,,0,21,,6358,18,,,0,62,,6368,18,,,0,22,,6359,18,,,0,65,,6369,18,,,0,25,,6370,18,,,0
3101,'30',841,,6371,18,,,0,65,,6386,18,,,0,25,,6372,18,,,0,25,,6387,18,,,0,65,,6373,18,,,0,25,,6388,18,,,0,65,,6374,18,,,0,25,,6389,18,,,0,65,,6375,18,,,0,26,,6390,18,,,0,25,,6376,18,,,0,65,,6391,18,,,0,25,,6377,18,,,0,65,,6392,18,,,0,25,,6378,18,,,0,25,,6393,18,,,0,65,,6379,18,,,0,25,,6394,18,,,0,65,,6380,18,,,0,25,,6395,18,,,0,65,,6381,18,,,0,25,,6396,18,,,0,25,,6382,18,,,0,65,,6397,18,,,0,25,,6383,18,,,0,65,,6398,18,,,0,25,,6384,18,,,0,25,,6399,18,,,0,65,,6385,18,,,0
3101,'4',841,,6400,18,,,0,65,,6415,18,,,0,25,,6401,18,,,0,25,,6416,18,,,0,65,,6402,18,,,0,25,,6417,18,,,0,65,,6403,18,,,0,25,,6418,18,,,0,65,,6404,18,,,0,26,,6419,18,,,0,25,,6405,18,,,0,65,,6420,18,,,0,25,,6406,18,,,0,65,,6421,18,,,0,25,,6407,18,,,0,25,,6422,18,,,0,65,,6408,18,,,0,25,,6423,18,,,0,65,,6409,18,,,0,25,,6424,18,,,0,65,,6410,18,,,0,25,,6425,18,,,0,25,,6411,18,,,0,65,,6426,18,,,0,25,,6412,18,,,0,65,,6427,18,,,0,25,,6413,18,,,0,25,,6428,18,,,0,65,,6414,18,,,0
12700,'3302',607,,8344,6,,,0,27,,8345,7,,,0,70,,8346,7,,,0,18,,8347,6,,,0,12,,8348,7,,,0,24,,8349,7,,,0,52,,8350,7,,,0,24,,8351,7,,,0,12,,8352,7,,,0,64,,8353,7,,,0,12,,8354,7,,,0,24,,8355,7,,,0,12,,8356,7,,,0,64,,8357,7,,,0,12,,8358,7,,,0,24,,8359,7,,,0,52,,8360,7,,,0,24,,8361,7,,,0,12,,8362,7,,,0,64,,8363,7,,,0,12,,8364,7,,,0,24,,8365,7,,,0,12,,8366,7,,,0,64,,8367,7,,,0,12,,8368,7,,,0,24,,8369,7,,,0,60,,8370,7,,,0,24,,8371,7,,,0,64,,8372,7,,,0,24,,8373,7,,,0,71,,8374,7,,,0,20,,8375,7,,,0,30,,8376,7,,,0,60,,8377,7,,,0,30,,8378,7,,,0,60,,8379,7,,,0,23,,8380,7,,,0,20,,8381,7,,,0,60,,8382,7,,,0,20,,8383,7,,,0,20,,8384,7,,,0,60,,8385,7,,,0,20,,8386,7,,,0,20,,8387,7,,,0,60,,8388,7,,,0,15,,8389,7,,,0,30,,8390,7,,,0,70,,8391,7,,,0,30,,8392,7,,,0,70,,8393,7,,,0,30,,8394,7,,,0
12700,'3602',746,,8395,7,,,0,76,,8396,7,,,0,36,,8397,7,,,0,76,,8398,7,,,0,76,,8399,7,,,0,36,,8400,7,,,0,76,,8401,7,,,0,36,,8402,7,,,0,76,,8403,7,,,0,76,,8404,7,,,0,36,,8405,7,,,0,64,,8406,6,,,0,20,,8407,7,,,0,24,,8408,7,,,0,64,,8409,7,,,0,24,,8410,7,,,0,69,,8411,7,,,0,20,,8412,7,,,0,10,,8413,7,,,0,60,,8414,7,,,0,20,,8415,7,,,0,10,,8416,7,,,0,20,,8417,7,,,0,58,,8418,7,,,0
12700,'3903',604,,8462,6,,,0,30,,8463,7,,,0,70,,8464,7,,,0,30,,8465,7,,,0,70,,8466,7,,,0,30,,8419,7,,,0,70,,8420,7,,,0,30,,8421,7,,,0,71,,8422,7,,,0,25,,8423,7,,,0,20,,8424,7,,,0,60,,8425,7,,,0,20,,8426,7,,,0,20,,8427,7,,,0,62,,8428,7,,,0,20,,8429,7,,,0,20,,8430,7,,,0,60,,8431,7,,,0,20,,8432,7,,,0,20,,8433,7,,,0,60,,8434,7,,,0,20,,8435,7,,,0,20,,8436,7,,,0,60,,8437,7,,,0,20,,8438,7,,,0,20,,8439,7,,,0,60,,8440,7,,,0,20,,8441,7,,,0,20,,8442,7,,,0,60,,8443,7,,,0,20,,8444,7,,,0,20,,8445,7,,,0,58,,8446,7,,,0,20,,8447,7,,,0,20,,8448,7,,,0,60,,8449,7,,,0,20,,8450,7,,,0,20,,8451,7,,,0,60,,8452,7,,,0,20,,8453,7,,,0,20,,8454,7,,,0,54,,8455,7,,,0,30,,8456,7,,,0,70,,8457,7,,,0,30,,8458,7,,,0,70,,8459,7,,,0,30,,8460,7,,,0,70,,8461,7,,,0
12700,'6404',704,,8499,6,,,0,30,,8500,7,,,0,70,,8501,7,,,0,30,,8502,7,,,0,70,,8503,7,,,0,20,,8467,7,,,0,20,,8468,7,,,0,60,,8469,7,,,0,20,,8470,7,,,0,20,,8471,7,,,0,60,,8472,7,,,0,20,,8473,7,,,0,20,,8474,7,,,0,61,,8475,7,,,0,20,,8476,7,,,0,20,,8477,7,,,0,60,,8478,7,,,0,20,,8479,7,,,0,20,,8480,7,,,0,60,,8481,7,,,0,20,,8482,7,,,0,20,,8483,7,,,0,60,,8484,7,,,0,20,,8485,7,,,0,20,,8486,7,,,0,60,,8487,7,,,0,20,,8488,7,,,0,20,,8489,7,,,0,59,,8490,7,,,0,35,,8491,7,,,0,75,,8492,7,,,0,35,,8493,7,,,0,75,,8494,7,,,0,35,,8495,7,,,0,75,,8496,7,,,0,75,,8497,7,,,0,35,,8498,7,,,0,75,,8504,7,,,0,35,,8505,7,,,0
