701,'2',635,,10845,36,,,0,20,,10846,36,,,0,76,,10847,36,,,0,25,,10848,36,,,0,60,,10849,36,,,0,20,,10850,36,,,0,20,,10851,36,,,0,60,,10852,36,,,0,30,,10853,36,,,0,55,,10854,36,,,0,30,,10855,36,,,0,70,,10856,36,,,0,30,,10857,36,,,0,70,,10858,36,,,0,30,,10859,36,,,0,70,,10860,36,,,0,30,,10861,36,,,0,70,,10862,36,,,0,25,,10863,36,,,0,20,,10864,36,,,0,60,,10865,36,,,0,20,,10866,36,,,0,20,,10867,36,,,0,62,,10868,36,,,0,20,,10869,36,,,0,20,,10870,36,,,0,60,,10871,36,,,0,20,,10872,36,,,0,20,,10873,36,,,0,58,,10874,36,,,0,25,,10875,36,,,0,25,,10876,36,,,0,65,,10877,36,,,0,25,,10878,36,,,0,65,,10879,36,,,0,30,,10880,36,,,0,79,,10881,36,,,0,30,,10882,36,,,0,70,,10883,36,,,0,30,,10884,36,,,0,70,,10885,36,,,0,30,,10886,36,,,0
701,'3',635,,10929,36,,,0,76,,10930,36,,,0,31,,10928,36,,,0,73,,10892,36,,,0,30,,10893,36,,,0,65,,10894,36,,,0,30,,10895,36,,,0,70,,10896,36,,,0,25,,10897,36,,,0,65,,10898,36,,,0,30,,10899,36,,,0,70,,10900,36,,,0,25,,10901,36,,,0,25,,10902,36,,,0,70,,10903,36,,,0,30,,10904,36,,,0,70,,10905,36,,,0,30,,10906,36,,,0,70,,10907,36,,,0,30,,10908,36,,,0,70,,10909,36,,,0,30,,10910,36,,,0,70,,10911,36,,,0,30,,10912,36,,,0,70,,10913,36,,,0,30,,10914,36,,,0,65,,10915,36,,,0,25,,10916,36,,,0,70,,10917,36,,,0,25,,10918,36,,,0,22,,10919,36,,,0,69,,10920,36,,,0,30,,10921,36,,,0,70,,10922,36,,,0,30,,10923,36,,,0,70,,10924,36,,,0,30,,10925,36,,,0
701,'30',905,,10931,36,,,0,25,,10932,36,,,0,75,,10933,36,,,0,20,,10934,36,,,0,25,,10935,36,,,0,70,,10936,36,,,0,30,,10937,36,,,0,66,,10938,36,,,0,25,,10939,36,,,0,70,,10940,36,,,0,30,,10941,36,,,0,70,,10942,36,,,0,25,,10943,36,,,0,70,,10944,36,,,0,30,,10945,36,,,0,70,,10946,36,,,0,30,,10947,36,,,0,70,,10948,36,,,0,30,,10949,36,,,0,70,,10950,36,,,0,30,,10951,36,,,0,70,,10953,36,,,0,30,,10954,36,,,0,70,,10955,36,,,0,30,,10956,36,,,0,70,,10957,36,,,0,30,,10958,36,,,0,68,,10961,36,,,0,30,,10962,36,,,0,70,,10959,36,,,0
701,'4',905,,10963,36,,,0,25,,10964,36,,,0,75,,10965,36,,,0,20,,10966,36,,,0,25,,10967,36,,,0,70,,10968,36,,,0,30,,10969,36,,,0,66,,10970,36,,,0,25,,10971,36,,,0,70,,10972,36,,,0,30,,10973,36,,,0,70,,10974,36,,,0,25,,10975,36,,,0,70,,10976,36,,,0,30,,10977,36,,,0,70,,10978,36,,,0,30,,10979,36,,,0,70,,10980,36,,,0,30,,10981,36,,,0,70,,10982,36,,,0,30,,10983,36,,,0,70,,10985,36,,,0,30,,10986,36,,,0,70,,10987,36,,,0,30,,10988,36,,,0,70,,10989,36,,,0,30,,10990,36,,,0,68,,10993,36,,,0,30,,10994,36,,,0,70,,10991,36,,,0
1200,'2',635,,11709,8,,,0,69,,11710,8,,,0,29,,11711,8,,,0,70,,11712,8,,,0,30,,11713,8,,,0,70,,11714,8,,,0,30,,11715,8,,,0,70,,11716,8,,,0,30,,11717,8,,,0,70,,11718,8,,,0,30,,11719,8,,,0,70,,11720,8,,,0,30,,11721,8,,,0,70,,11722,8,,,0,30,,11723,8,,,0,70,,11724,8,,,0,31,,11725,8,,,0,25,,11726,8,,,0,56,,11727,8,,,0,25,,11728,8,,,0,65,,11729,8,,,0,26,,11730,8,,,0,27,,11731,8,,,0,65,,11732,8,,,0,25,,11733,8,,,0,63,,11734,8,,,0,25,,11735,8,,,0,68,,11736,8,,,0,30,,11737,8,,,0,70,,11738,8,,,0,30,,11739,8,,,0,69,,11744,8,,,0,30,,11740,8,,,0,70,,11741,8,,,0,30,,11745,8,,,0,70,,11742,8,,,0,30,,11746,8,,,0,69,,11743,8,,,0
1200,'3',635,,11747,8,,,0,70,,11779,8,,,0,30,,11748,8,,,0,70,,11778,8,,,0,30,,11749,8,,,0,70,,11777,8,,,0,25,,11750,8,,,0,25,,11776,8,,,0,71,,11751,8,,,0,30,,11775,8,,,0,70,,11752,8,,,0,30,,11774,8,,,0,70,,11753,8,,,0,75,,11754,8,,,0,35,,11755,8,,,0,75,,11756,8,,,0,35,,11757,8,,,0,75,,11758,8,,,0,35,,11759,8,,,0,75,,11760,8,,,0,75,,11761,8,,,0,35,,11762,8,,,0,64,,11763,8,,,0,33,,11764,8,,,0,67,,11765,8,,,0,33,,11766,8,,,0,67,,11767,8,,,0,33,,11768,8,,,0,67,,11769,8,,,0,33,,11770,8,,,0,67,,11771,8,,,0,33,,11772,8,,,0,67,,11773,8,,,0,33,,11780,8,,,0,67,,11781,8,,,0
1200,'30',836,,11810,8,,,0,70,,11795,8,,,0,30,,11797,8,,,0,23,,11783,8,,,0,70,,11798,8,,,0,30,,11794,8,,,0,70,,11799,8,,,0,24,,11793,8,,,0,70,,11800,8,,,0,24,,11792,8,,,0,64,,11809,8,,,0,31,,11791,8,,,0,64,,11804,8,,,0,30,,11790,8,,,0,70,,11805,8,,,0,30,,11789,8,,,0,70,,11806,8,,,0,30,,11788,8,,,0,70,,11807,8,,,0,30,,11787,8,,,0,70,,11808,8,,,0,30,,11786,8,,,0,70,,11801,8,,,0,30,,11785,8,,,0,70,,11802,8,,,0,30,,11782,8,,,0,70,,11803,8,,,0,30,,11784,8,,,0
1200,'4',836,,11839,8,,,0,70,,11824,8,,,0,30,,11826,8,,,0,23,,11812,8,,,0,70,,11827,8,,,0,30,,11823,8,,,0,70,,11828,8,,,0,24,,11822,8,,,0,70,,11829,8,,,0,24,,11821,8,,,0,64,,11838,8,,,0,31,,11820,8,,,0,64,,11833,8,,,0,30,,11819,8,,,0,70,,11834,8,,,0,30,,11818,8,,,0,70,,11835,8,,,0,30,,11817,8,,,0,70,,11836,8,,,0,30,,11816,8,,,0,70,,11837,8,,,0,30,,11815,8,,,0,70,,11830,8,,,0,30,,11814,8,,,0,70,,11831,8,,,0,30,,11811,8,,,0,70,,11832,8,,,0,30,,11813,8,,,0
9301,'2',649,,16277,10,,,0,61,,16301,10,,,0,48,,16278,10,,,0,77,,16279,10,,,0,70,,16300,10,,,0,42,,16280,10,,,0,68,,16281,10,,,0,25,,16282,10,,,0,70,,16283,10,,,0,33,,16284,10,,,0,67,,16285,10,,,0,30,,16286,10,,,0,70,,16287,10,,,0,30,,16288,10,,,0,63,,16290,10,,,0,5,,16289,10,,,0,32,,16291,10,,,0,74,,16292,10,,,0,17,,16293,10,,,0,71,,16294,10,,,0,24,,16295,10,,,0,27,,16296,10,,,0,72,,16297,10,,,0,32,,16303,10,,,0,69,,16298,10,,,0,76,,16299,10,,,0,31,,16306,10,,,0,70,,16307,10,,,0,22,,16302,10,,,0,82,,16304,10,,,0,97,,16305,10,,,0,25,,16309,10,,,0,100,,16308,10,,,0,30,,16310,10,,,0
9301,'3',823,,16311,10,,,0,25,,16312,10,,,0,65,,16313,10,,,0,25,,16314,10,,,0,65,,16315,10,,,0,30,,16316,10,,,0,70,,16317,10,,,0,30,,16318,10,,,0,70,,16319,10,,,0,39,,16320,10,,,0,70,,16321,10,,,0,30,,16322,10,,,0,80,,16323,10,,,0,28,,16324,10,,,0,70,,16325,10,,,0,80,,16326,10,,,0,30,,16327,10,,,0,70,,16328,10,,,0,31,,16329,10,,,0,25,,16330,10,,,0,65,,16331,10,,,0,24,,16332,10,,,0,65,,16333,10,,,0,25,,16334,10,,,0,65,,16335,10,,,0,25,,16336,10,,,0,25,,16337,10,,,0,65,,16338,10,,,0,20,,16339,10,,,0,65,,16340,10,,,0,25,,16341,10,,,0,25,,16342,10,,,0,75,,16343,10,,,0,25,,16344,10,,,0,65,,16345,10,,,0
9301,'30',843,,16346,10,,,0,71,,16347,10,,,0,35,,16348,10,,,0,75,,16349,10,,,0,35,,16350,10,,,0,75,,16351,10,,,0,76,,16352,10,,,0,37,,16353,10,,,0,77,,16354,10,,,0,77,,16355,10,,,0,37,,16356,10,,,0,77,,16357,10,,,0,37,,16358,10,,,0,77,,16359,10,,,0,77,,16360,10,,,0,37,,16361,10,,,0,77,,16362,10,,,0,37,,16363,10,,,0,77,,16364,10,,,0,77,,16365,10,,,0,37,,16366,10,,,0,77,,16367,10,,,0,77,,16368,10,,,0,37,,16369,10,,,0
9301,'4',843,,16371,10,,,0,71,,16372,10,,,0,35,,16373,10,,,0,75,,16374,10,,,0,35,,16375,10,,,0,75,,16376,10,,,0,76,,16377,10,,,0,37,,16378,10,,,0,77,,16379,10,,,0,77,,16380,10,,,0,37,,16381,10,,,0,77,,16382,10,,,0,37,,16383,10,,,0,77,,16384,10,,,0,77,,16385,10,,,0,37,,16386,10,,,0,77,,16387,10,,,0,37,,16388,10,,,0,77,,16389,10,,,0,77,,16390,10,,,0,37,,16391,10,,,0,77,,16392,10,,,0,77,,16393,10,,,0,37,,16394,10,,,0
