100,'2',631,,1,0,13 9 15,0,20,,2,0,10 16 17,0,58,,3,0,13 9 15,0,18,,8,0,10 16 17,0,15,,4,0,13 9 15,0,15,,9,0,10 16 17,0,55,,5,0,13 9 15,0,15,,10,0,10 16 17,0,15,,6,0,13 9 15,0,15,,11,0,10 16 17,0,60,,7,0,13 9 15,0,15,,16,0,10 16 17,0,20,,23,0,13 9 15,0,55,,17,0,10 16 17,0,20,,24,0,13 9 15,0,20,,18,0,10 16 17,0,60,,25,0,13 9 15,0,20,,19,0,10 16 17,0,20,,26,0,13 9 15,0,60,,20,0,10 16 17,0,20,,27,0,13 9 15,0,20,,21,0,10 16 17,0,60,,28,0,13 9 15,0,20,,22,0,10 16 17,0,20,,29,0,13 9 15,0,60,,31,0,10 16 17,0,15,,35,0,13 9 15,0,11,,32,0,10 16 17,0,15,,36,0,13 9 15,0,55,,33,0,10 16 17,0,15,,37,0,13 9 15,0,15,,34,0,10 16 17,0,15,,38,0,13 9 15,0,55,,39,0,10 16 17,0,16,,43,0,13 9 15,0,16,,40,0,10 16 17,0,16,,44,0,13 9 15,0,56,,41,0,10 16 17,0,16,,45,0,13 9 15,0,16,,42,0,10 16 17,0,16,,46,0,13 9 15,0,66,,47,0,10 16 17,0,18,,51,0,13 9 15,0,65,,48,0,10 16 17,0,25,,52,0,13 9 15,0,25,,49,0,10 16 17,0,65,,53,0,13 9 15,0,25,,50,0,10 16 17,0,60,,56,0,13 9 15,0,25,,59,0,10 16 17,0,30,,57,0,13 9 15,0,70,,60,0,10 16 17,0,30,,58,0,13 9 15,0,70,,61,0,10 16 17,0,72,,62,0,13 9 15,0
100,'3',631,,65,0,10 16 17,0,80,,67,0,13 9 15,0,40,,66,0,10 16 17,0,71,,68,0,13 9 15,0,30,,70,0,10 16 17,0,70,,69,0,13 9 15,0,25,,71,0,10 16 17,0,70,,74,0,13 9 15,0,20,,86,0,10 16 17,0,15,,75,0,13 9 15,0,60,,87,0,10 16 17,0,20,,76,0,13 9 15,0,20,,88,0,10 16 17,0,60,,77,0,13 9 15,0,15,,89,0,10 16 17,0,20,,78,0,13 9 15,0,60,,90,0,10 16 17,0,20,,79,0,13 9 15,0,20,,91,0,10 16 17,0,60,,80,0,13 9 15,0,15,,92,0,10 16 17,0,20,,81,0,13 9 15,0,60,,93,0,10 16 17,0,20,,82,0,13 9 15,0,20,,94,0,10 16 17,0,60,,83,0,13 9 15,0,15,,95,0,10 16 17,0,20,,84,0,13 9 15,0,20,,96,0,10 16 17,0,60,,85,0,13 9 15,0,20,,97,0,10 16 17,0,20,,98,0,13 9 15,0,70,,105,0,10 16 17,0,25,,99,0,13 9 15,0,70,,106,0,10 16 17,0,30,,100,0,13 9 15,0,70,,107,0,10 16 17,0,30,,101,0,13 9 15,0,70,,108,0,10 16 17,0,30,,102,0,13 9 15,0,65,,109,0,10 16 17,0,30,,103,0,13 9 15,0,70,,110,0,10 16 17,0,30,,104,0,13 9 15,0,61,,112,0,10 16 17,0
100,'30',857,,115,0,10 16 17,0,67,,118,0,13 9 15,0,27,,116,0,10 16 17,0,72,,119,0,13 9 15,0,32,,117,0,10 16 17,0,72,,120,0,13 9 15,0,32,,122,0,10 16 17,0,65,,123,0,13 9 15,0,25,,130,0,10 16 17,0,65,,124,0,13 9 15,0,25,,131,0,10 16 17,0,65,,125,0,13 9 15,0,25,,132,0,10 16 17,0,25,,126,0,13 9 15,0,65,,133,0,10 16 17,0,25,,127,0,13 9 15,0,65,,134,0,10 16 17,0,25,,128,0,13 9 15,0,20,,135,0,10 16 17,0,65,,129,0,13 9 15,0,20,,136,0,10 16 17,0,70,,138,0,13 9 15,0,30,,143,0,10 16 17,0,70,,139,0,13 9 15,0,30,,144,0,10 16 17,0,70,,140,0,13 9 15,0,30,,145,0,10 16 17,0,70,,141,0,13 9 15,0,30,,146,0,10 16 17,0,70,,142,0,13 9 15,0,25,,147,0,10 16 17,0,67,,148,0,13 9 15,0
100,'4',857,,151,0,10 16 17,0,67,,154,0,13 9 15,0,27,,152,0,10 16 17,0,72,,155,0,13 9 15,0,32,,153,0,10 16 17,0,72,,156,0,13 9 15,0,32,,158,0,10 16 17,0,65,,159,0,13 9 15,0,25,,166,0,10 16 17,0,65,,160,0,13 9 15,0,25,,167,0,10 16 17,0,65,,161,0,13 9 15,0,25,,168,0,10 16 17,0,25,,162,0,13 9 15,0,65,,169,0,10 16 17,0,25,,163,0,13 9 15,0,65,,170,0,10 16 17,0,25,,164,0,13 9 15,0,20,,171,0,10 16 17,0,65,,165,0,13 9 15,0,20,,172,0,10 16 17,0,70,,174,0,13 9 15,0,30,,179,0,10 16 17,0,70,,175,0,13 9 15,0,30,,180,0,10 16 17,0,70,,176,0,13 9 15,0,30,,181,0,10 16 17,0,70,,177,0,13 9 15,0,30,,182,0,10 16 17,0,70,,178,0,13 9 15,0,25,,183,0,10 16 17,0,67,,184,0,13 9 15,0
301,'2',553,,979,,,0,95,,980,,,0,70,,981,,,0,33,,982,,,0,67,,983,,,0,30,,984,,,0,70,,985,,,0,30,,986,,,0,70,,987,,,0,30,,988,,,0,70,,989,,,0,30,,990,,,0,70,,991,,,0,30,,992,,,0,70,,993,,,0,30,,994,,,0,71,,995,,,0,30,,996,,,0,70,,997,,,0,30,,998,,,0,70,,999,,,0,30,,1000,,,0,70,,1001,,,0,30,,1002,,,0,68,,1003,,,0,28,,1007,,,0,70,,1008,,,0,30,,1009,,,0,70,,1010,,,0,30,,1011,,,0,70,,1012,,,0,26,,1013,,,0,70,,1014,,,0,30,,1015,,,0,70,,1016,,,0,19,,1004,,,0
301,'3',703,,1017,,,0,100,,1018,,,0,102,,1019,,,0,104,,1020,,,0,31,,1024,,,0,75,,1025,,,0,35,,1026,,,0,75,,1027,,,0,75,,1028,,,0,35,,1029,,,0,75,,1030,,,0,35,,1031,,,0,75,,1032,,,0,35,,1033,,,0,75,,1034,,,0,75,,1035,,,0,35,,1036,,,0,74,,1037,,,0,100,,1038,,,0,100,,1039,,,0,100,,1040,,,0,100,,1041,,,0,108,,1021,,,0
301,'30',923,,1042,,,0,87,,1043,,,0,47,,1044,,,0,87,,1045,,,0,87,,1046,,,0,87,,1047,,,0,87,,1048,,,0,47,,1049,,,0,87,,1050,,,0,87,,1051,,,0,87,,1052,,,0,87,,1053,,,0,47,,1054,,,0,107,,1055,,,0,100,,1056,,,0,100,,1057,,,0,102,,1058,,,0
301,'4',923,,1059,,,0,87,,1060,,,0,47,,1061,,,0,87,,1062,,,0,87,,1063,,,0,87,,1064,,,0,87,,1065,,,0,47,,1066,,,0,87,,1067,,,0,87,,1068,,,0,87,,1069,,,0,87,,1070,,,0,47,,1071,,,0,107,,1072,,,0,100,,1073,,,0,100,,1074,,,0,102,,1075,,,0
501,'2',632,,1526,0,10 23 20,0,72,,1527,0,13 36,0,30,,1528,0,10 23 20,0,70,,1529,0,13 36,0,32,,1530,0,10 23 20,0,68,,1540,0,13 36,0,30,,1531,0,10 23 20,0,70,,1541,0,13 36,0,30,,1532,0,10 23 20,0,70,,1542,0,13 36,0,30,,1533,0,10 23 20,0,70,,1543,0,13 36,0,30,,1534,0,10 23 20,0,70,,1544,0,13 36,0,30,,1535,0,10 23 20,0,71,,1545,0,13 36,0,30,,1536,0,10 23 20,0,70,,1546,0,13 36,0,30,,1537,0,10 23 20,0,70,,1547,0,13 36,0,30,,1538,0,10 23 20,0,70,,1548,0,13 36,0,32,,1539,0,10 23 20,0,69,,1549,0,13 36,0,30,,1550,0,10 23 20,0,78,,1555,0,10 23 20,0,30,,1556,0,10 23 20,0,70,,1557,0,10 23 20,0,30,,1558,0,10 23 20,0,68,,1559,0,10 23 20,0,29,,1560,0,10 23 20,0,70,,1561,0,10 23 20,0,24,,1562,0,10 23 20,0,71,,1563,0,10 23 20,0,98,,1564,0,10 23 20,0
501,'3',633,,1566,0,10 23 20,0,100,,1567,0,10 23 20,0,100,,1568,0,10 23 20,0,107,,1569,0,10 23 20,0,81,,1573,0,10 23 20,0,35,,1580,0,13 36,0,75,,1574,0,10 23 20,0,76,,1581,0,13 36,0,35,,1575,0,10 23 20,0,75,,1582,0,13 36,0,35,,1576,0,10 23 20,0,75,,1583,0,13 36,0,75,,1577,0,10 23 20,0,35,,1584,0,13 36,0,75,,1578,0,10 23 20,0,35,,1585,0,13 36,0,75,,1579,0,10 23 20,0,35,,1586,0,13 36,0,73,,1587,0,10 23 20,0,75,,1588,0,13 36,0,38,,1589,0,10 23 20,0,100,,1590,0,10 23 20,0,100,,1591,0,10 23 20,0,110,,1592,0,10 23 20,0,150,,1570,0,10 23 20,0
501,'30',900,,1594,0,10 23 20,0,47,,1595,0,10 23 20,0,87,,1596,0,10 23 20,0,87,,1597,0,10 23 20,0,87,,1598,0,10 23 20,0,47,,1599,0,10 23 20,0,87,,1600,0,10 23 20,0,87,,1601,0,10 23 20,0,87,,1602,0,10 23 20,0,87,,1603,0,10 23 20,0,47,,1604,0,10 23 20,0,87,,1605,0,10 23 20,0,87,,1606,0,10 23 20,0,100,,1607,0,10 23 20,0,100,,1608,0,10 23 20,0,95,,1609,0,10 23 20,0,95,,1610,0,10 23 20,0,88,,1611,0,10 23 20,0
501,'4',900,,1613,0,10 23 20,0,47,,1614,0,10 23 20,0,87,,1615,0,10 23 20,0,87,,1616,0,10 23 20,0,87,,1617,0,10 23 20,0,47,,1618,0,10 23 20,0,87,,1619,0,10 23 20,0,87,,1620,0,10 23 20,0,87,,1621,0,10 23 20,0,87,,1622,0,10 23 20,0,47,,1623,0,10 23 20,0,87,,1624,0,10 23 20,0,87,,1625,0,10 23 20,0,100,,1626,0,10 23 20,0,100,,1627,0,10 23 20,0,95,,1628,0,10 23 20,0,95,,1629,0,10 23 20,0,88,,1630,0,10 23 20,0
