300,'2',550,,18241,18,4,,0,95,,18242,39,4,,0,68,,18243,39,4,,0,33,,18244,39,4,,0,67,,18245,39,4,,0,30,,18246,39,4,,0,70,,18247,39,4,,0,30,,18248,39,4,,0,70,,18249,39,4,,0,30,,18250,39,4,,0,70,,18251,39,4,,0,30,,18252,39,4,,0,70,,18253,39,4,,0,30,,18254,39,4,,0,70,,18255,39,4,,0,30,,18256,39,4,,0,70,,18257,39,4,,0,30,,18258,39,4,,0,70,,18259,39,4,,0,30,,18260,39,4,,0,70,,18261,39,4,,0,30,,18262,39,4,,0,70,,18263,39,4,,0,30,,18264,39,4,,0,69,,18265,39,4,,0,28,,18267,39,4,,0,70,,18268,39,4,,0,30,,18269,39,4,,0,70,,18270,39,4,,0,30,,18271,39,4,,0,70,,18272,39,4,,0,26,,18273,39,4,,0,70,,18274,39,4,,0,30,,18275,39,4,,0,70,,18276,39,4,,0,19,,18266,39,4,,0
300,'3',659,,18277,39,4,,0,100,,18278,39,4,,0,142,,18279,39,4,,0,102,,18280,39,4,,0,32,,18282,39,4,,0,75,,18283,39,4,,0,35,,18284,39,4,,0,75,,18285,39,4,,0,35,,18286,39,4,,0,75,,18287,39,4,,0,75,,18288,39,4,,0,35,,18289,39,4,,0,75,,18290,39,4,,0,35,,18291,39,4,,0,75,,18292,39,4,,0,75,,18293,39,4,,0,35,,18294,39,4,,0,75,,18295,39,4,,0,100,,18296,39,4,,0,100,,18297,39,4,,0,100,,18298,39,4,,0,100,,18299,39,4,,0,108,,18281,39,4,,0
300,'30',919,,18300,39,4,,0,87,,18301,39,4,,0,47,,18302,39,4,,0,87,,18303,39,4,,0,87,,18304,39,4,,0,87,,18305,39,4,,0,87,,18306,39,4,,0,47,,18307,39,4,,0,87,,18308,39,4,,0,87,,18309,39,4,,0,87,,18310,39,4,,0,47,,18311,39,4,,0,87,,18312,39,4,,0,107,,18313,39,4,,0,100,,18314,39,4,,0,100,,18315,39,4,,0,101,,18316,39,4,,0
300,'4',919,,18317,39,4,,0,87,,18318,39,4,,0,47,,18319,39,4,,0,87,,18320,39,4,,0,87,,18321,39,4,,0,87,,18322,39,4,,0,87,,18323,39,4,,0,47,,18324,39,4,,0,87,,18325,39,4,,0,87,,18326,39,4,,0,87,,18327,39,4,,0,47,,18328,39,4,,0,87,,18329,39,4,,0,107,,18330,39,4,,0,100,,18331,39,4,,0,100,,18332,39,4,,0,101,,18333,39,4,,0
301,'2',550,,18334,1,,,0,95,,18335,1,,,0,68,,18336,1,,,0,33,,18337,1,,,0,67,,18338,1,,,0,30,,18339,1,,,0,70,,18340,1,,,0,30,,18341,1,,,0,70,,18342,1,,,0,30,,18343,1,,,0,70,,18344,1,,,0,30,,18345,1,,,0,70,,18346,1,,,0,30,,18347,1,,,0,70,,18348,1,,,0,30,,18349,1,,,0,70,,18350,1,,,0,30,,18351,1,,,0,70,,18352,1,,,0,30,,18353,1,,,0,70,,18354,1,,,0,30,,18355,1,,,0,70,,18356,1,,,0,30,,18357,1,,,0,69,,18358,1,,,0,28,,18362,1,,,0,70,,18363,1,,,0,30,,18364,1,,,0,70,,18365,1,,,0,30,,18366,1,,,0,70,,18367,1,,,0,26,,18368,1,,,0,70,,18369,1,,,0,30,,18370,1,,,0,70,,18371,1,,,0,19,,18359,1,,,0
301,'3',659,,18372,1,,,0,100,,18373,1,,,0,142,,18374,1,,,0,103,,18375,1,,,0,31,,18379,1,,,0,75,,18380,1,,,0,35,,18381,1,,,0,75,,18382,1,,,0,35,,18383,1,,,0,75,,18384,1,,,0,75,,18385,1,,,0,35,,18386,1,,,0,75,,18387,1,,,0,35,,18388,1,,,0,75,,18389,1,,,0,75,,18390,1,,,0,35,,18391,1,,,0,75,,18392,1,,,0,100,,18393,1,,,0,100,,18394,1,,,0,100,,18395,1,,,0,100,,18396,1,,,0,108,,18376,1,,,0
301,'30',919,,18397,1,,,0,87,,18398,1,,,0,47,,18399,1,,,0,87,,18400,1,,,0,87,,18401,1,,,0,87,,18402,1,,,0,87,,18403,1,,,0,47,,18404,1,,,0,87,,18405,1,,,0,87,,18406,1,,,0,87,,18407,1,,,0,47,,18408,1,,,0,87,,18409,1,,,0,107,,18410,1,,,0,100,,18411,1,,,0,100,,18412,1,,,0,103,,18413,1,,,0
301,'4',919,,18414,1,,,0,87,,18415,1,,,0,47,,18416,1,,,0,87,,18417,1,,,0,87,,18418,1,,,0,87,,18419,1,,,0,87,,18420,1,,,0,47,,18421,1,,,0,87,,18422,1,,,0,87,,18423,1,,,0,87,,18424,1,,,0,47,,18425,1,,,0,87,,18426,1,,,0,107,,18427,1,,,0,100,,18428,1,,,0,100,,18429,1,,,0,103,,18430,1,,,0
601,'2',627,,19135,15,,,0,77,,19137,15,,,0,35,,19138,15,,,0,65,,19139,15,,,0,25,,19140,15,,,0,25,,19141,15,,,0,69,,19143,15,,,0,25,,19144,15,,,0,70,,19145,15,,,0,30,,19146,15,,,0,65,,19147,15,,,0,30,,19148,15,,,0,70,,19149,15,,,0,30,,19150,15,,,0,70,,19151,15,,,0,25,,19152,15,,,0,70,,19153,15,,,0,30,,19154,15,,,0,70,,19155,15,,,0,30,,19156,15,,,0,70,,19157,15,,,0,25,,19158,15,,,0,70,,19159,15,,,0,30,,19160,15,,,0,71,,19161,15,,,0,25,,19162,15,,,0,25,,19163,15,,,0,65,,19164,15,,,0,25,,19165,15,,,0,61,,19166,15,,,0,25,,19167,15,,,0,29,,19168,15,,,0,54,,19174,15,0,37 3 45,0,21,,19169,15,,,0,81,,19170,15,,,0,30,,19171,15,,,0,80,,19172,15,,,0,21,,19175,15,,,0,78,,19173,15,0,37 3 45,0
601,'3',617,,19222,15,,,0,33,,19223,15,,,0,67,,19221,15,,,0,30,,19177,15,,,0,69,,19220,15,,,0,30,,19178,15,,,0,75,,19179,15,,,0,32,,19180,15,,,0,58,,19181,15,,,0,25,,19182,15,,,0,65,,19183,15,,,0,25,,19184,15,,,0,25,,19185,15,,,0,69,,19186,15,,,0,25,,19187,15,,,0,58,,19188,15,,,0,18,,19189,15,,,0,26,,19190,15,,,0,58,,19191,15,,,0,19,,19192,15,,,0,20,,19194,15,,,0,60,,19195,15,,,0,20,,19196,15,,,0,20,,19197,15,,,0,60,,19198,15,,,0,22,,19199,15,,,0,20,,19200,15,,,0,60,,19201,15,,,0,20,,19202,15,,,0,20,,19203,15,,,0,60,,19204,15,,,0,21,,19205,15,,,0,25,,19206,15,,,0,1,,19212,15,0,37 3 45,0,66,,19207,15,,,0,25,,19208,15,,,0,61,,19209,15,,,0,25,,19210,15,,,0,70,,19211,15,,,0,14,,19219,15,0,37 3 45,0,21,,19213,15,,,0,75,,19214,15,,,0,35,,19215,15,,,0,75,,19216,15,,,0,35,,19217,15,,,0,69,,19218,15,0,37 3 45,0
601,'30',915,,19224,15,,,0,33,,19225,15,,,0,75,,19226,15,,,0,35,,19227,15,,,0,78,,19228,15,,,0,78,,19229,15,,,0,25,,19230,15,,,0,65,,19231,15,,,0,25,,19232,15,,,0,25,,19233,15,,,0,65,,19234,15,,,0,25,,19235,15,,,0,65,,19236,15,,,0,25,,19237,15,,,0,25,,19238,15,,,0,65,,19239,15,,,0,25,,19240,15,,,0,70,,19241,15,,,0,25,,19242,15,,,0,13,,19243,15,0,37 3 45,0,64,,19244,15,,,0,32,,19245,15,,,0,75,,19246,15,,,0,75,,19247,15,,,0,35,,19248,15,,,0,75,,19249,15,,,0,35,,19250,15,,,0,74,,19251,15,,,0,35,,19253,15,,,0,73,,19252,15,0,37 3 45,0
601,'4',915,,19254,15,,,0,33,,19255,15,,,0,75,,19256,15,,,0,35,,19257,15,,,0,78,,19258,15,,,0,78,,19259,15,,,0,25,,19260,15,,,0,65,,19261,15,,,0,25,,19262,15,,,0,25,,19263,15,,,0,65,,19264,15,,,0,25,,19265,15,,,0,65,,19266,15,,,0,25,,19267,15,,,0,25,,19268,15,,,0,65,,19269,15,,,0,25,,19270,15,,,0,70,,19271,15,,,0,25,,19272,15,,,0,13,,19273,15,0,37 3 45,0,64,,19274,15,,,0,32,,19275,15,,,0,75,,19276,15,,,0,75,,19277,15,,,0,35,,19278,15,,,0,75,,19279,15,,,0,35,,19280,15,,,0,74,,19281,15,,,0,35,,19283,15,,,0,73,,19282,15,0,37 3 45,0
1300,'2',607,,20581,1,,,0,20,,20582,23,0,10 18 19 20,0,18,,20583,23,,,0,14,,20584,23,0,10 18 19 20,0,55,,20585,23,,,0,10,,20586,23,0,10 18 19 20,0,15,,20587,23,,,0,15,,20588,23,0,10 18 19 20,0,55,,20589,23,,,0,15,,20590,23,0,10 18 19 20,0,15,,20591,23,,,0,15,,20592,23,0,10 18 19 20,0,55,,20593,23,,,0,15,,20594,23,0,10 18 19 20,0,15,,20595,23,,,0,15,,20596,23,0,10 18 19 20,0,50,,20597,23,,,0,15,,20598,23,0,10 18 19 20,0,15,,20599,23,,,0,15,,20600,23,0,10 18 19 20,0,55,,20601,23,,,0,15,,20602,23,0,10 18 19 20,0,15,,20603,23,,,0,15,,20604,23,0,10 18 19 20,0,10,,20605,23,,,0,55,,20606,23,0,10 18 19 20,0,15,,20607,23,,,0,15,,20608,23,0,10 18 19 20,0,15,,20609,23,,,0,55,,20610,23,0,10 18 19 20,0,15,,20611,23,,,0,15,,20612,23,0,10 18 19 20,0,15,,20613,23,,,0,55,,20614,23,0,10 18 19 20,0,15,,20615,23,,,0,15,,20616,23,0,10 18 19 20,0,15,,20617,23,,,0,55,,20618,23,0,10 18 19 20,0,15,,20619,23,,,0,15,,20620,23,0,10 18 19 20,0,15,,20621,23,,,0,55,,20622,23,0,10 18 19 20,0,15,,20623,23,,,0,15,,20624,23,0,10 18 19 20,0,15,,20625,23,,,0,55,,20626,23,0,10 18 19 20,0,15,,20627,23,,,0,15,,20628,23,0,10 18 19 20,0,15,,20629,23,,,0,55,,20630,23,0,10 18 19 20,0,20,,20635,23,,,0,20,,20631,23,0,10 18 19 20,0,60,,20636,23,,,0,20,,20632,23,0,10 18 19 20,0,20,,20637,23,,,0,60,,20633,23,0,10 18 19 20,0,20,,20638,23,,,0,20,,20634,23,,,0,70,,20639,23,0,10 18 19 20,0,25,,20642,23,,,0,65,,20640,23,0,10 18 19 20,0,27,,20643,23,,,0,73,,20641,23,0,10 18 19 20,0,30,,20644,23,,,0,66,,20646,23,0,10 18 19 20,0,47,,20645,23,,,0
1300,'3',629,3,20651,23,0,10 18 19 20,0,75,,20652,23,,,0,35,,20653,23,0,10 18 19 20,0,75,,20654,23,,,0,11,,20658,23,0,10 18 19 20,0,16,,20655,23,,,0,16,,20659,23,0,10 18 19 20,0,56,,20656,23,,,0,16,,20660,23,,,0,16,,20657,23,0,10 18 19 20,0,56,,20661,23,,,0,15,,20662,23,0,10 18 19 20,0,15,,20667,23,,,0,15,,20663,23,0,10 18 19 20,0,55,,20668,23,,,0,15,,20664,23,0,10 18 19 20,0,15,,20669,23,,,0,15,,20665,23,0,10 18 19 20,0,55,,20670,23,,,0,15,,20666,23,,,0,15,,20671,23,0,10 18 19 20,0,15,,20680,23,,,0,55,,20672,23,0,10 18 19 20,0,15,,20681,23,,,0,15,,20673,23,0,10 18 19 20,0,15,,20682,23,,,0,55,,20674,23,0,10 18 19 20,0,15,,20683,23,,,0,15,,20675,23,0,10 18 19 20,0,15,,20684,23,,,0,55,,20676,23,0,10 18 19 20,0,15,,20685,23,,,0,15,,20677,23,0,10 18 19 20,0,15,,20686,23,,,0,55,,20678,23,0,10 18 19 20,0,15,,20687,23,,,0,15,,20679,23,0,10 18 19 20,0,10,,20688,23,,,0,15,,20691,23,0,10 18 19 20,0,55,,20689,23,,,0,15,,20692,23,0,10 18 19 20,0,15,,20690,23,,,0,15,,20693,23,,,0,55,,20694,23,0,10 18 19 20,0,15,,20718,23,,,0,15,,20698,23,,,0,15,,20695,23,0,10 18 19 20,0,60,,20699,23,,,0,15,,20696,23,0,10 18 19 20,0,20,,20700,23,,,0,60,,20697,23,0,10 18 19 20,0,20,,20701,23,,,0,20,,20705,23,,,0,70,,20702,23,0,10 18 19 20,0,25,,20706,23,,,0,65,,20703,23,0,10 18 19 20,0,30,,20707,23,,,0,70,,20704,23,0,10 18 19 20,0,19,,20708,23,,,0,20,,20709,23,0,10 18 19 20,0,70,,20711,23,,,0,39,2,20710,23,0,10 18 19 20,0
1300,'30',659,2,20741,23,,,0,81,,20743,23,0,10 18 19 20,0,75,,20742,23,,,0,35,,20744,23,0,10 18 19 20,0,75,,20729,23,,,0,30,,20740,23,0,10 18 19 20,0,55,,20728,23,,,0,30,,20739,23,0,10 18 19 20,0,70,,20727,23,,,0,30,,20738,23,0,10 18 19 20,0,64,,20726,23,,,0,31,,20737,23,0,10 18 19 20,0,70,,20725,23,,,0,30,,20736,23,0,10 18 19 20,0,70,,20724,23,,,0,30,,20735,23,0,10 18 19 20,0,70,,20723,23,,,0,30,,20734,23,0,10 18 19 20,0,70,,20722,23,,,0,30,,20733,23,0,10 18 19 20,0,70,,20721,23,,,0,30,,20732,23,0,10 18 19 20,0,65,,20720,23,,,0,30,,20731,23,0,10 18 19 20,0,71,,20719,23,,,0,24,,20745,23,0,10 18 19 20,0,20,,20748,23,,,0,70,,20746,23,0,10 18 19 20,0,30,,20749,23,,,0,70,,20747,23,0,10 18 19 20,0,30,,20750,23,0,10 18 19 20,0,71,,20751,23,,,0,43,2,20730,23,0,10 18 19 20,0
1300,'4',659,2,20774,23,,,0,81,,20776,23,0,10 18 19 20,0,75,,20775,23,,,0,35,,20777,23,0,10 18 19 20,0,75,,20762,23,,,0,30,,20773,23,0,10 18 19 20,0,55,,20761,23,,,0,30,,20772,23,0,10 18 19 20,0,70,,20760,23,,,0,30,,20771,23,0,10 18 19 20,0,64,,20759,23,,,0,31,,20770,23,0,10 18 19 20,0,70,,20758,23,,,0,30,,20769,23,0,10 18 19 20,0,70,,20757,23,,,0,30,,20768,23,0,10 18 19 20,0,70,,20756,23,,,0,30,,20767,23,0,10 18 19 20,0,70,,20755,23,,,0,30,,20766,23,0,10 18 19 20,0,70,,20754,23,,,0,30,,20765,23,0,10 18 19 20,0,65,,20753,23,,,0,30,,20764,23,0,10 18 19 20,0,71,,20752,23,,,0,24,,20778,23,0,10 18 19 20,0,20,,20781,23,,,0,70,,20779,23,0,10 18 19 20,0,30,,20782,23,,,0,70,,20780,23,0,10 18 19 20,0,30,,20783,23,0,10 18 19 20,0,71,,20784,23,,,0,43,2,20763,23,0,10 18 19 20,0
1500,'2',627,,20986,35,0,13 28 3 8,0,22,,20987,35,0,13 28 3 8,0,61,,20991,35,0,10 29,0,15,,20988,35,0,13 28 3 8,0,16,,20992,35,0,10 29,0,11,,20989,35,0,13 28 3 8,0,56,,20993,35,0,10 29,0,16,,20990,35,0,13 28 3 8,0,16,,20994,35,0,10 29,0,16,,20995,35,0,13 28 3 8,0,55,,21012,35,0,10 29,0,15,,20996,35,0,13 28 3 8,0,15,,21013,35,0,10 29,0,15,,20997,35,0,13 28 3 8,0,55,,21014,35,0,10 29,0,15,,20998,35,0,13 28 3 8,0,15,,21015,35,0,10 29,0,15,,20999,35,0,13 28 3 8,0,55,,21016,35,0,10 29,0,15,,21000,35,0,13 28 3 8,0,15,,21017,35,0,10 29,0,15,,21001,35,0,13 28 3 8,0,55,,21018,35,0,10 29,0,15,,21002,35,0,13 28 3 8,0,15,,21019,35,0,10 29,0,15,,21003,35,0,13 28 3 8,0,55,,21020,35,0,10 29,0,15,,21004,35,0,13 28 3 8,0,15,,21021,35,0,10 29,0,15,,21005,35,0,13 28 3 8,0,54,,21022,35,0,10 29,0,15,,21006,35,0,13 28 3 8,0,15,,21023,35,0,10 29,0,15,,21007,35,0,13 28 3 8,0,50,,21024,35,0,10 29,0,15,,21008,35,0,13 28 3 8,0,15,,21025,35,0,10 29,0,14,,21009,35,0,13 28 3 8,0,58,,21026,35,0,10 29,0,15,,21010,35,0,13 28 3 8,0,17,,21027,35,0,10 29,0,17,,21011,35,0,13 28 3 8,0,57,,21028,35,0,10 29,0,15,,21029,35,0,13 28 3 8,0,17,,21030,35,0,10 29,0,56,,21031,35,0,13 28 3 8,0,19,,21033,35,0,10 29,0,14,,21034,35,0,13 28 3 8,0,66,,21035,35,0,10 29,0,20,,21036,35,0,13 28 3 8,0,20,,21037,35,0,10 29,0,65,,21038,35,0,13 28 3 8,0,30,,21039,35,0,10 29,0,70,,21040,35,0,13 28 3 8,0,26,,21041,35,0,10 29,0,70,,21042,35,0,13 28 3 8,0,30,,21043,35,0,10 29,0,70,,21044,35,0,13 28 3 8,0,30,,21045,35,0,10 29,0,70,,21046,35,0,13 28 3 8,0,28,,21047,35,0,10 29,0,30,,21032,35,0,13 28 3 8,0
1500,'3',627,,21053,35,0,10 29,0,27,,21054,35,0,13 28 3 8,0,70,,21055,35,0,10 29,0,30,,21056,35,0,13 28 3 8,0,65,,21058,35,0,10 29,0,30,,21057,35,0,13 28 3 8,0,70,,21059,35,0,10 29,0,30,,21060,35,0,13 28 3 8,0,70,,21061,35,0,10 29,0,20,,21073,35,0,13 28 3 8,0,15,,21062,35,0,10 29,0,60,,21074,35,0,13 28 3 8,0,20,,21063,35,0,10 29,0,20,,21075,35,0,13 28 3 8,0,60,,21064,35,0,10 29,0,20,,21076,35,0,13 28 3 8,0,20,,21065,35,0,10 29,0,60,,21077,35,0,13 28 3 8,0,20,,21066,35,0,10 29,0,20,,21078,35,0,13 28 3 8,0,60,,21067,35,0,10 29,0,20,,21079,35,0,13 28 3 8,0,20,,21068,35,0,10 29,0,60,,21080,35,0,13 28 3 8,0,20,,21069,35,0,10 29,0,20,,21081,35,0,13 28 3 8,0,60,,21070,35,0,10 29,0,20,,21082,35,0,13 28 3 8,0,20,,21071,35,0,10 29,0,60,,21083,35,0,13 28 3 8,0,18,,21072,35,0,13 28 3 8,0,22,,21084,35,0,10 29,0,70,,21090,35,0,13 28 3 8,0,30,,21085,35,0,10 29,0,70,,21091,35,0,13 28 3 8,0,30,,21086,35,0,10 29,0,70,,21092,35,0,13 28 3 8,0,30,,21087,35,0,10 29,0,65,,21093,35,0,13 28 3 8,0,30,,21088,35,0,10 29,0,65,,21094,35,0,13 28 3 8,0,25,,21089,35,0,10 29,0,70,,21095,35,0,13 28 3 8,0,26,,21097,35,0,10 29,0,70,,21101,35,0,10 29,0,52,,21096,35,0,10 29,0
1500,'30',629,,21139,35,0,10 29,0,28,,21102,35,0,13 28 3 8,0,65,,21138,35,0,10 29,0,27,,21137,35,0,13 28 3 8,0,65,,21103,35,0,10 29,0,34,,21104,35,0,13 28 3 8,0,68,,21105,35,0,10 29,0,22,,21106,35,0,13 28 3 8,0,62,,21107,35,0,10 29,0,30,,21108,35,0,13 28 3 8,0,70,,21109,35,0,10 29,0,25,,21110,35,0,13 28 3 8,0,27,,21111,35,0,10 29,0,70,,21112,35,0,13 28 3 8,0,30,,21113,35,0,10 29,0,70,,21114,35,0,13 28 3 8,0,30,,21115,35,0,10 29,0,70,,21116,35,0,13 28 3 8,0,30,,21117,35,0,10 29,0,70,,21118,35,0,13 28 3 8,0,30,,21119,35,0,10 29,0,70,,21120,35,0,13 28 3 8,0,30,,21121,35,0,10 29,0,70,,21122,35,0,13 28 3 8,0,30,,21123,35,0,10 29,0,70,,21124,35,0,13 28 3 8,0,25,,21125,35,0,10 29,0,70,,21126,35,0,13 28 3 8,0,25,,21127,35,0,10 29,0,70,,21128,35,0,13 28 3 8,0,30,,21129,35,0,10 29,0,65,,21130,35,0,13 28 3 8,0,30,,21131,35,0,10 29,0,67,,21132,35,0,13 28 3 8,0,29,,21133,35,0,10 29,0,24,,21134,35,0,13 28 3 8,0
1500,'4',629,,21177,35,0,10 29,0,28,,21140,35,0,13 28 3 8,0,65,,21176,35,0,10 29,0,27,,21175,35,0,13 28 3 8,0,65,,21141,35,0,10 29,0,34,,21142,35,0,13 28 3 8,0,68,,21143,35,0,10 29,0,22,,21144,35,0,13 28 3 8,0,62,,21145,35,0,10 29,0,30,,21146,35,0,13 28 3 8,0,70,,21147,35,0,10 29,0,25,,21148,35,0,13 28 3 8,0,27,,21149,35,0,10 29,0,70,,21150,35,0,13 28 3 8,0,30,,21151,35,0,10 29,0,70,,21152,35,0,13 28 3 8,0,30,,21153,35,0,10 29,0,70,,21154,35,0,13 28 3 8,0,30,,21155,35,0,10 29,0,70,,21156,35,0,13 28 3 8,0,30,,21157,35,0,10 29,0,70,,21158,35,0,13 28 3 8,0,30,,21159,35,0,10 29,0,70,,21160,35,0,13 28 3 8,0,30,,21161,35,0,10 29,0,70,,21162,35,0,13 28 3 8,0,25,,21163,35,0,10 29,0,70,,21164,35,0,13 28 3 8,0,25,,21165,35,0,10 29,0,70,,21166,35,0,13 28 3 8,0,30,,21167,35,0,10 29,0,65,,21168,35,0,13 28 3 8,0,30,,21169,35,0,10 29,0,67,,21170,35,0,13 28 3 8,0,29,,21171,35,0,10 29,0,24,,21172,35,0,13 28 3 8,0
9000,'2',643,,24336,6,,,0,73,,24337,6,,,0,15,,24343,6,,,0,18,,24344,6,,,0,55,,24338,6,,,0,15,,24339,6,,,0,15,,24345,6,,,0,15,,24340,6,,,0,55,,24346,6,,,0,12,,24341,6,,,0,15,,24347,6,,,0,12,,24342,6,,,0,15,,24348,6,,,0,55,,24334,6,,,0,15,,24349,6,,,0,15,,24333,6,,,0,15,,24350,6,,,0,55,,24332,6,,,0,15,,24351,6,,,0,15,,24331,6,,,0,15,,24330,6,,,0,55,,24329,6,,,0,15,,24352,6,,,0,16,,24328,6,,,0,15,,24327,6,,,0,55,,24326,6,,,0,15,,24353,6,,,0,15,,24325,6,,,0,15,,24324,6,,,0,56,,24323,6,,,0,15,,24354,6,,,0,19,,24322,6,,,0,55,,24321,6,,,0,15,,24320,6,,,0,15,,24355,6,,,0,15,,24319,6,,,0,55,,24318,6,,,0,18,,24317,6,,,0,15,,24356,6,,,0,15,,24360,6,,,0,55,,24316,6,,,0,15,,24315,6,,,0,15,,24314,6,,,0,15,,24313,6,,,0,55,,24357,6,,,0,12,,24312,6,4,,0,25,,24359,6,,,0,70,,24335,6,,,0,30,,24358,6,,,0,70,,24361,6,,,0,30,,24362,6,,,0,68,,24363,6,4,,0,35,,24364,6,4,,0
9000,'3',828,,24383,6,,,0,30,,24384,6,,,0,70,,24385,6,,,0,30,,24386,6,,,0,70,,24387,6,,,0,25,,24382,6,,,0,65,,24381,6,,,0,25,,24380,6,,,0,65,,24379,6,,,0,25,,24378,6,,,0,25,,24377,6,,,0,65,,24376,6,,,0,25,,24375,6,,,0,65,,24374,6,,,0,25,,24373,6,,,0,65,,24372,6,,,0,25,,24371,6,,,0,25,,24370,6,,,0,65,,24369,6,,,0,25,,24368,6,,,0,65,,24367,6,,,0,25,,24366,6,,,0,25,,24365,6,,,0
9000,'4',1008,,24389,6,,,0,20,,24390,6,,,0,20,,24391,6,,,0,60,,24392,6,,,0,20,,24393,6,,,0,20,,24394,6,,,0,60,,24395,6,,,0,21,,24396,6,,,0,16,,24397,6,,,0,56,,24398,6,,,0,16,,24399,6,,,0,16,,24400,6,,,0,16,,24401,6,,,0,56,,24402,6,,,0,16,,24403,6,,,0,16,,24404,6,,,0,16,,24405,6,,,0,56,,24406,6,,,0,16,,24407,6,,,0,16,,24408,6,,,0,16,,24409,6,,,0,56,,24410,6,,,0,16,,24411,6,,,0,16,,24412,6,,,0,61,,24413,6,,,0,17,,24414,6,,,0,20,,24415,6,,,0,70,,24416,6,,,0,25,,24417,6,,,0,65,,24418,6,,,0,10,,24388,6,,,0,30,,24419,6,4,,0
