'2',1200,65100,4,'',0,7000,4,'',0,3000,4,'',0,7000,4,'',0,3000,4,'',0,7000,4,'',0,2800,4,'',0,7000,4,'',0,3000,4,'',0,7000,4,'',0,3000,4,'',0,7000,4,'',0,3200,4,'',0,7000,4,'',0,3000,4,'',0,7000,4,'',0,3200,4,'',0,6500,4,'',0,1600,4,'',0,2500,4,'',0,6500,4,'',0,2700,4,'',0,6700,4,'',0,2500,4,'',0,6400,4,'',0,2100,4,'',0,2500,4,'',0,6800,4,'',0,3000,4,'',0,7000,4,'',0,3000,4,'',0,6600,4,'',0,3000,4,'',0,7000,4,'',0,3000,4,'',0,7000,4,'',0,3000,4,'',0,6900,4,'',0
'2',1201,60500,,'',0,2300,,'',0,3100,,'',0,6500,,'',0,3000,,'',0,7000,,'',0,3000,,'',0,7200,,'',0,3000,,'',0,7000,,'',0,3000,,'',0,7000,,'',0,3000,,'',0,7000,,'',0,3000,,'',0,7000,,'',0,3000,,'',0,6400,,'',0,1700,,'',0,6500,,'',0,2500,,'',0,2500,,'',0,6500,,'',0,2500,,'',0,6500,,'',0,2500,,'',0,2500,,'',0,5100,0,'Commissioners & Wharncliffe',0,2000,,'',0,3000,,'',0,7000,,'',0,3000,,'',0,7000,,'',0,3000,,'',0,7000,,'',0,3000,,'',0,7400,,'',0,7000,,'',0,2900,,'',0,1600,0,'Commissioners & Wharncliffe',0,6900,0,'Commissioners & Wharncliffe',0
'3',1200,65000,4,'',0,7000,4,'',0,3000,4,'',0,7000,4,'',0,3000,4,'',0,7000,4,'',0,2500,4,'',0,6500,4,'',0,3200,4,'',0,7000,4,'',0,3000,4,'',0,7000,4,'',0,3100,4,'',0,7500,4,'',0,3500,4,'',0,7300,4,'',0,7500,4,'',0,3500,4,'',0,7500,4,'',0,3500,4,'',0,7500,4,'',0,3500,4,'',0,6400,4,'',0,3300,4,'',0,6700,4,'',0,3300,4,'',0,6700,4,'',0,3300,4,'',0,6600,4,'',0,3400,4,'',0,6600,4,'',0,3400,4,'',0,6600,4,'',0,3300,4,'',0,6700,4,'',0
'3',1201,60400,,'',0,2400,,'',0,7600,,'',0,2600,,'',0,7000,,'',0,3000,,'',0,2400,,'',0,6600,,'',0,2900,,'',0,7000,,'',0,3000,,'',0,7000,,'',0,2800,,'',0,7500,,'',0,3500,,'',0,7600,,'',0,7500,,'',0,3500,,'',0,7500,,'',0,3500,,'',0,7500,,'',0,8000,,'',0,2500,,'',0,7300,,'',0,2700,,'',0,7300,,'',0,2700,,'',0,7300,,'',0,2700,,'',0,7500,,'',0,2700,,'',0,7300,,'',0,2700,,'',0,7300,,'',0,2700,,'',0,6500,,'',0
'30',1200,82900,4,'',0,2200,4,'',0,7000,4,'',0,3000,4,'',0,6300,4,'',0,3000,4,'',0,7000,4,'',0,3000,4,'',0,6400,4,'',0,3000,4,'',0,6500,4,'',0,2400,4,'',0,3100,4,'',0,6400,4,'',0,3000,4,'',0,7000,4,'',0,3000,4,'',0,7000,4,'',0,3000,4,'',0,7000,4,'',0,3000,4,'',0,6900,4,'',0,3000,4,'',0,7000,4,'',0,3000,4,'',0,7000,4,'',0,3000,4,'',0,7000,4,'',0,3000,4,'',0
'30',1201,80300,,'',0,3000,,'',0,7000,,'',0,2300,,'',0,3000,,'',0,7000,,'',0,3000,,'',0,6400,,'',0,3000,,'',0,6400,,'',0,2400,,'',0,7100,,'',0,2400,,'',0,7000,,'',0,3000,,'',0,7000,,'',0,3000,,'',0,7000,,'',0,3000,,'',0,7000,,'',0,3000,,'',0,7100,,'',0,3000,,'',0,7000,,'',0,3000,,'',0,7000,,'',0,3000,,'',0,7000,,'',0,3000,,'',0,1700,0,'Commissioners & Wharncliffe',0
'4',1200,82900,4,'',0,2200,4,'',0,7000,4,'',0,3000,4,'',0,6300,4,'',0,3000,4,'',0,7000,4,'',0,3000,4,'',0,6400,4,'',0,3000,4,'',0,6500,4,'',0,2400,4,'',0,3100,4,'',0,6400,4,'',0,3000,4,'',0,7000,4,'',0,3000,4,'',0,7000,4,'',0,3000,4,'',0,7000,4,'',0,3000,4,'',0,6900,4,'',0,3000,4,'',0,7000,4,'',0,3000,4,'',0,7000,4,'',0,3000,4,'',0,7000,4,'',0,3000,4,'',0
'4',1201,80300,,'',0,3000,,'',0,7000,,'',0,2300,,'',0,3000,,'',0,7000,,'',0,3000,,'',0,6400,,'',0,3000,,'',0,6400,,'',0,2400,,'',0,7100,,'',0,2400,,'',0,7000,,'',0,3000,,'',0,7000,,'',0,3000,,'',0,7000,,'',0,3000,,'',0,7000,,'',0,3000,,'',0,7100,,'',0,3000,,'',0,7000,,'',0,3000,,'',0,7000,,'',0,3000,,'',0,7000,,'',0,3000,,'',0,1700,0,'Commissioners & Wharncliffe',0
'5',1200,82900,4,'',0,2200,4,'',0,7000,4,'',0,3000,4,'',0,6300,4,'',0,3000,4,'',0,7000,4,'',0,3000,4,'',0,6400,4,'',0,3000,4,'',0,6500,4,'',0,2400,4,'',0,3100,4,'',0,6400,4,'',0,3000,4,'',0,7000,4,'',0,3000,4,'',0,7000,4,'',0,3000,4,'',0,7000,4,'',0,3000,4,'',0,6900,4,'',0,3000,4,'',0,7000,4,'',0,3000,4,'',0,7000,4,'',0,3000,4,'',0,7000,4,'',0,3000,4,'',0
'5',1201,80300,,'',0,3000,,'',0,7000,,'',0,2300,,'',0,3000,,'',0,7000,,'',0,3000,,'',0,6400,,'',0,3000,,'',0,6400,,'',0,2400,,'',0,7100,,'',0,2400,,'',0,7000,,'',0,3000,,'',0,7000,,'',0,3000,,'',0,7000,,'',0,3000,,'',0,7000,,'',0,3000,,'',0,7100,,'',0,3000,,'',0,7000,,'',0,3000,,'',0,7000,,'',0,3000,,'',0,7000,,'',0,3000,,'',0,1700,0,'Commissioners & Wharncliffe',0
'6',1200,82900,4,'',0,9200,4,'',0,9300,4,'',0,10000,4,'',0,9400,4,'',0,9500,4,'',0,5500,4,'',0,9400,4,'',0,10000,4,'',0,10000,4,'',0,10000,4,'',0,9900,4,'',0,10000,4,'',0,10000,4,'',0,10000,4,'',0
'6',1201,83300,,'',0,9300,,'',0,10000,,'',0,9400,,'',0,9400,,'',0,9500,,'',0,9400,,'',0,10000,,'',0,10000,,'',0,10000,,'',0,10100,,'',0,10000,,'',0,10000,,'',0,10000,,'',0,4700,0,'Commissioners & Wharncliffe',0
'8',1200,65100,4,'',0,7000,4,'',0,3000,4,'',0,7000,4,'',0,3000,4,'',0,7000,4,'',0,2800,4,'',0,7000,4,'',0,3000,4,'',0,7000,4,'',0,3000,4,'',0,7000,4,'',0,3200,4,'',0,7000,4,'',0,3000,4,'',0,7000,4,'',0,3200,4,'',0,6500,4,'',0,1600,4,'',0,2500,4,'',0,6500,4,'',0,2700,4,'',0,6700,4,'',0,2500,4,'',0,6400,4,'',0,2100,4,'',0,2500,4,'',0,6800,4,'',0,3000,4,'',0,7000,4,'',0,3000,4,'',0,6600,4,'',0,3000,4,'',0,7000,4,'',0,3000,4,'',0,7000,4,'',0,3000,4,'',0,6900,4,'',0,3000,4,'',0,7300,4,'',0
'8',1201,60500,,'',0,2300,,'',0,3100,,'',0,6500,,'',0,3000,,'',0,7000,,'',0,3000,,'',0,7200,,'',0,3000,,'',0,7000,,'',0,3000,,'',0,7000,,'',0,3000,,'',0,7000,,'',0,3000,,'',0,7000,,'',0,3000,,'',0,6400,,'',0,1700,,'',0,6500,,'',0,2500,,'',0,2500,,'',0,6500,,'',0,2500,,'',0,6500,,'',0,2500,,'',0,2500,,'',0,5100,0,'Commissioners & Wharncliffe',0,2000,,'',0,3000,,'',0,7000,,'',0,3000,,'',0,7000,,'',0,3000,,'',0,7000,,'',0,3000,,'',0,7400,,'',0,7000,,'',0,2900,,'',0,7000,,'',0,3300,,'',0,1200,0,'Commissioners & Wharncliffe',0,7300,0,'Commissioners & Wharncliffe',0
