400,'2',601,,9850,7,4,,0,48,,9875,55,4,,0,97,,9873,55,4,,0,70,,9871,55,4,,0,30,,9869,55,4,,0,69,,9867,55,4,,0,40,,9865,55,4,,0,80,,9863,55,4,,0,80,,9861,55,4,,0,40,,9859,55,4,,0,81,,9857,55,4,,0,80,,9855,55,4,,0,40,,9853,55,4,,0,74,,9877,55,4,,0,25,,9886,55,4,,0,70,,9887,55,4,,0,30,,9888,55,4,,0,71,,9889,55,4,,0,30,,9890,55,4,,0,65,,9891,55,4,,0,25,,9892,55,4,,0,64,,9893,55,4,,0,38,,9895,55,4,,0,75,,9896,55,4,,0,80,,9897,55,4,,0,40,,9898,55,4,,0,71,,9903,55,4,,0,94,,9904,55,4,,0,100,,9905,55,4,,0,109,,9909,55,4,,0,101,,9910,55,4,,0
400,'3',634,,9912,55,4,,0,85,,9914,55,4,,0,102,,9915,55,4,,0,100,,9916,55,4,,0,99,,9917,55,4,,0,100,,9918,55,4,,0,100,,9919,55,4,,0,96,,9920,55,4,,0,43,,9932,55,4,,0,91,,9933,55,4,,0,90,,9934,55,4,,0,90,,9935,55,4,,0,90,,9936,55,4,,0,90,,9939,55,4,,0,49,,9940,55,4,,0,90,,9941,55,4,,0,90,,9942,55,4,,0,85,,9948,55,4,,0,105,,9949,55,4,,0,100,,9950,55,4,,0,96,,9937,55,4,,0
400,'30',718,,9984,55,4,,0,120,,9986,55,4,,0,120,,9957,55,4,,0,95,,9959,55,4,,0,100,,9961,55,4,,0,98,,9963,55,4,,0,100,,9965,55,4,,0,100,,9967,55,4,,0,100,,9969,55,4,,0,100,,9971,55,4,,0,100,,9973,55,4,,0,102,,9975,55,4,,0,100,,9977,55,4,,0,100,,9979,55,4,,0,100,,9981,55,4,,0,95,,9983,55,4,,0
400,'4',718,,10017,55,4,,0,120,,10019,55,4,,0,120,,9990,55,4,,0,95,,9992,55,4,,0,100,,9994,55,4,,0,98,,9996,55,4,,0,100,,9998,55,4,,0,100,,10000,55,4,,0,100,,10002,55,4,,0,100,,10004,55,4,,0,100,,10006,55,4,,0,102,,10008,55,4,,0,100,,10010,55,4,,0,100,,10012,55,4,,0,100,,10014,55,4,,0,95,,10016,55,4,,0
401,'2',601,,10045,1,0,13 40 41,0,53,,10043,1,0,13 40 41,0,97,,10039,1,0,13 40 41,0,70,,10037,1,0,13 40 41,0,31,,10035,1,0,13 40 41,0,71,,10033,1,0,13 40 41,0,80,,10031,1,0,13 40 41,0,40,,10029,1,0,13 40 41,0,81,,10027,1,0,13 40 41,0,79,,10025,1,0,13 40 41,0,40,,10023,1,0,13 40 41,0,79,,10021,1,0,13 40 41,0,35,,10050,1,0,13 40 41,0,74,,10051,1,0,13 40 41,0,70,,10052,1,0,13 40 41,0,30,,10053,1,0,13 40 41,0,70,,10054,1,0,13 40 41,0,30,,10055,1,0,13 40 41,0,70,,10056,1,0,13 40 41,0,25,,10057,1,0,13 40 41,0,20,,10084,1,0,47 3 48,0,65,,10072,1,0,13 40 41,0,40,,10073,1,0,13 40 41,0,80,,10074,1,0,13 40 41,0,80,,10075,1,0,13 40 41,0,32,,10086,1,0,47 3 48,0,72,,10076,1,0,13 40 41,0,100,,10077,1,0,13 40 41,0,102,,10078,1,0,13 40 41,0,117,,10082,1,0,13 40 41,0,84,,10083,1,0,47 3 48,0
401,'3',636,,10089,1,0,13 40 41,0,90,,10090,1,0,13 40 41,0,99,,10091,1,0,13 40 41,0,100,,10092,1,0,13 40 41,0,99,,10093,1,0,13 40 41,0,100,,10094,1,0,13 40 41,0,100,,10095,1,0,13 40 41,0,93,,10108,1,0,13 40 41,0,90,,10109,1,0,13 40 41,0,50,,10110,1,0,13 40 41,0,90,,10111,1,0,13 40 41,0,90,,10112,1,0,13 40 41,0,90,,10120,1,0,13 40 41,0,90,,10121,1,0,13 40 41,0,90,,10122,1,0,13 40 41,0,50,,10123,1,0,13 40 41,0,91,,10124,1,0,13 40 41,0,87,,10129,1,0,13 40 41,0,100,,10130,1,0,13 40 41,0,101,,10131,1,0,13 40 41,0,97,,10114,1,0,13 40 41,0
401,'30',723,,10163,1,0,13 40 41,0,128,,10133,1,0,13 40 41,0,155,,10135,1,0,13 40 41,0,94,,10137,1,0,13 40 41,0,56,,10139,1,0,13 40 41,0,101,,10141,1,0,13 40 41,0,100,,10143,1,0,13 40 41,0,100,,10145,1,0,13 40 41,0,100,,10147,1,0,13 40 41,0,100,,10149,1,0,13 40 41,0,100,,10151,1,0,13 40 41,0,100,,10153,1,0,13 40 41,0,100,,10155,1,0,13 40 41,0,102,,10157,1,0,13 40 41,0,99,,10159,1,0,13 40 41,0,90,,10161,1,0,47 3 48,0
401,'4',723,,10196,1,0,13 40 41,0,128,,10166,1,0,13 40 41,0,155,,10168,1,0,13 40 41,0,94,,10170,1,0,13 40 41,0,56,,10172,1,0,13 40 41,0,101,,10174,1,0,13 40 41,0,100,,10176,1,0,13 40 41,0,100,,10178,1,0,13 40 41,0,100,,10180,1,0,13 40 41,0,100,,10182,1,0,13 40 41,0,100,,10184,1,0,13 40 41,0,100,,10186,1,0,13 40 41,0,100,,10188,1,0,13 40 41,0,102,,10190,1,0,13 40 41,0,99,,10192,1,0,13 40 41,0,90,,10194,1,0,47 3 48,0
9300,'2',600,,16152,1,,,0,45,,16153,1,,,0,65,,16154,1,,,0,30,,16176,1,,,0,87,,16155,1,,,0,80,,16156,1,,,0,28,,16157,1,,,0,75,,16158,1,,,0,35,,16159,1,,,0,65,,16160,1,,,0,30,,16161,1,,,0,70,,16162,1,,,0,28,,16163,1,,,0,72,,16164,1,,,0,30,,16165,1,,,0,70,,16166,1,,,0,13,,16168,1,,,0,10,,16167,1,,,0,77,,16169,1,,,0,29,,16170,1,,,0,61,,16171,1,,,0,30,,16172,1,,,0,73,,16173,1,,,0,23,,16174,1,,,0,24,,16178,1,,,0,80,,16179,1,,,0,25,,16182,1,,,0,70,,16175,1,,,0,76,,16180,1,,,0,26,,16183,1,,,0,27,,16177,1,,,0,79,,16185,1,,,0,98,,16181,1,,,0,69,,16186,1,,,0,55,,16184,1,,,0,60,,16187,1,0,56 4 57,0
9300,'3',800,,16188,1,,,0,25,,16189,1,,,0,25,,16190,1,,,0,65,,16191,1,,,0,25,,16192,1,,,0,18,,16193,1,,,0,70,,16194,1,,,0,30,,16195,1,,,0,70,,16196,1,,,0,30,,16197,1,,,0,70,,16198,1,,,0,79,,16199,1,,,0,30,,16200,1,,,0,70,,16201,1,,,0,40,,16202,1,,,0,70,,16203,1,,,0,30,,16204,1,,,0,75,,16205,1,,,0,35,,16206,1,,,0,70,,16207,1,,,0,28,,16208,1,,,0,65,,16209,1,,,0,25,,16210,1,,,0,62,,16211,1,,,0,25,,16212,1,,,0,25,,16213,1,,,0,65,,16214,1,,,0,25,,16215,1,,,0,65,,16216,1,,,0,25,,16217,1,,,0,16,,16221,1,0,56 4 57,0,65,,16218,1,,,0,25,,16219,1,,,0,65,,16220,1,,,0,35,,16222,1,0,56 4 57,0
9300,'30',801,,16248,1,,,0,25,,16223,1,,,0,75,,16224,1,,,0,35,,16225,1,,,0,75,,16226,1,,,0,35,,16227,1,,,0,75,,16228,1,,,0,34,,16229,1,,,0,77,,16230,1,,,0,77,,16231,1,,,0,37,,16232,1,,,0,77,,16233,1,,,0,77,,16234,1,,,0,37,,16235,1,,,0,77,,16236,1,,,0,36,,16237,1,,,0,77,,16238,1,,,0,77,,16239,1,,,0,37,,16240,1,,,0,77,,16241,1,,,0,37,,16242,1,,,0,77,,16243,1,,,0,77,,16244,1,,,0,39,,16245,1,,,0,73,,16246,1,,,0,32,,16247,1,0,56 4 57,0
9300,'4',801,,16274,1,,,0,25,,16249,1,,,0,75,,16250,1,,,0,35,,16251,1,,,0,75,,16252,1,,,0,35,,16253,1,,,0,75,,16254,1,,,0,34,,16255,1,,,0,77,,16256,1,,,0,77,,16257,1,,,0,37,,16258,1,,,0,77,,16259,1,,,0,77,,16260,1,,,0,37,,16261,1,,,0,77,,16262,1,,,0,36,,16263,1,,,0,77,,16264,1,,,0,77,,16265,1,,,0,37,,16266,1,,,0,77,,16267,1,,,0,37,,16268,1,,,0,77,,16269,1,,,0,77,,16270,1,,,0,39,,16271,1,,,0,73,,16272,1,,,0,32,,16273,1,0,56 4 57,0
9301,'2',600,,16275,6,4,,0,45,,16276,6,4,,0,59,,16277,32,4,,0,29,,16301,32,4,,0,88,,16278,32,4,,0,37,,16279,32,4,,0,70,,16300,32,4,,0,77,,16280,32,4,,0,28,,16281,32,4,,0,25,,16282,32,4,,0,70,,16283,32,4,,0,73,,16284,32,4,,0,27,,16285,32,4,,0,30,,16286,32,4,,0,70,,16287,32,4,,0,30,,16288,32,4,,0,65,,16290,32,4,,0,5,,16289,32,4,,0,72,,16291,32,4,,0,34,,16292,32,4,,0,17,,16293,32,4,,0,74,,16294,32,4,,0,24,,16295,32,4,,0,67,,16296,32,4,,0,32,,16297,32,4,,0,72,,16303,32,4,,0,24,,16298,32,4,,0,76,,16299,32,4,,0,31,,16306,32,4,,0,70,,16307,32,4,,0,22,,16302,32,4,,0,80,,16304,32,4,,0,97,,16305,32,4,,0,25,,16309,32,4,,0,100,,16308,32,4,,0,70,,16310,32,4,,0
9301,'3',840,,16311,32,4,,0,65,,16312,32,4,,0,25,,16313,32,4,,0,25,,16314,32,4,,0,65,,16315,32,4,,0,33,,16316,32,4,,0,70,,16317,32,4,,0,30,,16318,32,4,,0,70,,16319,32,4,,0,79,,16320,32,4,,0,30,,16321,32,4,,0,70,,16322,32,4,,0,40,,16323,32,4,,0,70,,16324,32,4,,0,30,,16325,32,4,,0,80,,16326,32,4,,0,30,,16327,32,4,,0,70,,16328,32,4,,0,31,,16329,32,4,,0,65,,16330,32,4,,0,25,,16331,32,4,,0,62,,16332,32,4,,0,25,,16333,32,4,,0,25,,16334,32,4,,0,65,,16335,32,4,,0,25,,16336,32,4,,0,65,,16337,32,4,,0,25,,16338,32,4,,0,16,,16339,32,4,,0,65,,16340,32,4,,0,25,,16341,32,4,,0,65,,16342,32,4,,0,35,,16343,32,4,,0,65,,16344,32,4,,0,25,,16345,32,4,,0
9301,'30',826,,16370,6,4,,0,32,,16346,32,4,,0,71,,16347,32,4,,0,75,,16348,32,4,,0,35,,16349,32,4,,0,75,,16350,32,4,,0,35,,16351,32,4,,0,77,,16352,32,4,,0,77,,16353,32,4,,0,37,,16354,32,4,,0,77,,16355,32,4,,0,37,,16356,32,4,,0,77,,16357,32,4,,0,77,,16358,32,4,,0,37,,16359,32,4,,0,76,,16360,32,4,,0,37,,16361,32,4,,0,77,,16362,32,4,,0,77,,16363,32,4,,0,37,,16364,32,4,,0,77,,16365,32,4,,0,77,,16366,32,4,,0,37,,16367,32,4,,0,76,,16368,32,4,,0,37,,16369,32,4,,0
9301,'4',826,,16395,6,4,,0,32,,16371,32,4,,0,71,,16372,32,4,,0,75,,16373,32,4,,0,35,,16374,32,4,,0,75,,16375,32,4,,0,35,,16376,32,4,,0,77,,16377,32,4,,0,77,,16378,32,4,,0,37,,16379,32,4,,0,77,,16380,32,4,,0,37,,16381,32,4,,0,77,,16382,32,4,,0,77,,16383,32,4,,0,37,,16384,32,4,,0,76,,16385,32,4,,0,37,,16386,32,4,,0,77,,16387,32,4,,0,77,,16388,32,4,,0,37,,16389,32,4,,0,77,,16390,32,4,,0,77,,16391,32,4,,0,37,,16392,32,4,,0,76,,16393,32,4,,0,37,,16394,32,4,,0
