901,'2',607,,2403,15,,,0,20,,2404,15,,,0,17,,2405,15,,,0,13,,2406,15,,,0,56,,2407,15,,,0,15,,2408,15,,,0,14,,2409,15,,,0,16,,2410,15,,,0,55,,2411,15,,,0,17,,2412,15,,,0,16,,2413,15,,,0,55,,2414,15,,,0,15,,2415,15,,,0,15,,2416,15,,,0,15,,2417,15,,,0,55,,2418,15,,,0,15,,2419,15,,,0,15,,2420,15,,,0,15,,2421,15,,,0,55,,2422,15,,,0,15,,2423,15,,,0,15,,2424,15,,,0,15,,2425,15,,,0,55,,2426,15,,,0,15,,2427,15,,,0,15,,2428,15,,,0,15,,2429,15,,,0,55,,2430,15,,,0,15,,2431,15,,,0,15,,2432,15,,,0,13,,2433,15,,,0,14,,2434,15,,,0,55,,2435,15,,,0,15,,2436,15,,,0,15,,2437,15,,,0,15,,2438,15,,,0,55,,2439,15,,,0,15,,2440,15,,,0,15,,2441,15,,,0,15,,2442,15,,,0,55,,2443,15,,,0,15,,2444,15,,,0,15,,2445,15,,,0,15,,2446,15,,,0,55,,2447,15,,,0,15,,2448,15,,,0,17,,2449,15,,,0,65,,2450,15,,,0,15,,2451,15,,,0,14,,2452,15,,,0,62,,2453,15,,,0,22,,2454,15,,,0,22,,2455,15,,,0,62,,2456,15,,,0,22,,2457,15,,,0,26,,2458,15,,,0,70,,2459,15,,,0,32,,2460,15,,,0,72,,2461,15,,,0,72,,2462,15,,,0,37,,2463,15,,,0,101,,2464,15,,,0
901,'3',611,,2470,15,,,0,30,,2509,15,,,0,70,,2471,15,,,0,30,,2508,15,,,0,70,,2472,15,,,0,35,,2473,15,,,0,72,,2474,15,,,0,86,,2475,15,,,0,25,,2476,15,,,0,25,,2477,15,,,0,62,,2478,15,,,0,25,,2479,15,,,0,65,,2480,15,,,0,29,,2481,15,,,0,21,,2482,15,,,0,65,,2483,15,,,0,28,,2484,15,,,0,62,,2485,15,,,0,24,,2486,15,,,0,65,,2487,15,,,0,25,,2488,15,,,0,25,,2489,15,,,0,65,,2490,15,,,0,25,,2491,15,,,0,65,,2492,15,,,0,25,,2493,15,,,0,25,,2494,15,,,0,85,,2496,15,,,0,65,,2497,15,,,0,38,,2498,15,,,0,75,,2499,15,,,0,35,,2500,15,,,0,76,,2501,15,,,0,75,,2502,15,,,0,35,,2503,15,,,0,75,,2504,15,,,0,35,,2505,15,,,0
901,'30',651,,2544,15,,,0,75,,2510,15,,,0,75,,2545,15,,,0,34,,2511,15,,,0,75,,2546,15,,,0,33,,2512,15,,,0,73,,2513,15,,,0,33,,2514,15,,,0,73,,2515,15,,,0,78,,2516,15,,,0,28,,2517,15,,,0,23,,2518,15,,,0,63,,2519,15,,,0,23,,2520,15,,,0,63,,2521,15,,,0,23,,2522,15,,,0,23,,2523,15,,,0,63,,2524,15,,,0,23,,2525,15,,,0,23,,2526,15,,,0,63,,2527,15,,,0,24,,2528,15,,,0,64,,2529,15,,,0,23,,2530,15,,,0,25,,2531,15,,,0,57,,2532,15,,,0,19,,2533,15,,,0,70,,2534,15,,,0,30,,2535,15,,,0,70,,2536,15,,,0,30,,2537,15,,,0,70,,2538,15,,,0,30,,2539,15,,,0,71,,2540,15,,,0,41,,2541,15,,,0,58,,2542,15,,,0
901,'4',651,,2581,15,,,0,75,,2547,15,,,0,75,,2582,15,,,0,34,,2548,15,,,0,75,,2583,15,,,0,33,,2549,15,,,0,73,,2550,15,,,0,33,,2551,15,,,0,73,,2552,15,,,0,78,,2553,15,,,0,28,,2554,15,,,0,23,,2555,15,,,0,63,,2556,15,,,0,23,,2557,15,,,0,63,,2558,15,,,0,23,,2559,15,,,0,23,,2560,15,,,0,63,,2561,15,,,0,23,,2562,15,,,0,23,,2563,15,,,0,63,,2564,15,,,0,24,,2565,15,,,0,64,,2566,15,,,0,23,,2567,15,,,0,25,,2568,15,,,0,57,,2569,15,,,0,19,,2570,15,,,0,70,,2571,15,,,0,30,,2572,15,,,0,70,,2573,15,,,0,30,,2574,15,,,0,70,,2575,15,,,0,30,,2576,15,,,0,71,,2577,15,,,0,41,,2578,15,,,0,58,,2579,15,,,0
2701,'2',550,,6043,7,,,0,92,,5972,8,,,0,65,,5973,7,,,0,13,,5974,8,,,0,13,,5975,7,,,0,13,,5976,7,,,0,13,,5977,8,,,0,53,,5978,8,,,0,8,,5979,8,,,0,13,,5980,8,,,0,13,,5981,8,,,0,12,,5982,8,,,0,54,,5983,8,,,0,13,,5984,8,,,0,13,,5985,8,,,0,13,,5986,8,,,0,53,,5987,8,,,0,13,,5988,8,,,0,13,,5989,8,,,0,13,,5990,8,,,0,13,,5991,8,,,0,53,,5992,8,,,0,13,,5993,8,,,0,13,,5994,8,,,0,13,,5995,8,,,0,52,,5996,8,,,0,12,,5997,8,,,0,12,,5998,8,,,0,12,,5999,8,,,0,12,,6000,8,,,0,52,,6001,8,,,0,12,,6002,8,,,0,12,,6003,8,,,0,12,,6004,8,,,0,12,,6005,8,,,0,52,,6006,8,,,0,14,,6007,8,,,0,13,,6008,8,,,0,13,,6009,8,,,0,13,,6010,8,,,0,53,,6011,8,,,0,13,,6012,8,,,0,9,,6013,7,,,0,12,,6014,8,,,0,12,,6015,8,,,0,51,,6016,8,,,0,11,,6017,8,,,0,11,,6018,7,,,0,11,,6019,8,,,0,11,,6020,8,,,0,11,,6021,8,,,0,51,,6022,8,,,0,11,,6023,8,,,0,11,,6024,8,,,0,11,,6025,8,,,0,7,,6026,8,,,0,54,,6027,8,,,0,9,,6028,8,,,0,13,,6029,8,,,0,11,,6030,8,,,0,11,,6031,8,,,0,57,,6032,8,,,0,17,,6033,8,,,0,17,,6034,8,,,0,17,,6035,8,,,0,57,,6036,8,,,0,17,,6037,8,,,0,17,,6038,8,,,0,62,,6039,8,,,0,27,,6040,8,,,0,67,,6041,8,,,0,27,,6042,8,,,0
2701,'3',854,,6044,7,,,0,83,,6054,8,,,0,71,,6045,8,,,0,104,,6055,8,,,0,33,,6046,8,,,0,72,,6063,8,,,0,32,,6056,8,,,0,72,,6047,8,,,0,32,,6064,8,,,0,71,,6057,8,,,0,34,,6048,8,,,0,72,,6065,8,,,0,70,,6058,8,,,0,34,,6049,8,,,0,72,,6066,8,,,0,30,,6059,8,,,0,75,,6050,8,,,0,45,,6060,8,,,0,85,,6051,8,,,0,85,,6061,8,,,0,84,,6052,8,,,0,40,,6062,8,,,0,80,,6053,8,,,0,80,,6067,8,,,0
2701,'30',837,,6068,7,,,0,85,,6069,8,,,0,85,,6075,8,,,0,45,,6070,8,,,0,85,,6076,8,,,0,85,,6071,8,,,0,88,,6077,8,,,0,32,,6078,8,,,0,72,,6072,8,,,0,32,,6080,8,,,0,72,,6079,8,,,0,32,,6073,8,,,0,72,,6081,8,,,0,32,,6083,8,,,0,70,,6074,8,,,0,77,,6082,8,,,0,45,,6084,8,,,0,85,,6085,8,,,0
2701,'4',837,,6086,7,,,0,85,,6087,8,,,0,85,,6093,8,,,0,45,,6088,8,,,0,85,,6094,8,,,0,85,,6089,8,,,0,88,,6095,8,,,0,32,,6096,8,,,0,72,,6090,8,,,0,32,,6098,8,,,0,72,,6097,8,,,0,32,,6091,8,,,0,72,,6099,8,,,0,32,,6101,8,,,0,70,,6092,8,,,0,77,,6100,8,,,0,45,,6102,8,,,0,85,,6103,8,,,0
3101,'2',624,,6299,19,,,0,88,,6300,19,,,0,32,,6301,19,,,0,68,,6302,19,,,0,28,,6303,19,,,0,68,,6304,19,,,0,24,,6305,19,,,0,27,,6306,19,,,0,67,,6307,19,,,0,27,,6308,19,,,0,67,,6309,19,,,0,27,,6310,19,,,0,67,,6311,19,,,0,27,,6312,19,,,0,67,,6313,19,,,0,27,,6314,19,,,0,67,,6315,19,,,0,32,,6316,19,,,0,70,,6317,19,,,0,30,,6318,19,,,0,70,,6319,19,,,0,29,,6320,19,,,0,70,,6321,19,,,0,30,,6322,19,,,0,70,,6323,19,,,0,27,,6324,19,,,0,70,,6325,19,,,0,30,,6326,19,,,0,70,,6327,19,,,0,30,,6328,19,,,0,25,,6329,19,,,0,70,,6330,19,,,0,30,,6331,19,,,0,70,,6332,19,,,0,30,,6333,19,,,0
3101,'3',815,,6362,19,,,0,25,,6361,19,,,0,65,,6334,19,,,0,25,,6360,19,,,0,25,,6335,19,,,0,66,,6336,19,,,0,24,,6337,19,,,0,65,,6338,19,,,0,25,,6339,19,,,0,65,,6340,19,,,0,25,,6341,19,,,0,25,,6342,19,,,0,65,,6343,19,,,0,25,,6344,19,,,0,65,,6345,19,,,0,28,,6346,19,,,0,67,,6347,19,,,0,27,,6348,19,,,0,27,,6349,19,,,0,67,,6350,19,,,0,27,,6351,19,,,0,67,,6352,19,,,0,27,,6353,19,,,0,66,,6363,19,,,0,25,,6354,19,,,0,26,,6364,19,,,0,66,,6355,19,,,0,26,,6365,19,,,0,65,,6356,19,,,0,25,,6366,19,,,0,66,,6357,19,,,0,25,,6367,19,,,0,21,,6358,19,,,0,62,,6368,19,,,0,22,,6359,19,,,0,65,,6369,19,,,0,25,,6370,19,,,0
3101,'30',842,,6371,19,,,0,65,,6386,19,,,0,25,,6372,19,,,0,25,,6387,19,,,0,65,,6373,19,,,0,25,,6388,19,,,0,65,,6374,19,,,0,25,,6389,19,,,0,65,,6375,19,,,0,26,,6390,19,,,0,25,,6376,19,,,0,65,,6391,19,,,0,25,,6377,19,,,0,65,,6392,19,,,0,25,,6378,19,,,0,25,,6393,19,,,0,65,,6379,19,,,0,25,,6394,19,,,0,65,,6380,19,,,0,25,,6395,19,,,0,65,,6381,19,,,0,25,,6396,19,,,0,25,,6382,19,,,0,65,,6397,19,,,0,25,,6383,19,,,0,65,,6398,19,,,0,25,,6384,19,,,0,25,,6399,19,,,0,65,,6385,19,,,0
3101,'4',842,,6400,19,,,0,65,,6415,19,,,0,25,,6401,19,,,0,25,,6416,19,,,0,65,,6402,19,,,0,25,,6417,19,,,0,65,,6403,19,,,0,25,,6418,19,,,0,65,,6404,19,,,0,26,,6419,19,,,0,25,,6405,19,,,0,65,,6420,19,,,0,25,,6406,19,,,0,65,,6421,19,,,0,25,,6407,19,,,0,25,,6422,19,,,0,65,,6408,19,,,0,25,,6423,19,,,0,65,,6409,19,,,0,25,,6424,19,,,0,65,,6410,19,,,0,25,,6425,19,,,0,25,,6411,19,,,0,65,,6426,19,,,0,25,,6412,19,,,0,65,,6427,19,,,0,25,,6413,19,,,0,25,,6428,19,,,0,65,,6414,19,,,0
12700,'3302',608,,8344,7,,,0,27,,8345,8,,,0,70,,8346,8,,,0,18,,8347,7,,,0,12,,8348,8,,,0,24,,8349,8,,,0,52,,8350,8,,,0,24,,8351,8,,,0,12,,8352,8,,,0,64,,8353,8,,,0,12,,8354,8,,,0,24,,8355,8,,,0,12,,8356,8,,,0,64,,8357,8,,,0,12,,8358,8,,,0,24,,8359,8,,,0,52,,8360,8,,,0,24,,8361,8,,,0,12,,8362,8,,,0,64,,8363,8,,,0,12,,8364,8,,,0,24,,8365,8,,,0,12,,8366,8,,,0,64,,8367,8,,,0,12,,8368,8,,,0,24,,8369,8,,,0,60,,8370,8,,,0,24,,8371,8,,,0,64,,8372,8,,,0,24,,8373,8,,,0,71,,8374,8,,,0,20,,8375,8,,,0,30,,8376,8,,,0,60,,8377,8,,,0,30,,8378,8,,,0,60,,8379,8,,,0,23,,8380,8,,,0,20,,8381,8,,,0,60,,8382,8,,,0,20,,8383,8,,,0,20,,8384,8,,,0,60,,8385,8,,,0,20,,8386,8,,,0,20,,8387,8,,,0,60,,8388,8,,,0,15,,8389,8,,,0,30,,8390,8,,,0,70,,8391,8,,,0,30,,8392,8,,,0,70,,8393,8,,,0,30,,8394,8,,,0
12700,'3602',747,,8395,8,,,0,76,,8396,8,,,0,36,,8397,8,,,0,76,,8398,8,,,0,76,,8399,8,,,0,36,,8400,8,,,0,76,,8401,8,,,0,36,,8402,8,,,0,76,,8403,8,,,0,76,,8404,8,,,0,36,,8405,8,,,0,64,,8406,7,,,0,20,,8407,8,,,0,24,,8408,8,,,0,64,,8409,8,,,0,24,,8410,8,,,0,69,,8411,8,,,0,20,,8412,8,,,0,10,,8413,8,,,0,60,,8414,8,,,0,20,,8415,8,,,0,10,,8416,8,,,0,20,,8417,8,,,0,58,,8418,8,,,0
12700,'3903',605,,8462,7,,,0,30,,8463,8,,,0,70,,8464,8,,,0,30,,8465,8,,,0,70,,8466,8,,,0,30,,8419,8,,,0,70,,8420,8,,,0,30,,8421,8,,,0,71,,8422,8,,,0,25,,8423,8,,,0,20,,8424,8,,,0,60,,8425,8,,,0,20,,8426,8,,,0,20,,8427,8,,,0,62,,8428,8,,,0,20,,8429,8,,,0,20,,8430,8,,,0,60,,8431,8,,,0,20,,8432,8,,,0,20,,8433,8,,,0,60,,8434,8,,,0,20,,8435,8,,,0,20,,8436,8,,,0,60,,8437,8,,,0,20,,8438,8,,,0,20,,8439,8,,,0,60,,8440,8,,,0,20,,8441,8,,,0,20,,8442,8,,,0,60,,8443,8,,,0,20,,8444,8,,,0,20,,8445,8,,,0,58,,8446,8,,,0,20,,8447,8,,,0,20,,8448,8,,,0,60,,8449,8,,,0,20,,8450,8,,,0,20,,8451,8,,,0,60,,8452,8,,,0,20,,8453,8,,,0,20,,8454,8,,,0,54,,8455,8,,,0,30,,8456,8,,,0,70,,8457,8,,,0,30,,8458,8,,,0,70,,8459,8,,,0,30,,8460,8,,,0,70,,8461,8,,,0
12700,'6404',705,,8499,7,,,0,30,,8500,8,,,0,70,,8501,8,,,0,30,,8502,8,,,0,70,,8503,8,,,0,20,,8467,8,,,0,20,,8468,8,,,0,60,,8469,8,,,0,20,,8470,8,,,0,20,,8471,8,,,0,60,,8472,8,,,0,20,,8473,8,,,0,20,,8474,8,,,0,61,,8475,8,,,0,20,,8476,8,,,0,20,,8477,8,,,0,60,,8478,8,,,0,20,,8479,8,,,0,20,,8480,8,,,0,60,,8481,8,,,0,20,,8482,8,,,0,20,,8483,8,,,0,60,,8484,8,,,0,20,,8485,8,,,0,20,,8486,8,,,0,60,,8487,8,,,0,20,,8488,8,,,0,20,,8489,8,,,0,59,,8490,8,,,0,35,,8491,8,,,0,75,,8492,8,,,0,35,,8493,8,,,0,75,,8494,8,,,0,75,,8495,8,,,0,35,,8496,8,,,0,75,,8497,8,,,0,35,,8498,8,,,0,75,,8504,8,,,0,35,,8505,8,,,0
