2000,'2',556,,13652,,,0,63,,13655,,,0,29,,13653,,,0,54,,13654,,,0,15,,13656,,,0,15,,13678,,,0,15,,13679,,,0,55,,13680,,,0,15,,13681,,,0,18,,13682,,,0,15,,13683,,,0,55,,13684,,,0,15,,13685,,,0,15,,13686,,,0,15,,13687,,,0,55,,13688,,,0,15,,13689,,,0,15,,13690,,,0,10,,13691,,,0,55,,13692,,,0,15,,13693,,,0,15,,13694,,,0,15,,13695,,,0,55,,13696,,,0,15,,13697,,,0,15,,13698,,,0,15,,13699,,,0,55,,13700,,,0,15,,13701,,,0,9,,13702,,,0,14,,13703,,,0,14,,13704,,,0,55,,13705,,,0,15,,13706,,,0,15,,13707,,,0,15,,13708,,,0,55,,13709,,,0,15,,13710,,,0,11,,13711,,,0,12,,13712,,,0,55,,13713,,,0,15,,13714,,,0,15,,13715,,,0,19,,13716,,,0,60,,13669,0,34 3 35,0,5,,13657,,,0,15,,13659,,,0,16,,13660,,,0,56,,13661,,,0,13,,13670,,,0,14,,13662,,,0,16,,13663,,,0,60,,13664,,,0,27,,13665,,,0,18,,13666,,,0,62,,13667,,,0,26,,13668,,,0,22,,13671,,,0,71,,13672,,,0,26,,13673,,,0,66,,13674,,,0,26,,13651,,,0,70,,13676,,,0,25,,13677,,,0,60,,13717,0,36,0,21,,13675,,,0,21,,13718,0,36,0,70,,13719,0,34 3 35,0
2000,'3',604,,13720,,,0,26,,13723,,,0,26,,13724,,,0,80,,13725,,,0,64,,13726,,,0,31,,13727,,,0,26,,13728,,,0,66,,13729,,,0,26,,13730,,,0,67,,13731,,,0,14,,13732,,,0,20,,13733,,,0,60,,13734,,,0,20,,13735,,,0,20,,13736,,,0,60,,13737,,,0,20,,13738,,,0,20,,13739,,,0,60,,13740,,,0,20,,13741,,,0,20,,13742,,,0,60,,13743,,,0,20,,13744,,,0,20,,13745,,,0,60,,13746,,,0,20,,13747,,,0,20,,13748,,,0,60,,13749,,,0,20,,13750,,,0,20,,13751,,,0,60,,13752,,,0,20,,13753,,,0,20,,13754,,,0,60,,13755,,,0,33,,13756,,,0,61,,13757,,,0,27,,13758,,,0,27,,13759,,,0,67,,13760,,,0,27,,13761,,,0,67,,13762,,,0,27,,13763,,,0,67,,13764,,,0,27,,13765,,,0,67,,13766,,,0,27,,13767,,,0,19,,13768,,,0,82,,13722,,,0
2000,'30',630,,13770,,,0,82,,13771,,,0,43,,13772,,,0,85,,13773,,,0,70,,13774,,,0,26,,13775,,,0,21,,13776,,,0,66,,13777,,,0,31,,13778,,,0,66,,13779,,,0,26,,13780,,,0,66,,13781,,,0,26,,13782,,,0,66,,13783,,,0,26,,13784,,,0,26,,13785,,,0,66,,13786,,,0,26,,13787,,,0,66,,13788,,,0,26,,13789,,,0,66,,13790,,,0,26,,13791,,,0,26,,13792,,,0,66,,13793,,,0,26,,13794,,,0,66,,13795,,,0,25,,13796,,,0,65,,13797,,,0,25,,13798,,,0,25,,13799,,,0,65,,13800,,,0,25,,13801,,,0,65,,13802,,,0,25,,13803,,,0,65,,13804,,,0,20,,13805,,,0,30,,13769,0,36,0
2000,'4',630,,13807,,,0,82,,13808,,,0,43,,13809,,,0,85,,13810,,,0,70,,13811,,,0,26,,13812,,,0,21,,13813,,,0,66,,13814,,,0,31,,13815,,,0,66,,13816,,,0,26,,13817,,,0,66,,13818,,,0,26,,13819,,,0,66,,13820,,,0,26,,13821,,,0,26,,13822,,,0,66,,13823,,,0,26,,13824,,,0,66,,13825,,,0,26,,13826,,,0,66,,13827,,,0,26,,13828,,,0,26,,13829,,,0,66,,13830,,,0,26,,13831,,,0,66,,13832,,,0,25,,13833,,,0,65,,13834,,,0,25,,13835,,,0,25,,13836,,,0,65,,13837,,,0,25,,13838,,,0,65,,13839,,,0,25,,13840,,,0,65,,13841,,,0,20,,13842,,,0,30,,13806,0,36,0
2700,'2',628,,14576,,,0,73,,14506,,,0,36,,14507,,,0,13,,14508,,,0,53,,14509,,,0,13,,14510,,,0,13,,14511,,,0,13,,14512,,,0,13,,14513,,,0,53,,14514,,,0,12,,14515,,,0,13,,14516,,,0,13,,14517,,,0,13,,14518,,,0,53,,14519,,,0,13,,14520,,,0,13,,14521,,,0,13,,14522,,,0,53,,14523,,,0,13,,14524,,,0,13,,14525,,,0,13,,14526,,,0,13,,14527,,,0,53,,14528,,,0,12,,14529,,,0,12,,14530,,,0,12,,14531,,,0,12,,14532,,,0,52,,14533,,,0,12,,14534,,,0,12,,14535,,,0,12,,14536,,,0,12,,14537,,,0,52,,14538,,,0,15,,14539,,,0,13,,14540,,,0,13,,14541,,,0,53,,14542,,,0,13,,14543,,,0,13,,14544,,,0,13,,14545,,,0,13,,14546,,,0,56,,14547,,,0,15,,14548,,,0,9,,14549,,,0,11,,14550,,,0,11,,14551,,,0,51,,14552,,,0,11,,14553,,,0,11,,14554,,,0,11,,14555,,,0,11,,14556,,,0,51,,14557,,,0,8,,14558,,,0,6,,14559,,,0,13,,14560,,,0,15,,14561,,,0,13,,14562,,,0,54,,14563,,,0,13,,14564,,,0,17,,14565,,,0,17,,14566,,,0,57,,14567,,,0,17,,14568,,,0,17,,14569,,,0,56,,14570,,,0,16,,14571,,,0,27,,14572,,,0,67,,14573,,,0,27,,14574,,,0,70,,14575,,,0
2700,'3',928,,14577,,,0,29,,14579,,,0,98,,14588,,,0,76,,14580,,,0,72,,14598,,,0,32,,14589,,,0,72,,14581,,,0,32,,14578,,,0,72,,14590,,,0,34,,14582,,,0,72,,14597,,,0,30,,14591,,,0,74,,14583,,,0,32,,14599,,,0,70,,14592,,,0,34,,14584,,,0,72,,14600,,,0,17,,14593,,,0,85,,14585,,,0,85,,14594,,,0,85,,14586,,,0,40,,14595,,,0,80,,14587,,,0,80,,14596,,,0
2700,'30',910,,14601,,,0,45,,14608,,,0,85,,14602,,,0,85,,14609,,,0,85,,14603,,,0,48,,14610,,,0,72,,14612,,,0,27,,14604,,,0,77,,14611,,,0,72,,14613,,,0,32,,14605,,,0,72,,14614,,,0,32,,14616,,,0,72,,14606,,,0,36,,14615,,,0,86,,14607,,,0,85,,14618,,,0,85,,14617,,,0
2700,'4',910,,14619,,,0,45,,14626,,,0,85,,14620,,,0,85,,14627,,,0,85,,14621,,,0,48,,14628,,,0,72,,14630,,,0,27,,14622,,,0,77,,14629,,,0,72,,14631,,,0,32,,14623,,,0,72,,14632,,,0,32,,14634,,,0,72,,14624,,,0,36,,14633,,,0,86,,14625,,,0,85,,14636,,,0,85,,14635,,,0
12701,'3302',623,,17171,,,0,30,,17172,,,0,69,,17173,,,0,24,,17174,,,0,12,,17175,,,0,64,,17176,,,0,12,,17177,,,0,24,,17178,,,0,52,,17179,,,0,24,,17180,,,0,12,,17181,,,0,64,,17182,,,0,12,,17183,,,0,24,,17184,,,0,12,,17185,,,0,64,,17186,,,0,12,,17187,,,0,24,,17188,,,0,53,,17189,,,0,24,,17190,,,0,12,,17191,,,0,64,,17192,,,0,12,,17193,,,0,24,,17194,,,0,12,,17195,,,0,66,,17196,,,0,24,,17197,,,0,64,,17198,,,0,24,,17199,,,0,64,,17200,,,0,36,,17201,,,0,20,,17202,,,0,70,,17203,,,0,20,,17204,,,0,64,,17205,,,0,20,,17206,,,0,20,,17207,,,0,60,,17208,,,0,20,,17209,,,0,20,,17210,,,0,60,,17211,,,0,20,,17212,,,0,20,,17213,,,0,58,,17214,,,0,30,,17215,,,0,70,,17216,,,0,30,,17217,,,0,70,,17218,,,0,30,,17219,,,0,70,,17220,,,0
12701,'3602',734,,17221,,,0,76,,17222,,,0,36,,17223,,,0,76,,17224,,,0,36,,17225,,,0,76,,17226,,,0,76,,17227,,,0,36,,17228,,,0,77,,17229,,,0,36,,17230,,,0,76,,17231,,,0,78,,17232,,,0,24,,17233,,,0,64,,17234,,,0,24,,17235,,,0,24,,17236,,,0,68,,17237,,,0,10,,17238,,,0,20,,17239,,,0,60,,17240,,,0,10,,17241,,,0,20,,17242,,,0,20,,17243,,,0,50,,17244,,,0
12701,'3903',624,,17288,,,0,30,,17289,,,0,70,,17290,,,0,30,,17291,,,0,70,,17245,,,0,30,,17246,,,0,70,,17247,,,0,30,,17248,,,0,62,,17249,,,0,15,,17250,,,0,25,,17251,,,0,60,,17252,,,0,20,,17253,,,0,20,,17254,,,0,61,,17255,,,0,20,,17256,,,0,20,,17257,,,0,60,,17258,,,0,20,,17259,,,0,20,,17260,,,0,60,,17261,,,0,20,,17262,,,0,20,,17263,,,0,60,,17264,,,0,20,,17265,,,0,20,,17266,,,0,60,,17267,,,0,20,,17268,,,0,20,,17269,,,0,60,,17270,,,0,20,,17271,,,0,20,,17272,,,0,58,,17273,,,0,20,,17274,,,0,20,,17275,,,0,60,,17276,,,0,20,,17277,,,0,20,,17278,,,0,60,,17279,,,0,20,,17280,,,0,20,,17281,,,0,69,,17282,,,0,30,,17283,,,0,70,,17284,,,0,30,,17285,,,0,70,,17286,,,0,30,,17287,,,0
12701,'6404',725,,17325,,,0,30,,17326,,,0,70,,17327,,,0,30,,17328,,,0,55,,17292,,,0,20,,17293,,,0,20,,17294,,,0,60,,17295,,,0,20,,17296,,,0,20,,17297,,,0,60,,17298,,,0,20,,17299,,,0,20,,17300,,,0,62,,17301,,,0,20,,17302,,,0,20,,17303,,,0,60,,17304,,,0,20,,17305,,,0,20,,17306,,,0,60,,17307,,,0,20,,17308,,,0,20,,17309,,,0,60,,17310,,,0,20,,17311,,,0,20,,17312,,,0,60,,17313,,,0,20,,17314,,,0,20,,17315,,,0,59,,17316,,,0,15,,17317,,,0,75,,17318,,,0,35,,17319,,,0,75,,17320,,,0,35,,17321,,,0,75,,17322,,,0,35,,17323,,,0,75,,17324,,,0,75,,17329,,,0,35,,17330,,,0
