1601,'2',543,,12947,,,0,13,,12946,,,0,59,,12945,,,0,15,,12878,,,0,18,,12879,,,0,58,,12880,,,0,7,,12881,,,0,15,,12882,,,0,18,,12883,,,0,12,,12884,,,0,55,,12885,,,0,15,,12886,,,0,15,,12887,,,0,15,,12888,,,0,55,,12889,,,0,15,,12890,,,0,17,,12891,,,0,57,,12892,,,0,17,,12893,,,0,17,,12894,,,0,17,,12895,,,0,57,,12896,,,0,17,,12897,,,0,17,,12898,,,0,57,,12899,,,0,11,,12909,,,0,4,,12900,,,0,15,,12901,,,0,15,,12902,,,0,55,,12903,,,0,15,,12904,,,0,10,,12905,,,0,15,,12906,,,0,15,,12907,,,0,55,,12908,,,0,8,,12918,,,0,13,,12910,,,0,14,,12911,,,0,12,,12912,,,0,54,,12913,,,0,14,,12914,,,0,14,,12915,,,0,14,,12916,,,0,54,,12917,,,0,15,,12919,,,0,14,,12920,,,0,14,,12921,,,0,50,,12922,,,0,14,,12923,,,0,14,,12924,,,0,14,,12925,,,0,14,,12926,,,0,74,,12928,,,0,20,,12929,,,0,55,,12930,,,0,20,,12931,,,0,20,,12932,,,0,60,,12933,,,0,20,,12934,,,0,20,,12935,,,0,60,,12936,,,0,19,,12937,,,0,77,,12938,,,0,25,,12939,,,0,23,,12940,,,0,65,,12941,,,0,25,,12942,,,0,65,,12943,,,0,25,,12948,,,0,25,,12949,,,0
1601,'3',607,,13009,,,0,25,,13010,,,0,12,,12951,,,0,65,,12952,,,0,25,,12953,,,0,25,,12954,,,0,65,,12955,,,0,25,,12956,,,0,65,,12957,,,0,25,,12958,,,0,20,,13011,,,0,46,,12959,,,0,24,,12960,,,0,21,,12961,,,0,61,,12962,,,0,16,,12963,,,0,18,,13012,,,0,3,,12964,,,0,61,,12965,,,0,15,,12966,,,0,15,,12967,,,0,15,,12968,,,0,55,,12969,,,0,10,,12970,,,0,15,,12971,,,0,15,,12972,,,0,55,,12973,,,0,16,,12974,,,0,15,,12975,,,0,15,,12976,,,0,55,,12977,,,0,15,,12978,,,0,15,,12979,,,0,15,,12980,,,0,55,,12981,,,0,15,,12982,,,0,15,,12983,,,0,15,,12984,,,0,55,,12985,,,0,15,,12986,,,0,15,,12987,,,0,15,,12988,,,0,54,,12989,,,0,16,,12990,,,0,20,,12991,,,0,60,,12992,,,0,20,,12993,,,0,20,,12994,,,0,60,,12995,,,0,20,,12996,,,0,20,,12997,,,0,60,,12998,,,0,20,,12999,,,0,26,,13000,,,0,65,,13001,,,0,25,,13002,,,0,65,,13003,,,0,25,,13004,,,0,21,,13005,,,0,63,,13006,,,0,29,,13007,,,0,70,,13008,,,0
1601,'30',646,,13049,,,0,73,,13013,,,0,35,,13014,,,0,75,,13015,,,0,20,,13050,,,0,55,,13016,,,0,33,,13017,,,0,65,,13018,,,0,30,,13019,,,0,70,,13020,,,0,30,,13021,,,0,70,,13022,,,0,11,,13051,,,0,21,,13023,,,0,22,,13025,,,0,63,,13026,,,0,22,,13024,,,0,62,,13027,,,0,22,,13028,,,0,22,,13029,,,0,62,,13030,,,0,22,,13031,,,0,22,,13032,,,0,62,,13033,,,0,22,,13034,,,0,22,,13035,,,0,57,,13036,,,0,30,,13037,,,0,70,,13038,,,0,30,,13039,,,0,70,,13040,,,0,30,,13041,,,0,70,,13042,,,0,30,,13043,,,0,70,,13044,,,0,30,,13045,,,0,69,,13046,,,0,30,,13047,,,0,70,,13048,,,0
1601,'4',646,,13088,,,0,73,,13052,,,0,35,,13053,,,0,75,,13054,,,0,20,,13089,,,0,55,,13055,,,0,33,,13056,,,0,65,,13057,,,0,30,,13058,,,0,70,,13059,,,0,30,,13060,,,0,70,,13061,,,0,11,,13090,,,0,21,,13062,,,0,22,,13064,,,0,63,,13065,,,0,22,,13063,,,0,62,,13066,,,0,22,,13067,,,0,22,,13068,,,0,62,,13069,,,0,22,,13070,,,0,22,,13071,,,0,62,,13072,,,0,22,,13073,,,0,22,,13074,,,0,57,,13075,,,0,30,,13076,,,0,70,,13077,,,0,30,,13078,,,0,70,,13079,,,0,30,,13080,,,0,70,,13081,,,0,30,,13082,,,0,70,,13083,,,0,30,,13084,,,0,69,,13085,,,0,30,,13086,,,0,70,,13087,,,0
1901,'2',612,,13538,,,0,33,,13539,,,0,67,,13540,,,0,30,,13541,,,0,75,,13542,,,0,19,,13543,,,0,67,,13544,,,0,26,,13545,,,0,27,,13546,,,0,69,,13547,,,0,27,,13548,,,0,67,,13549,,,0,27,,13550,,,0,67,,13551,,,0,27,,13552,,,0,67,,13553,,,0,25,,13554,,,0,27,,13555,,,0,67,,13556,,,0,27,,13557,,,0,70,,13558,,,0,28,,13559,,,0,69,,13560,,,0,28,,13561,,,0,68,,13562,,,0,28,,13563,,,0,68,,13564,,,0,26,,13565,,,0,67,,13566,,,0,27,,13567,,,0,27,,13568,,,0,67,,13569,,,0,27,,13570,,,0,66,,13571,,,0,27,,13572,,,0,67,,13573,,,0,27,,13574,,,0,61,,13575,,,0,45,,13576,,,0
1901,'3',756,,13577,,,0,59,,13579,,,0,36,,13580,,,0,69,,13581,,,0,32,,13582,,,0,72,,13583,,,0,32,,13584,,,0,74,,13585,,,0,72,,13586,,,0,32,,13587,,,0,72,,13588,,,0,32,,13589,,,0,67,,13590,,,0,22,,13591,,,0,20,,13592,,,0,69,,13593,,,0,32,,13594,,,0,67,,13595,,,0,27,,13596,,,0,67,,13597,,,0,11,,13598,0,9 3 37,0,28,,13599,,,0,74,,13600,,,0,29,,13601,,,0,68,,13602,,,0,36,,13603,,,0,72,,13604,,,0,75,,13605,,,0,29,,13606,0,9 3 37,0,72,,13607,0,9 3 37,0,22,,13578,0,9 3 37,0
1901,'30',828,,13629,,,0,74,,13609,,,0,35,,13623,,,0,75,,13610,,,0,35,,13611,,,0,75,,13612,,,0,35,,13627,,,0,81,,13613,,,0,80,,13614,,,0,40,,13615,,,0,80,,13616,,,0,80,,13624,,,0,40,,13617,,,0,80,,13618,,,0,76,,13628,,,0,35,,13619,,,0,76,,13620,,,0,75,,13625,,,0,35,,13626,0,9 3 37,0
1901,'4',828,,13650,,,0,74,,13630,,,0,35,,13644,,,0,75,,13631,,,0,35,,13632,,,0,75,,13633,,,0,35,,13648,,,0,81,,13634,,,0,80,,13635,,,0,40,,13636,,,0,80,,13637,,,0,80,,13645,,,0,40,,13638,,,0,80,,13639,,,0,76,,13649,,,0,35,,13640,,,0,76,,13641,,,0,75,,13646,,,0,35,,13647,0,9 3 37,0
2500,'2',627,,14209,,,0,22,,14210,,,0,68,,14211,,,0,27,,14212,,,0,66,,14213,,,0,20,,14214,,,0,20,,14215,,,0,60,,14216,,,0,20,,14217,,,0,20,,14218,,,0,60,,14219,,,0,20,,14220,,,0,20,,14221,,,0,60,,14222,,,0,20,,14223,,,0,20,,14224,,,0,60,,14225,,,0,20,,14226,,,0,20,,14227,,,0,60,,14228,,,0,20,,14229,,,0,20,,14230,,,0,60,,14231,,,0,25,,14232,,,0,20,,14233,,,0,60,,14234,,,0,20,,14235,,,0,20,,14236,,,0,60,,14237,,,0,22,,14238,,,0,21,,14239,,,0,61,,14240,,,0,21,,14241,,,0,61,,14242,,,0,21,,14243,,,0,14,,14244,,,0,20,,14245,,,0,60,,14246,,,0,20,,14247,,,0,20,,14248,,,0,60,,14249,,,0,20,,14250,,,0,14,,14251,,,0,60,,14252,,,0,19,,14253,,,0,25,,14254,,,0,65,,14255,,,0,25,,14256,,,0,65,,14257,,,0,25,,14258,,,0,25,,14259,,,0
2500,'3',642,,14260,,,0,63,,14291,,,0,24,,14261,,,0,25,,14292,,,0,66,,14262,,,0,24,,14263,,,0,67,,14264,,,0,26,,14265,,,0,70,,14266,,,0,23,,14267,,,0,70,,14268,,,0,27,,14269,,,0,30,,14270,,,0,68,,14271,,,0,25,,14272,,,0,70,,14273,,,0,25,,14274,,,0,70,,14275,,,0,26,,14276,,,0,70,,14277,,,0,30,,14278,,,0,70,,14279,,,0,30,,14280,,,0,70,,14281,,,0,30,,14282,,,0,70,,14283,,,0,28,,14284,,,0,70,,14285,,,0,30,,14286,,,0,68,,14293,,,0,27,,14287,,,0,68,,14294,,,0,25,,14288,,,0,25,,14295,,,0,65,,14289,,,0,25,,14296,,,0,65,,14290,,,0
2500,'30',904,,14305,,,0,25,,14312,,,0,30,,14313,,,0,70,,14314,,,0,30,,14315,,,0,70,,14316,,,0,30,,14317,,,0,70,,14318,,,0,30,,14319,,,0,70,,14320,,,0,30,,14321,,,0,70,,14322,,,0,30,,14306,,,0,70,,14304,,,0,27,,14308,,,0,67,,14303,,,0,27,,14307,,,0,67,,14302,,,0,22,,14309,,,0,67,,14301,,,0,27,,14310,,,0,24,,14311,,,0,70,,14300,,,0,28,,14323,,,0,70,,14299,,,0,33,,14324,,,0,70,,14298,,,0,30,,14325,,,0,65,,14297,,,0,30,,14326,,,0
2500,'4',904,,14335,,,0,25,,14342,,,0,30,,14343,,,0,70,,14344,,,0,30,,14345,,,0,70,,14346,,,0,30,,14347,,,0,70,,14348,,,0,30,,14349,,,0,70,,14350,,,0,30,,14351,,,0,70,,14352,,,0,30,,14336,,,0,70,,14334,,,0,27,,14338,,,0,67,,14333,,,0,27,,14337,,,0,67,,14332,,,0,22,,14339,,,0,67,,14331,,,0,27,,14340,,,0,24,,14341,,,0,70,,14330,,,0,28,,14353,,,0,70,,14329,,,0,33,,14354,,,0,70,,14328,,,0,30,,14355,,,0,65,,14327,,,0,30,,14356,,,0
3401,'2',622,,15326,0,14,0,82,,15329,0,14,0,36,,15312,0,14,0,84,,15313,0,14,0,82,,15315,0,14,0,43,,15314,0,14,0,81,,15316,0,14,0,80,,15317,0,14,0,45,,15318,0,14,0,80,,15319,0,14,0,80,,15320,0,14,0,40,,15321,0,14,0,78,,15322,0,14,0,82,,15323,0,14,0,40,,15324,0,14,0,80,,15325,0,14,0,78,,15330,0,14,0,40,,15331,0,14,0,80,,15332,0,14,0,75,,15333,0,14,0,42,,15334,0,14,0,80,,15335,0,14,0,80,,15339,0,14,0,37,,15336,0,14,0,82,,15337,0,14,0,80,,15327,0,14,0,40,,15328,0,14,0,80,,15338,0,14,0
3401,'3',849,,15340,0,14,0,76,,15350,0,14,0,81,,15349,0,14,0,40,,15341,0,14,0,85,,15342,0,14,0,85,,15343,0,14,0,41,,15344,0,14,0,80,,15345,0,14,0,80,,15346,0,14,0,40,,15347,0,14,0,80,,15348,0,14,0,80,,15351,0,14,0,40,,15352,0,14,0,80,,15353,0,14,0,78,,15354,0,14,0,40,,15355,0,14,0,80,,15356,0,14,0,79,,15357,0,14,0,40,,15358,0,14,0,79,,15359,0,14,0,80,,15360,0,14,0,40,,15361,0,14,0,80,,15362,0,14,0
3401,'30',1146,,15363,0,14,0,80,,15364,0,14,0,80,,15365,0,14,0,40,,15366,0,14,0,80,,15367,0,14,0,80,,15368,0,14,0,40,,15369,0,14,0,80,,15370,0,14,0,78,,15371,0,14,0,40,,15372,0,14,0,80,,15373,0,14,0,80,,15374,0,14,0,40,,15375,0,14,0,80,,15376,0,14,0,80,,15377,0,14,0
3401,'4',1146,,15378,0,14,0,80,,15379,0,14,0,80,,15380,0,14,0,40,,15381,0,14,0,80,,15382,0,14,0,80,,15383,0,14,0,40,,15384,0,14,0,80,,15385,0,14,0,78,,15386,0,14,0,40,,15387,0,14,0,80,,15388,0,14,0,80,,15389,0,14,0,40,,15390,0,14,0,80,,15391,0,14,0,80,,15392,0,14,0
