1001,'2',542,,2760,,,0,16,,2807,,,0,56,,2759,,,0,16,,2808,,,0,16,,2764,,,0,55,,2763,,,0,16,,2762,,,0,15,,2761,,,0,17,,2770,0,21 3 22,0,56,,2769,,,0,14,,2768,0,21 3 22,0,18,,2767,,,0,21,,2766,,,0,75,,2765,,,0,70,,2772,,,0,20,,2774,,,0,33,,2773,,,0,70,,2771,,,0,30,,2777,,,0,72,,2776,,,0,30,,2775,,,0,75,,2779,,,0,18,,2778,,,0,62,,2780,,,0,17,,2809,,,0,17,,2781,,,0,57,,2810,,,0,15,,2782,,,0,12,,2811,,,0,15,,2783,,,0,60,,2784,,,0,19,,2812,,,0,19,,2785,,,0,12,,2813,0,21 3 22,0,61,,2786,,,0,14,,2790,,,0,14,,2787,0,21 3 22,0,61,,2788,,,0,11,,2791,0,21 3 22,0,24,,2789,,,0,15,,2792,0,21 3 22,0,68,,2793,,,0,24,,2794,0,21 3 22,0,57,,2795,,,0,33,,2796,,,0,73,,2797,,,0,25,,2814,,,0,70,,2798,,,0,37,,2799,,,0,65,,2800,,,0,28,,2801,,,0,70,,2802,,,0,31,,2803,,,0,75,,2804,0,21 3 22,0
1001,'3',639,,2819,,,0,70,,2818,,,0,33,,2822,,,0,67,,2823,,,0,30,,2824,,,0,65,,2825,,,0,29,,2826,,,0,26,,2827,,,0,65,,2828,,,0,30,,2829,,,0,69,,2830,,,0,29,,2831,,,0,68,,2832,,,0,30,,2833,,,0,70,,2834,,,0,15,,2835,,,0,70,,2836,,,0,30,,2837,,,0,70,,2838,,,0,30,,2839,,,0,70,,2840,,,0,30,,2841,,,0,70,,2842,,,0,35,,2843,,,0,74,,2844,,,0,30,,2845,,,0,70,,2846,,,0,25,,2847,,,0,65,,2848,,,0,32,,2849,,,0,67,,2850,,,0,30,,2851,,,0,25,,2852,,,0,70,,2856,,,0,30,,2857,,,0,65,,2858,,,0,17,,2855,0,21 3 22,0,74,,2859,,,0,24,,2853,0,21 3 22,0
1001,'30',701,,2860,,,0,31,,2897,,,0,24,,2861,,,0,66,,2896,,,0,22,,2862,,,0,59,,2863,,,0,30,,2864,,,0,25,,2865,,,0,70,,2866,,,0,30,,2867,,,0,69,,2869,,,0,27,,2870,,,0,65,,2871,,,0,30,,2872,,,0,70,,2873,,,0,30,,2874,,,0,70,,2875,,,0,30,,2876,,,0,70,,2877,,,0,30,,2878,,,0,70,,2879,,,0,28,,2880,,,0,72,,2881,,,0,28,,2892,,,0,69,,2882,,,0,25,,2885,,,0,70,,2886,,,0,30,,2887,,,0,70,,2888,,,0,32,,2889,,,0,68,,2890,,,0,20,,2891,,,0,28,,2893,,,0,70,,2884,0,21 3 22,0,30,,2883,0,21 3 22,0
1001,'4',701,,2898,,,0,31,,2935,,,0,24,,2899,,,0,66,,2934,,,0,22,,2900,,,0,59,,2901,,,0,30,,2902,,,0,25,,2903,,,0,70,,2904,,,0,30,,2905,,,0,69,,2907,,,0,27,,2908,,,0,65,,2909,,,0,30,,2910,,,0,70,,2911,,,0,30,,2912,,,0,70,,2913,,,0,30,,2914,,,0,70,,2915,,,0,30,,2916,,,0,70,,2917,,,0,28,,2918,,,0,72,,2919,,,0,28,,2930,,,0,69,,2920,,,0,25,,2923,,,0,70,,2924,,,0,30,,2925,,,0,70,,2926,,,0,32,,2927,,,0,68,,2928,,,0,20,,2929,,,0,28,,2931,,,0,70,,2922,0,21 3 22,0,30,,2921,0,21 3 22,0
2700,'2',626,,5911,,,0,33,,5841,,,0,76,,5842,,,0,13,,5843,,,0,53,,5844,,,0,13,,5845,,,0,13,,5846,,,0,13,,5847,,,0,13,,5848,,,0,53,,5849,,,0,12,,5850,,,0,13,,5851,,,0,13,,5852,,,0,13,,5853,,,0,53,,5854,,,0,13,,5855,,,0,13,,5856,,,0,13,,5857,,,0,53,,5858,,,0,13,,5859,,,0,13,,5860,,,0,13,,5861,,,0,13,,5862,,,0,53,,5863,,,0,12,,5864,,,0,12,,5865,,,0,12,,5866,,,0,12,,5867,,,0,52,,5868,,,0,12,,5869,,,0,12,,5870,,,0,12,,5871,,,0,12,,5872,,,0,52,,5873,,,0,15,,5874,,,0,13,,5875,,,0,13,,5876,,,0,53,,5877,,,0,13,,5878,,,0,13,,5879,,,0,13,,5880,,,0,13,,5881,,,0,55,,5882,,,0,15,,5883,,,0,9,,5884,,,0,11,,5885,,,0,11,,5886,,,0,51,,5887,,,0,11,,5888,,,0,11,,5889,,,0,11,,5890,,,0,11,,5891,,,0,51,,5892,,,0,9,,5893,,,0,6,,5894,,,0,13,,5895,,,0,15,,5896,,,0,13,,5897,,,0,54,,5898,,,0,13,,5899,,,0,17,,5900,,,0,17,,5901,,,0,57,,5902,,,0,17,,5903,,,0,17,,5904,,,0,56,,5905,,,0,16,,5906,,,0,27,,5907,,,0,67,,5908,,,0,27,,5909,,,0,70,,5910,,,0
2700,'3',926,,5912,,,0,29,,5914,,,0,98,,5923,,,0,76,,5915,,,0,72,,5933,,,0,32,,5924,,,0,72,,5916,,,0,32,,5913,,,0,72,,5925,,,0,34,,5917,,,0,72,,5932,,,0,30,,5926,,,0,74,,5918,,,0,32,,5934,,,0,70,,5927,,,0,34,,5919,,,0,72,,5935,,,0,17,,5928,,,0,85,,5920,,,0,85,,5929,,,0,45,,5921,,,0,80,,5930,,,0,80,,5922,,,0,40,,5931,,,0
2700,'30',908,,5936,,,0,45,,5943,,,0,85,,5937,,,0,85,,5944,,,0,85,,5938,,,0,48,,5945,,,0,72,,5947,,,0,27,,5939,,,0,77,,5946,,,0,72,,5948,,,0,32,,5940,,,0,72,,5949,,,0,32,,5951,,,0,72,,5941,,,0,35,,5950,,,0,86,,5942,,,0,85,,5953,,,0,85,,5952,,,0
2700,'4',908,,5954,,,0,45,,5961,,,0,85,,5955,,,0,85,,5962,,,0,85,,5956,,,0,48,,5963,,,0,72,,5965,,,0,27,,5957,,,0,77,,5964,,,0,72,,5966,,,0,32,,5958,,,0,72,,5967,,,0,32,,5969,,,0,72,,5959,,,0,35,,5968,,,0,86,,5960,,,0,85,,5971,,,0,85,,5970,,,0
12701,'3302',621,,8506,,,0,30,,8507,,,0,69,,8508,,,0,24,,8509,,,0,12,,8510,,,0,64,,8511,,,0,12,,8512,,,0,24,,8513,,,0,52,,8514,,,0,24,,8515,,,0,12,,8516,,,0,64,,8517,,,0,12,,8518,,,0,24,,8519,,,0,12,,8520,,,0,64,,8521,,,0,12,,8522,,,0,24,,8523,,,0,53,,8524,,,0,24,,8525,,,0,12,,8526,,,0,64,,8527,,,0,12,,8528,,,0,24,,8529,,,0,12,,8530,,,0,65,,8531,,,0,24,,8532,,,0,64,,8533,,,0,24,,8534,,,0,24,,8535,,,0,76,,8536,,,0,20,,8537,,,0,70,,8538,,,0,20,,8539,,,0,65,,8540,,,0,20,,8541,,,0,20,,8542,,,0,60,,8543,,,0,20,,8544,,,0,20,,8545,,,0,60,,8546,,,0,20,,8547,,,0,20,,8548,,,0,58,,8549,,,0,30,,8550,,,0,70,,8551,,,0,30,,8552,,,0,70,,8553,,,0,30,,8554,,,0,70,,8555,,,0
12701,'3602',732,,8556,,,0,76,,8557,,,0,36,,8558,,,0,76,,8559,,,0,36,,8560,,,0,76,,8561,,,0,76,,8562,,,0,36,,8563,,,0,77,,8564,,,0,36,,8565,,,0,76,,8566,,,0,77,,8567,,,0,24,,8568,,,0,24,,8569,,,0,64,,8570,,,0,24,,8571,,,0,68,,8572,,,0,10,,8573,,,0,20,,8574,,,0,60,,8575,,,0,10,,8576,,,0,20,,8577,,,0,20,,8578,,,0,50,,8579,,,0
12701,'3903',622,,8623,,,0,30,,8624,,,0,70,,8625,,,0,30,,8626,,,0,70,,8580,,,0,30,,8581,,,0,70,,8582,,,0,30,,8583,,,0,61,,8584,,,0,15,,8585,,,0,25,,8586,,,0,60,,8587,,,0,20,,8588,,,0,20,,8589,,,0,61,,8590,,,0,20,,8591,,,0,20,,8592,,,0,60,,8593,,,0,20,,8594,,,0,20,,8595,,,0,60,,8596,,,0,20,,8597,,,0,20,,8598,,,0,60,,8599,,,0,20,,8600,,,0,20,,8601,,,0,60,,8602,,,0,20,,8603,,,0,20,,8604,,,0,60,,8605,,,0,20,,8606,,,0,20,,8607,,,0,59,,8608,,,0,20,,8609,,,0,20,,8610,,,0,60,,8611,,,0,20,,8612,,,0,20,,8613,,,0,60,,8614,,,0,20,,8615,,,0,20,,8616,,,0,69,,8617,,,0,30,,8618,,,0,70,,8619,,,0,30,,8620,,,0,70,,8621,,,0,30,,8622,,,0
12701,'6404',722,,8660,,,0,30,,8661,,,0,70,,8662,,,0,30,,8663,,,0,55,,8627,,,0,20,,8628,,,0,20,,8629,,,0,60,,8630,,,0,20,,8631,,,0,20,,8632,,,0,60,,8633,,,0,20,,8634,,,0,20,,8635,,,0,62,,8636,,,0,20,,8637,,,0,20,,8638,,,0,60,,8639,,,0,20,,8640,,,0,20,,8641,,,0,60,,8642,,,0,20,,8643,,,0,20,,8644,,,0,60,,8645,,,0,20,,8646,,,0,20,,8647,,,0,60,,8648,,,0,20,,8649,,,0,20,,8650,,,0,60,,8651,,,0,15,,8652,,,0,35,,8653,,,0,75,,8654,,,0,75,,8655,,,0,35,,8656,,,0,75,,8657,,,0,35,,8658,,,0,75,,8659,,,0,75,,8664,,,0,35,,8665,,,0
