102,2237,1,0
102,13,2,0
102,1501,3,0
102,1503,4,0
102,2087,5,0
102,2084,6,0
102,2085,7,0
102,15,8,0
102,2089,9,0
102,9,10,0
102,1487,11,0
102,12,12,0
102,1941,13,0
102,1950,14,0
102,1948,15,0
102,1940,16,0
102,18,17,0
102,2313,18,0
102,2310,19,0
102,2306,20,0
102,2111,21,0
102,19,22,0
102,2460,23,0
102,2445,24,0
102,1661,25,0
102,1662,26,0
102,1664,27,0
102,2333,28,0
102,2335,29,0
102,2334,30,0
102,3702,31,0
102,1365,32,0
102,745,33,0
102,746,34,0
102,2255,35,0
102,2254,36,0
102,2249,37,0
102,1463,38,0
102,1733,39,0
102,1734,40,0
102,1735,41,0
102,750,42,0
102,751,43,0
102,334,44,0
102,2569,45,0
102,2439,46,0
102,2436,47,0
102,1532,48,0
102,1531,49,0
102,1472,50,0
102,1460,51,0
102,1468,52,0
102,1470,53,0
102,894,54,0
102,895,55,0
102,104,56,0
102,758,57,0
102,759,58,0
102,105,59,0
102,760,60,0
102,761,61,0
102,22,62,0
102,1885,63,0
102,1877,64,0
102,1986,65,0
102,2124,66,0
102,1870,67,0
102,2846,68,0
102,23,69,0
102,1159,70,0
102,1160,71,0
102,1163,72,0
102,1,73,1
103,1,1,0
103,1955,2,0
103,1957,3,0
103,1954,4,0
103,1953,5,0
103,1958,6,0
103,1956,7,0
103,2,8,0
103,1375,9,0
103,3805,10,0
103,1374,11,0
103,1874,12,0
103,975,13,0
103,1879,14,0
103,1890,15,0
103,370,16,0
103,3,17,0
103,2846,18,0
103,1871,19,0
103,2510,20,0
103,2123,21,0
103,1878,22,0
103,1886,23,0
103,4,24,0
103,813,25,0
103,814,26,0
103,110,27,0
103,815,28,0
103,816,29,0
103,241,30,0
103,822,31,0
103,823,32,0
103,1467,33,0
103,1471,34,0
103,1469,35,0
103,1461,36,0
103,1464,37,0
103,1462,38,0
103,2836,39,0
103,5,40,0
103,1534,41,0
103,2440,42,0
103,6,43,0
103,183,44,0
103,657,45,0
103,658,46,0
103,659,47,0
103,2255,48,0
103,2254,49,0
103,2249,50,0
103,1463,51,0
103,1733,52,0
103,1734,53,0
103,1735,54,0
103,660,55,0
103,661,56,0
103,1140,57,0
103,1142,58,0
103,2120,59,0
103,2119,60,0
103,2118,61,0
103,1660,62,0
103,1665,63,0
103,1663,64,0
103,1288,65,0
103,2444,66,0
103,2459,67,0
103,2458,68,0
103,8,69,0
103,2307,70,0
103,2305,71,0
103,2309,72,0
103,11,73,0
103,1943,74,0
103,1949,75,0
103,1945,76,0
103,1942,77,0
103,1944,78,0
103,2592,79,0
103,1381,80,0
103,1382,81,0
103,1383,82,0
103,2312,83,0
103,9,84,0
103,2091,85,0
103,10,86,0
103,2082,87,0
103,2086,88,0
103,2236,89,0
103,2238,90,0
103,2237,91,1
201,48,1,0
201,1149,2,0
201,367,3,0
201,1054,4,0
201,1055,5,0
201,2456,6,0
201,2457,7,0
201,2455,8,0
201,2450,9,0
201,2493,10,0
201,26,11,0
201,2497,12,0
201,2498,13,0
201,2492,14,0
201,2496,15,0
201,27,16,0
201,2209,17,0
201,1598,18,0
201,43,19,0
201,28,20,0
201,1549,21,0
201,29,22,0
201,1613,23,0
201,1608,24,0
201,1554,25,0
201,1585,26,0
201,1616,27,0
201,30,28,0
201,1584,29,0
201,1578,30,0
201,1596,31,0
201,1593,32,0
201,1595,33,0
201,1562,34,0
201,1583,35,0
201,1589,36,0
201,1564,37,0
201,1539,38,0
201,1591,39,0
201,31,40,0
201,1575,41,0
201,1573,42,0
201,1568,43,0
201,1544,44,0
201,1600,45,0
201,1607,46,0
201,1587,47,0
201,1561,48,0
201,1542,49,0
201,1560,50,0
201,1551,51,0
201,39,52,0
201,850,53,0
201,2850,54,0
201,33,55,0
201,851,56,0
201,852,57,0
201,294,58,0
201,1994,59,0
201,1991,60,0
201,2040,61,0
201,1366,62,0
201,1866,63,0
201,1867,64,0
201,1868,65,0
201,1869,66,0
201,36,67,0
201,1557,68,0
201,1612,69,0
201,1611,70,0
201,1571,71,0
201,1602,72,0
201,1548,73,0
201,34,74,1
204,36,1,0
204,35,2,0
204,2318,3,0
204,2324,4,0
204,862,5,0
204,1152,6,0
204,1153,7,0
204,864,8,0
204,865,9,0
204,34,10,0
204,1363,11,0
204,1361,12,0
204,1206,13,0
204,1214,14,0
204,1208,15,0
204,1392,16,0
204,1395,17,0
204,1394,18,0
204,1396,19,0
204,1603,20,0
204,1604,21,0
204,1572,22,0
204,1538,23,0
204,1558,24,0
204,32,25,0
204,1457,26,0
204,1553,27,0
204,1599,28,0
204,1543,29,0
204,1582,30,0
204,1606,31,0
204,1601,32,0
204,1545,33,0
204,1569,34,0
204,1570,35,0
204,1574,36,0
204,1576,37,0
204,40,38,0
204,1592,39,0
204,1541,40,0
204,1540,41,0
204,1565,42,0
204,1590,43,0
204,1556,44,0
204,1563,45,0
204,279,46,0
204,1594,47,0
204,1597,48,0
204,1567,49,0
204,1566,50,0
204,41,51,0
204,1617,52,0
204,1586,53,0
204,1555,54,0
204,1609,55,0
204,1614,56,0
204,1550,57,0
204,42,58,0
204,2855,59,0
204,458,60,0
204,2210,61,0
204,2594,62,0
204,2495,63,0
204,2494,64,0
204,2466,65,0
204,2484,66,0
204,45,67,0
204,2501,68,0
204,2448,69,0
204,2449,70,0
204,2454,71,0
204,2452,72,0
204,2451,73,0
204,46,74,0
204,148,75,0
204,107,76,0
204,1120,77,0
204,1050,78,0
204,764,79,0
204,766,80,0
204,767,81,0
204,47,82,0
204,803,83,0
204,804,84,0
204,806,85,0
204,805,86,0
204,808,87,0
204,809,88,0
204,1121,89,0
204,108,90,0
204,1119,91,0
204,262,92,0
204,48,93,1
301,654,1,0
301,112,2,0
301,2146,3,0
301,1851,4,0
301,1846,5,0
301,1860,6,0
301,1848,7,0
301,1844,8,0
301,1850,9,0
301,2579,10,0
301,50,11,0
301,1767,12,0
301,1781,13,0
301,1792,14,0
301,1790,15,0
301,1785,16,0
301,1794,17,0
301,1769,18,0
301,1788,19,0
301,1800,20,0
301,1798,21,0
301,1780,22,0
301,1787,23,0
301,1796,24,0
301,1773,25,0
301,51,26,0
301,1784,27,0
301,1782,28,0
301,1783,29,0
301,1802,30,0
301,1776,31,0
301,1766,32,0
301,1765,33,0
301,52,34,0
301,2185,35,0
301,2184,36,0
301,1458,37,0
301,1459,38,0
301,1682,39,0
301,53,40,1
304,53,1,0
304,1718,2,0
304,2016,3,0
304,2015,4,0
304,2018,5,0
304,2017,6,0
304,1987,7,0
304,2336,8,0
304,2337,9,0
304,55,10,0
304,2339,11,0
304,2338,12,0
304,1759,13,0
304,1757,14,0
304,1777,15,0
304,56,16,0
304,1774,17,0
304,1771,18,0
304,1797,19,0
304,1768,20,0
304,1775,21,0
304,1799,22,0
304,1778,23,0
304,1772,24,0
304,1789,25,0
304,1770,26,0
304,1801,27,0
304,1795,28,0
304,1786,29,0
304,1791,30,0
304,1793,31,0
304,1779,32,0
304,57,33,0
304,2580,34,0
304,1849,35,0
304,1845,36,0
304,1847,37,0
304,1859,38,0
304,2437,39,0
304,334,40,0
304,21,41,0
304,2439,42,0
304,752,43,0
304,1535,44,0
304,1533,45,0
304,821,46,0
304,182,47,0
304,654,48,1
402,72,1,0
402,1897,2,0
402,2242,3,0
402,2240,4,0
402,1659,5,0
402,2013,6,0
402,1921,7,0
402,1657,8,0
402,1647,9,0
402,1652,10,0
402,1644,11,0
402,1642,12,0
402,1654,13,0
402,1653,14,0
402,1650,15,0
402,2039,16,0
402,2035,17,0
402,2037,18,0
402,1618,19,0
402,1621,20,0
402,2226,21,0
402,2228,22,0
402,2508,23,0
402,77,24,0
402,1448,25,0
402,1450,26,0
402,71,27,0
402,1905,28,0
402,1907,29,0
402,1903,30,0
402,1930,31,0
402,1901,32,0
402,1932,33,0
402,1919,34,0
402,70,35,0
402,1013,36,0
402,1014,37,0
402,1015,38,0
402,76,39,0
402,1579,40,0
402,1679,41,0
402,1677,42,0
402,1681,43,0
402,2349,44,0
402,2347,45,0
402,2341,46,0
402,2344,47,0
402,2170,48,0
402,2153,49,0
402,2164,50,0
402,2157,51,0
402,78,52,0
402,2161,53,0
402,2152,54,0
402,2168,55,0
402,2173,56,0
402,2163,57,0
402,2155,58,0
402,2158,59,0
402,2165,60,0
402,221,61,0
402,1854,62,0
402,2128,63,0
402,79,64,0
402,2872,65,0
402,2132,66,0
402,80,67,0
402,193,68,0
402,2869,69,0
402,81,70,0
402,753,71,0
402,754,72,0
402,755,73,0
402,756,74,0
402,757,75,0
402,241,76,0
402,822,77,0
402,823,78,0
402,824,79,0
402,825,80,0
402,826,81,0
402,82,82,0
402,827,83,0
402,828,84,0
402,829,85,0
402,830,86,0
402,831,87,0
402,2062,88,0
402,832,89,0
402,833,90,0
402,2052,91,0
402,835,92,0
402,836,93,0
402,837,94,0
402,2864,95,0
402,243,96,0
402,61,97,1
403,70,1,0
403,69,2,0
403,64,3,0
403,65,4,0
403,112,5,0
403,2146,6,0
403,1852,7,0
403,1855,8,0
403,215,9,0
403,2166,10,0
403,2159,11,0
403,2160,12,0
403,2174,13,0
403,2169,14,0
403,2175,15,0
403,2162,16,0
403,66,17,0
403,2172,18,0
403,2154,19,0
403,2171,20,0
403,2345,21,0
403,2343,22,0
403,2342,23,0
403,2348,24,0
403,2346,25,0
403,1678,26,0
403,1577,27,0
403,1580,28,0
403,329,29,0
403,1091,30,0
403,1092,31,0
403,1651,32,0
403,1646,33,0
403,1655,34,0
403,1643,35,0
403,1645,36,0
403,1648,37,0
403,1649,38,0
403,1656,39,0
403,1922,40,0
403,2014,41,0
403,1658,42,0
403,2239,43,0
403,2241,44,0
403,1929,45,0
403,71,46,0
403,61,47,0
403,879,48,0
403,880,49,0
403,2864,50,0
403,62,51,0
403,881,52,0
403,882,53,0
403,883,54,0
403,884,55,0
403,885,56,0
403,886,57,0
403,887,58,0
403,888,59,0
403,889,60,0
403,890,61,0
403,63,62,0
403,891,63,0
403,892,64,0
403,893,65,0
403,894,66,0
403,895,67,0
403,111,68,0
403,818,69,0
403,819,70,0
403,2126,71,0
403,2131,72,0
403,820,73,0
403,821,74,0
403,1449,94,0
403,1447,95,0
403,67,96,0
403,2509,97,0
403,2227,98,0
403,2225,99,0
403,2369,100,0
403,1619,101,0
403,1620,102,0
403,2036,103,0
403,2038,104,0
403,1920,105,0
403,1902,106,0
403,1937,107,0
403,1904,108,0
403,1906,109,0
403,330,110,0
403,72,111,1
501,92,1,0
501,1737,2,0
501,1740,3,0
501,1741,4,0
501,1738,5,0
501,1746,6,0
501,1742,7,0
501,1739,8,0
501,94,9,0
501,1358,10,0
501,1359,11,0
501,1743,12,0
501,1744,13,0
501,1745,14,0
501,1736,15,0
501,1384,16,0
501,95,17,0
501,927,18,0
501,1155,19,0
501,1479,20,0
501,1478,21,0
501,1505,22,0
501,1490,23,0
501,1496,24,0
501,1497,25,0
501,2273,26,0
501,2290,27,0
501,2292,28,0
501,2278,29,0
501,2280,30,0
501,2286,31,0
501,3753,32,0
501,97,33,0
501,1068,34,0
501,153,35,0
501,89,36,0
501,307,37,0
501,1710,38,0
501,1712,39,0
501,1707,40,0
501,1705,41,0
501,2151,42,0
501,2147,43,0
501,2149,44,0
501,1729,45,0
501,1731,46,0
501,2268,47,0
501,2269,48,0
501,2284,49,0
501,2282,50,0
501,2271,51,0
501,2277,52,0
501,2275,53,0
501,2288,54,0
501,1863,55,0
501,2296,56,0
501,2295,57,0
501,2297,58,0
501,2556,59,0
501,2554,60,0
501,2555,61,0
501,2553,62,0
501,99,63,0
501,42,64,1
504,42,1,0
504,1605,2,0
504,2167,3,0
504,87,4,0
504,2557,5,0
504,1862,6,0
504,88,7,0
504,2276,8,0
504,1732,9,0
504,1730,10,0
504,2150,11,0
504,2148,12,0
504,1706,13,0
504,1708,14,0
504,1709,15,0
504,1711,16,0
504,299,17,0
504,98,18,0
504,144,19,0
504,1037,20,0
504,2272,21,0
504,2283,22,0
504,2285,23,0
504,2289,24,0
504,2270,25,0
504,90,26,0
504,2287,27,0
504,2281,28,0
504,2279,29,0
504,2291,30,0
504,2293,31,0
504,2274,32,0
504,1506,33,0
504,1498,34,0
504,1491,35,0
504,1492,36,0
504,1507,37,0
504,91,38,0
504,919,39,0
504,258,40,0
504,920,41,0
504,921,42,0
504,922,43,0
504,923,44,0
504,92,45,0
504,2873,46,1
602,116,1,0
602,2371,2,0
602,2373,3,0
602,3504,4,0
602,114,5,0
602,1289,6,0
602,1290,7,0
602,1308,8,0
602,1311,9,0
602,1278,10,0
602,1818,11,0
602,1819,12,0
602,1821,13,0
602,1825,14,0
602,1827,15,0
602,1823,16,0
602,103,17,0
602,1725,18,0
602,1726,19,0
602,1390,20,0
602,1388,21,0
602,2141,22,0
602,2130,23,0
602,79,24,0
602,2132,25,0
602,261,26,0
602,193,27,0
602,81,28,0
602,753,29,0
602,754,30,0
602,755,31,0
602,756,32,0
602,757,33,0
602,104,34,0
602,758,35,0
602,759,36,0
602,105,37,0
602,2868,38,0
602,760,39,0
602,761,40,0
602,762,41,0
602,2125,42,0
602,1139,43,0
602,763,44,0
602,262,45,0
602,2568,46,0
602,48,47,0
602,1149,48,0
602,1054,49,0
602,46,50,0
602,1960,51,0
602,107,52,1
603,48,1,0
603,1149,2,0
603,46,3,0
603,1960,4,0
603,107,5,0
603,1120,6,0
603,1050,7,0
603,1052,8,0
603,2138,9,0
603,2140,10,0
603,2135,11,0
603,2136,12,0
603,2144,13,0
603,811,14,0
603,812,15,0
603,813,16,0
603,814,17,0
603,110,18,0
603,815,19,0
603,816,20,0
603,111,21,0
603,818,22,0
603,819,23,0
603,2126,24,0
603,2131,25,0
603,820,26,0
603,821,27,0
603,1054,28,0
603,1055,29,0
603,2456,30,0
603,2457,31,0
603,2455,32,0
603,2450,33,0
603,2493,34,0
603,26,35,0
603,2497,36,0
603,2498,37,0
603,2492,38,0
603,2496,39,0
603,27,40,0
603,2209,41,0
603,65,42,0
603,2870,43,0
603,112,44,0
603,2146,45,0
603,2129,46,0
603,2142,47,0
603,2127,48,0
603,1389,49,0
603,1391,50,0
603,1722,51,0
603,1724,52,0
603,113,53,0
603,1824,54,0
603,1828,55,0
603,1826,56,0
603,1822,57,0
603,1820,58,0
603,1292,59,0
603,1277,60,0
603,1309,61,0
603,1307,62,0
603,1310,63,0
603,102,64,0
603,114,65,0
603,101,66,0
603,2372,67,0
603,2370,68,0
603,2375,69,0
603,2068,70,0
603,3820,71,0
603,116,72,1
701,28,1,0
701,1549,2,0
701,29,3,0
701,1613,4,0
701,1608,5,0
701,1554,6,0
701,1585,7,0
701,1616,8,0
701,30,9,0
701,1584,10,0
701,1578,11,0
701,1596,12,0
701,1593,13,0
701,1595,14,0
701,1562,15,0
701,1583,16,0
701,1589,17,0
701,1564,18,0
701,1539,19,0
701,1591,20,0
701,31,21,0
701,985,22,0
701,986,23,0
701,987,24,0
701,988,25,0
701,117,26,0
701,1380,27,0
701,1378,28,0
701,2416,29,0
701,2425,30,0
701,2431,31,0
701,2432,32,0
701,2422,33,0
701,2429,34,0
701,2427,35,0
701,2415,36,0
701,2414,37,0
701,2412,38,0
701,2417,39,0
701,2419,40,0
701,1538,41,0
701,1558,42,0
701,2587,43,0
701,32,44,1
704,32,1,0
704,1457,2,0
704,1557,3,0
704,1559,4,0
704,1612,5,0
704,2421,6,0
704,2418,7,0
704,2420,8,0
704,2413,9,0
704,386,10,0
704,2428,11,0
704,2423,12,0
704,2433,13,0
704,2430,14,0
704,2426,15,0
704,2424,16,0
704,1379,17,0
704,118,18,0
704,960,19,0
704,961,20,0
704,40,21,0
704,1592,22,0
704,1541,23,0
704,1540,24,0
704,1565,25,0
704,1590,26,0
704,1556,27,0
704,1563,28,0
704,279,29,0
704,1594,30,0
704,1597,31,0
704,1567,32,0
704,1566,33,0
704,41,34,0
704,1617,35,0
704,1586,36,0
704,1555,37,0
704,1609,38,0
704,1614,39,0
704,1550,40,0
704,42,41,0
704,1605,42,0
704,2167,43,0
704,2299,44,0
704,28,45,1
801,3733,1,0
801,3742,2,0
801,3743,3,0
801,3744,4,0
801,3745,5,0
801,3747,6,0
801,3748,7,0
801,123,8,0
801,937,9,0
801,938,10,0
801,939,11,0
801,940,12,0
801,124,13,0
801,2190,14,0
801,2193,15,0
801,2204,16,0
801,2203,17,0
801,2186,18,0
801,2188,19,0
801,2205,20,0
801,2207,21,0
801,125,22,0
801,2180,23,0
801,2199,24,0
801,2177,25,0
801,2197,26,0
801,2211,27,0
801,2183,28,0
801,27,29,0
801,2209,30,0
801,1598,31,0
801,43,32,0
801,28,33,0
801,1549,34,0
801,29,35,0
801,183,36,0
801,99,37,0
801,42,38,1
804,42,1,0
804,140,2,0
804,458,3,0
804,2210,4,0
804,44,5,0
804,2196,6,0
804,2212,7,0
804,2182,8,0
804,2178,9,0
804,2179,10,0
804,2200,11,0
804,2181,12,0
804,120,13,0
804,2208,14,0
804,2206,15,0
804,2189,16,0
804,2187,17,0
804,2201,18,0
804,2191,19,0
804,2192,20,0
804,121,21,0
804,2194,22,0
804,2176,23,0
804,2195,24,0
804,2202,25,0
804,918,26,0
804,122,27,0
804,258,28,0
804,920,29,0
804,3734,30,0
804,3735,31,0
804,3736,32,0
804,3732,33,0
804,3738,34,0
804,3737,35,0
804,3739,36,0
804,3740,37,0
804,3741,38,0
804,3733,39,1
901,1227,1,0
901,1350,2,0
901,1352,3,0
901,1344,4,0
901,1354,5,0
901,1347,6,0
901,1349,7,0
901,1703,8,0
901,1701,9,0
901,1981,10,0
901,1979,11,0
901,1975,12,0
901,1977,13,0
901,1983,14,0
901,1965,15,0
901,1963,16,0
901,134,17,0
901,1061,18,0
901,1228,19,0
901,1244,20,0
901,1234,21,0
901,1238,22,0
901,1242,23,0
901,1236,24,0
901,1224,25,0
901,1232,26,0
901,1247,27,0
901,1240,28,0
901,1226,29,0
901,1225,30,0
901,135,31,0
901,136,32,0
901,1045,33,0
901,1046,34,0
901,1047,35,0
901,1048,36,0
901,137,37,0
901,2456,38,0
901,2457,39,0
901,2081,40,0
901,2079,41,0
901,138,42,0
901,2532,43,0
901,2534,44,0
901,2537,45,0
901,2211,46,0
901,2183,47,0
901,27,48,0
901,2209,49,0
901,1598,50,0
901,43,51,0
901,28,52,0
901,1549,53,0
901,6,54,0
901,183,55,0
901,2545,56,0
901,99,57,0
901,140,58,0
901,2451,59,0
901,46,60,0
901,262,61,0
901,48,62,1
904,140,1,0
904,458,2,0
904,2210,3,0
904,44,4,0
904,2196,5,0
904,2535,6,0
904,2536,7,0
904,2533,8,0
904,2531,9,0
904,127,10,0
904,2078,11,0
904,2080,12,0
904,2452,13,0
904,48,14,0
904,1149,15,0
904,107,16,0
904,1054,17,0
904,367,18,0
904,1055,19,0
904,1056,20,0
904,128,21,0
904,1057,22,0
904,1058,23,0
904,1059,24,0
904,1060,25,0
904,427,26,0
904,129,27,0
904,2229,28,0
904,131,29,0
904,1245,30,0
904,1230,31,0
904,1239,32,0
904,1246,33,0
904,1231,34,0
904,1223,35,0
904,1235,36,0
904,1241,37,0
904,1237,38,0
904,1233,39,0
904,1243,40,0
904,1227,41,0
904,342,42,0
904,1964,43,0
904,1966,44,0
904,1982,45,0
904,1976,46,0
904,1974,47,0
904,1978,48,0
904,1980,49,0
904,1700,50,0
904,1702,51,0
904,361,52,0
904,362,53,0
904,1348,54,0
904,1355,55,0
904,1346,56,0
904,1345,57,0
904,1353,58,0
904,1351,59,0
904,1228,60,1
1002,348,1,0
1002,1007,2,0
1002,1008,3,0
1002,1009,4,0
1002,1010,5,0
1002,1011,6,0
1002,1012,7,0
1002,1013,8,0
1002,1014,9,0
1002,1015,10,0
1002,1016,11,0
1002,1017,12,0
1002,1018,13,0
1002,1019,14,0
1002,142,15,0
1002,1021,16,0
1002,1022,17,0
1002,173,18,0
1002,1023,19,0
1002,3784,20,0
1002,1024,21,0
1002,3782,22,0
1002,1025,23,0
1002,1026,24,0
1002,1027,25,0
1002,3508,26,0
1002,1030,27,0
1002,1031,28,0
1002,1032,29,0
1002,305,30,0
1002,1033,31,0
1002,306,32,0
1002,1034,33,0
1002,1035,34,0
1002,1337,35,0
1002,1036,36,0
1002,98,37,0
1002,144,38,0
1002,1037,39,0
1002,145,40,0
1002,1038,41,0
1002,1039,42,0
1002,1040,43,0
1002,146,44,0
1002,1041,45,0
1002,1042,46,0
1002,1043,47,0
1002,1044,48,0
1002,1045,49,0
1002,1046,50,0
1002,1047,51,0
1002,1048,52,0
1002,137,53,0
1002,2451,54,0
1002,46,55,0
1002,262,56,0
1002,48,57,0
1002,148,58,0
1002,107,59,0
1002,1120,60,0
1002,1050,61,0
1002,764,62,0
1002,766,63,0
1002,767,64,0
1002,47,65,1
1003,47,1,0
1003,803,2,0
1003,804,3,0
1003,806,4,0
1003,805,5,0
1003,808,6,0
1003,809,7,0
1003,1121,8,0
1003,108,9,0
1003,262,10,0
1003,48,11,0
1003,1149,12,0
1003,367,13,0
1003,1054,14,0
1003,1055,15,0
1003,1056,16,0
1003,128,17,0
1003,1057,18,0
1003,1058,19,0
1003,1059,20,0
1003,1060,21,0
1003,2527,22,0
1003,1062,23,0
1003,1123,24,0
1003,1064,25,0
1003,1065,26,0
1003,151,27,0
1003,1066,28,0
1003,1067,29,0
1003,97,30,0
1003,1068,31,0
1003,153,32,0
1003,89,33,0
1003,1125,34,0
1003,1069,35,0
1003,1070,36,0
1003,1071,37,0
1003,1072,38,0
1003,1073,39,0
1003,300,40,0
1003,152,41,0
1003,2526,42,0
1003,301,43,0
1003,1074,44,0
1003,1075,45,0
1003,154,46,0
1003,1028,47,0
1003,1077,48,0
1003,1078,49,0
1003,1079,50,0
1003,1080,51,0
1003,1081,52,0
1003,3784,53,0
1003,3783,54,0
1003,3782,55,0
1003,1082,56,0
1003,1083,57,0
1003,1084,58,0
1003,1085,59,0
1003,155,60,0
1003,1087,61,0
1003,1088,62,0
1003,1089,63,0
1003,1090,64,0
1003,1091,65,0
1003,1092,66,0
1003,1093,67,0
1003,1094,68,0
1003,1095,69,0
1003,1096,70,0
1003,1097,71,0
1003,1372,72,0
1003,1124,73,1
1101,3507,1,0
1101,2393,2,0
1101,2407,3,0
1101,2391,4,0
1101,1511,5,0
1101,1512,6,0
1101,161,7,0
1101,1499,8,0
1101,162,9,0
1101,3559,10,0
1101,3560,11,0
1101,3561,12,0
1101,3580,13,0
1101,164,14,0
1101,1303,15,0
1101,1305,16,0
1101,1299,17,0
1101,1301,18,0
1101,2247,19,0
1101,165,20,0
1101,1636,21,0
1101,1639,22,0
1101,1638,23,0
1101,2482,24,0
1101,2468,25,0
1101,2503,26,0
1101,2479,27,0
1101,2480,28,0
1101,2470,29,0
1101,2465,30,0
1101,2471,31,0
1101,2486,32,0
1101,2296,33,0
1101,2295,34,0
1101,2297,35,0
1101,2554,36,0
1101,2300,37,0
1101,2299,38,0
1101,28,39,1
1104,42,1,0
1104,1605,2,0
1104,2167,3,0
1104,87,4,0
1104,2557,5,0
1104,326,6,0
1104,2472,7,0
1104,2477,8,0
1104,2485,9,0
1104,2481,10,0
1104,2474,11,0
1104,2504,12,0
1104,2469,13,0
1104,1961,14,0
1104,1962,15,0
1104,1985,16,0
1104,1640,17,0
1104,1637,18,0
1104,157,19,0
1104,2253,20,0
1104,2248,21,0
1104,1302,22,0
1104,1300,23,0
1104,1304,24,0
1104,158,25,0
1104,1320,26,0
1104,3554,27,0
1104,3556,28,0
1104,3557,29,0
1104,3558,30,0
1104,301,31,0
1104,1074,32,0
1104,1075,33,0
1104,3507,34,1
1202,3791,1,0
1202,3792,2,0
1202,3797,3,0
1202,3719,4,0
1202,3720,5,0
1202,3721,6,0
1202,3722,7,0
1202,3723,8,0
1202,3724,9,0
1202,3705,10,0
1202,3725,11,0
1202,3726,12,0
1202,3727,13,0
1202,3707,14,0
1202,3731,15,0
1202,3729,16,0
1202,3813,17,0
1202,3800,18,0
1202,1082,19,0
1202,1083,20,0
1202,3793,21,0
1202,3794,22,0
1202,3795,23,0
1202,3796,24,0
1202,2397,25,0
1202,2395,26,0
1202,2404,27,0
1202,1508,28,0
1202,1484,29,0
1202,1482,30,0
1202,2475,31,0
1202,176,32,0
1202,2490,33,0
1202,2478,34,0
1202,2482,35,0
1202,2468,36,0
1202,2503,37,0
1202,2479,38,0
1202,2480,39,0
1202,2470,40,0
1202,2465,41,0
1202,2471,42,0
1202,2486,43,0
1202,2499,44,0
1202,27,45,0
1202,2209,46,0
1202,1598,47,0
1202,43,48,0
1202,28,49,0
1202,1549,50,0
1202,2856,51,0
1202,6,52,0
1202,183,53,0
1202,2545,54,0
1202,99,55,0
1202,42,56,0
1202,170,57,1
1203,42,1,0
1203,458,2,0
1203,2210,3,0
1203,2506,4,0
1203,2500,5,0
1203,326,6,0
1203,2472,7,0
1203,2477,8,0
1203,2485,9,0
1203,2481,10,0
1203,2474,11,0
1203,2504,12,0
1203,2469,13,0
1203,2483,14,0
1203,2487,15,0
1203,2473,16,0
1203,169,17,0
1203,2476,18,0
1203,170,19,0
1203,1493,20,0
1203,1483,21,0
1203,1485,22,0
1203,2390,23,0
1203,2405,24,0
1203,2406,25,0
1203,2396,26,0
1203,314,27,0
1203,2042,28,0
1203,1332,29,0
1203,1333,30,0
1203,1331,31,0
1203,1334,32,0
1203,171,33,0
1203,2505,34,0
1203,2488,35,0
1203,3791,36,1
1302,188,1,0
1302,653,2,0
1302,703,3,0
1302,704,4,0
1302,1099,5,0
1302,707,6,0
1302,708,7,0
1302,709,8,0
1302,710,9,0
1302,711,10,0
1302,712,11,0
1302,713,12,0
1302,1154,13,0
1302,190,14,0
1302,715,15,0
1302,716,16,0
1302,717,17,0
1302,718,18,0
1302,719,19,0
1302,720,20,0
1302,721,21,0
1302,684,22,0
1302,723,23,0
1302,724,24,0
1302,725,25,0
1302,726,26,0
1302,727,27,0
1302,728,28,0
1302,683,29,0
1302,731,30,0
1302,732,31,0
1302,733,32,0
1302,735,33,0
1302,705,34,0
1302,706,35,0
1302,191,36,0
1302,734,37,0
1302,2435,38,0
1302,736,39,0
1302,737,40,0
1302,738,41,0
1302,739,42,0
1302,192,43,0
1302,740,44,0
1302,741,45,0
1302,742,46,0
1302,743,47,0
1302,744,48,0
1302,745,49,0
1302,746,50,0
1302,747,51,0
1302,748,52,0
1302,749,53,0
1302,750,54,0
1302,751,55,0
1302,334,56,0
1302,2569,57,0
1302,752,58,0
1302,193,59,0
1302,81,60,0
1302,753,61,0
1302,754,62,0
1302,755,63,0
1302,756,64,0
1302,757,65,0
1302,104,66,0
1302,758,67,0
1302,759,68,0
1302,105,69,0
1302,760,70,0
1302,761,71,0
1302,762,72,0
1302,1139,73,0
1302,763,74,0
1302,148,75,0
1302,107,76,0
1302,1120,77,0
1302,764,78,0
1302,765,79,0
1302,766,80,0
1302,767,81,0
1302,149,82,0
1302,769,83,0
1302,770,84,0
1302,2589,85,0
1302,772,86,0
1302,773,87,0
1302,774,88,0
1302,775,89,0
1302,194,90,0
1302,1145,91,0
1302,1146,92,0
1302,1147,93,0
1302,179,94,0
1302,3570,95,0
1302,3571,96,1
1303,3571,1,0
1303,3563,2,0
1303,3564,3,0
1303,3578,4,0
1303,3565,5,0
1303,3579,6,0
1303,3567,7,0
1303,3568,8,0
1303,3569,9,0
1303,196,10,0
1303,1194,11,0
1303,194,12,0
1303,1145,13,0
1303,1146,14,0
1303,1147,15,0
1303,180,16,0
1303,795,17,0
1303,796,18,0
1303,179,19,0
1303,1133,20,0
1303,1126,21,0
1303,1136,22,0
1303,1137,23,0
1303,1135,24,0
1303,1134,25,0
1303,1127,26,0
1303,1132,27,0
1303,1130,28,0
1303,1128,29,0
1303,1129,30,0
1303,181,31,0
1303,797,32,0
1303,798,33,0
1303,799,34,0
1303,800,35,0
1303,771,36,0
1303,150,37,0
1303,803,38,0
1303,804,39,0
1303,806,40,0
1303,805,41,0
1303,808,42,0
1303,809,43,0
1303,1121,44,0
1303,108,45,0
1303,1119,46,0
1303,810,47,0
1303,1138,48,0
1303,811,49,0
1303,812,50,0
1303,813,51,0
1303,814,52,0
1303,110,53,0
1303,815,54,0
1303,816,55,0
1303,111,56,0
1303,818,57,0
1303,819,58,0
1303,2126,59,0
1303,2131,60,0
1303,820,61,0
1303,821,62,0
1303,182,63,0
1303,49,64,0
1303,655,65,0
1303,656,66,0
1303,183,67,0
1303,657,68,0
1303,658,69,0
1303,659,70,0
1303,660,71,0
1303,661,72,0
1303,1140,73,0
1303,1142,74,0
1303,663,75,0
1303,664,76,0
1303,665,77,0
1303,184,78,0
1303,666,79,0
1303,667,80,0
1303,668,81,0
1303,669,82,0
1303,670,83,0
1303,671,84,0
1303,672,85,0
1303,185,86,0
1303,673,87,0
1303,674,88,0
1303,186,89,0
1303,675,90,0
1303,676,91,0
1303,677,92,0
1303,678,93,0
1303,679,94,0
1303,680,95,0
1303,681,96,0
1303,682,97,0
1303,729,98,0
1303,722,99,0
1303,685,100,0
1303,686,101,0
1303,687,102,0
1303,688,103,0
1303,689,104,0
1303,690,105,0
1303,691,106,0
1303,1177,107,0
1303,1144,108,0
1303,692,109,0
1303,693,110,0
1303,694,111,0
1303,695,112,0
1303,696,113,0
1303,697,114,0
1303,699,115,0
1303,700,116,0
1303,703,117,0
1303,701,118,0
1303,702,119,0
1303,188,120,1
1402,1124,1,0
1402,1099,2,0
1402,1100,3,0
1402,1367,4,0
1402,1101,5,0
1402,1102,6,0
1402,1181,7,0
1402,187,8,0
1402,1179,9,0
1402,676,10,0
1402,1104,11,0
1402,1105,12,0
1402,199,13,0
1402,1106,14,0
1402,1107,15,0
1402,2090,16,0
1402,1109,17,0
1402,1108,18,0
1402,222,19,0
1402,2083,20,0
1402,1110,21,0
1402,1502,22,0
1402,1111,23,0
1402,3525,24,0
1402,200,25,0
1402,1112,26,0
1402,1113,27,0
1402,201,28,0
1402,960,29,0
1402,961,30,0
1402,203,31,0
1402,962,32,0
1402,963,33,0
1402,204,34,0
1402,964,35,0
1402,965,36,0
1402,966,37,0
1402,205,38,0
1402,967,39,0
1402,968,40,0
1402,969,41,0
1402,970,42,0
1402,971,43,0
1402,972,44,0
1402,973,45,0
1402,206,46,1
1403,206,1,0
1403,1875,2,0
1403,976,3,0
1403,977,4,0
1403,978,5,0
1403,340,6,0
1403,979,7,0
1403,980,8,0
1403,981,9,0
1403,209,10,0
1403,982,11,0
1403,983,12,0
1403,210,13,0
1403,985,14,0
1403,986,15,0
1403,987,16,0
1403,988,17,0
1403,212,18,0
1403,989,19,0
1403,990,20,0
1403,213,21,0
1403,991,22,0
1403,14,23,0
1403,992,24,0
1403,993,25,0
1403,994,26,0
1403,995,27,0
1403,996,28,0
1403,997,29,0
1403,998,30,0
1403,999,31,0
1403,214,32,0
1403,730,33,0
1403,1001,34,0
1403,1002,35,0
1403,1178,36,0
1403,1182,37,0
1403,1180,38,0
1403,1003,39,0
1403,1005,40,0
1403,1004,41,0
1403,1006,42,0
1403,699,43,0
1403,700,44,0
1403,348,45,1
1502,143,1,0
1502,1028,2,0
1502,1077,3,0
1502,2410,4,0
1502,2403,5,0
1502,2402,6,0
1502,2400,7,0
1502,219,8,0
1502,1270,9,0
1502,1265,10,0
1502,1267,11,0
1502,1261,12,0
1502,1319,13,0
1502,1314,14,0
1502,1312,15,0
1502,1296,16,0
1502,220,17,0
1502,1283,18,0
1502,1397,19,0
1502,1400,20,0
1502,1405,21,0
1502,1402,22,0
1502,1377,23,0
1502,1376,24,0
1502,2158,25,0
1502,2165,26,0
1502,221,27,0
1502,1854,28,0
1502,2128,29,0
1502,79,30,0
1502,2133,31,1
1503,654,1,0
1503,112,2,0
1503,2146,3,0
1503,1852,4,0
1503,1855,5,0
1503,215,6,0
1503,2166,7,0
1503,2159,8,0
1503,2160,9,0
1503,1634,10,0
1503,1635,11,0
1503,1633,12,0
1503,1626,13,0
1503,1632,14,0
1503,1631,15,0
1503,1629,16,0
1503,1622,17,0
1503,216,18,0
1503,1313,19,0
1503,1315,20,0
1503,1316,21,0
1503,3809,22,0
1503,1320,23,0
1503,1262,24,0
1503,1259,25,0
1503,1268,26,0
1503,1263,27,0
1503,1260,28,0
1503,217,29,0
1503,2401,30,0
1503,2398,31,0
1503,2394,32,0
1503,2409,33,0
1503,3506,34,0
1503,3787,35,0
1503,1672,36,0
1503,1673,37,0
1503,303,38,0
1503,1515,39,0
1503,1516,40,0
1503,1517,41,0
1503,2000,42,0
1503,3788,43,0
1503,1027,44,0
1503,143,45,1
1602,3581,1,0
1602,1973,2,0
1602,3555,3,0
1602,1972,4,0
1602,3572,5,0
1602,2122,6,0
1602,2011,7,0
1602,1495,8,0
1602,309,9,0
1602,991,10,0
1602,235,11,0
1602,2083,12,0
1602,1274,13,0
1602,1271,14,0
1602,1272,15,0
1602,1518,16,0
1602,1520,17,0
1602,1111,18,0
1602,13,19,0
1602,1501,20,0
1602,1503,21,0
1602,1487,22,0
1602,1481,23,0
1602,1489,24,0
1602,1476,25,0
1602,1166,26,0
1602,1168,27,0
1602,1169,28,0
1602,1170,29,0
1602,223,30,0
1602,1173,31,0
1602,1195,32,0
1602,608,33,0
1602,1175,34,0
1602,607,35,0
1602,1171,36,0
1602,2847,37,0
1602,225,38,0
1602,2848,39,0
1602,1172,40,0
1602,598,41,0
1602,1174,42,0
1602,1186,43,0
1602,1183,44,0
1602,1192,45,0
1602,604,46,0
1602,227,47,0
1602,1200,48,0
1602,1189,49,0
1602,23,50,0
1602,1159,51,0
1602,1160,52,0
1602,1161,53,0
1602,1203,54,0
1602,603,55,0
1602,1194,56,0
1602,180,57,0
1602,795,58,0
1602,796,59,0
1602,798,60,0
1602,799,61,0
1602,800,62,0
1602,771,63,0
1602,1997,64,1
1603,1997,1,0
1603,769,2,0
1603,770,3,0
1603,2589,4,0
1603,772,5,0
1603,773,6,0
1603,774,7,0
1603,775,8,0
1603,228,9,0
1603,776,10,0
1603,1202,11,0
1603,1204,12,0
1603,1162,13,0
1603,1164,14,0
1603,1165,15,0
1603,229,16,0
1603,1190,17,0
1603,1201,18,0
1603,230,19,0
1603,605,20,0
1603,1193,21,0
1603,1184,22,0
1603,1187,23,0
1603,1185,24,0
1603,599,25,0
1603,1191,26,0
1603,1188,27,0
1603,231,28,0
1603,2848,29,0
1603,232,30,0
1603,2847,31,0
1603,606,32,0
1603,1158,33,0
1603,1176,34,0
1603,596,35,0
1603,601,36,0
1603,234,37,0
1603,1198,38,0
1603,1196,39,0
1603,1199,40,0
1603,1167,41,0
1603,1475,42,0
1603,1488,43,0
1603,1480,44,0
1603,1486,45,0
1603,1500,46,0
1603,1502,47,0
1603,235,48,0
1603,1519,49,0
1603,1521,50,0
1603,1522,51,0
1603,1715,52,0
1603,1716,53,0
1603,1717,54,0
1603,2090,55,0
1603,1109,56,0
1603,1108,57,0
1603,222,58,0
1603,2083,59,0
1603,1111,60,0
1603,309,61,0
1603,1494,62,0
1603,3499,63,0
1603,3548,64,0
1603,3549,65,0
1603,3550,66,0
1603,3551,67,0
1603,3581,68,1
1701,237,1,0
1701,924,2,0
1701,925,3,0
1701,926,4,0
1701,95,5,0
1701,927,6,0
1701,1155,7,0
1701,123,8,0
1701,937,9,0
1701,938,10,0
1701,939,11,0
1701,940,12,0
1701,941,13,0
1701,267,14,0
1701,942,15,0
1701,943,16,0
1701,930,17,0
1701,931,18,0
1701,932,19,0
1701,933,20,0
1701,934,21,0
1701,935,22,0
1701,936,23,0
1701,463,24,0
1701,944,25,0
1701,945,26,0
1701,946,27,0
1701,947,28,0
1701,948,29,0
1701,949,30,0
1701,238,31,0
1701,950,32,0
1701,951,33,0
1701,952,34,0
1701,953,35,0
1701,954,36,0
1701,955,37,0
1701,956,38,0
1701,957,39,0
1701,958,40,0
1701,959,41,0
1701,241,42,0
1701,822,43,0
1701,823,44,0
1701,824,45,0
1701,825,46,0
1701,826,47,0
1701,82,48,0
1701,827,49,0
1701,828,50,0
1701,829,51,0
1701,830,52,0
1701,831,53,0
1701,2062,54,0
1701,832,55,0
1701,833,56,0
1701,2052,57,0
1701,835,58,0
1701,836,59,0
1701,837,60,0
1701,243,61,0
1701,248,62,0
1701,839,63,0
1701,840,64,0
1701,1151,65,0
1701,3801,66,0
1701,246,67,0
1701,841,68,0
1701,842,69,0
1701,843,70,0
1701,844,71,0
1701,845,72,0
1701,1156,73,0
1701,846,74,0
1701,847,75,0
1701,848,76,0
1701,849,77,0
1701,39,78,0
1701,850,79,0
1701,2850,80,0
1701,33,81,0
1701,851,82,0
1701,852,83,0
1701,294,84,0
1701,853,85,0
1701,854,86,0
1701,855,87,0
1701,856,88,0
1701,857,89,0
1701,247,90,1
1704,247,1,0
1704,1719,2,0
1704,858,3,0
1704,859,4,0
1704,861,5,0
1704,860,6,0
1704,862,7,0
1704,1152,8,0
1704,1153,9,0
1704,864,10,0
1704,865,11,0
1704,32,12,0
1704,1457,13,0
1704,868,14,0
1704,869,15,0
1704,870,16,0
1704,871,17,0
1704,873,18,0
1704,872,19,0
1704,874,20,0
1704,249,21,0
1704,876,22,0
1704,877,23,0
1704,878,24,0
1704,489,25,0
1704,251,26,0
1704,879,27,0
1704,880,28,0
1704,62,29,0
1704,881,30,0
1704,882,31,0
1704,883,32,0
1704,884,33,0
1704,885,34,0
1704,886,35,0
1704,887,36,0
1704,888,37,0
1704,889,38,0
1704,890,39,0
1704,63,40,0
1704,891,41,0
1704,892,42,0
1704,893,43,0
1704,894,44,0
1704,895,45,0
1704,253,46,0
1704,896,47,0
1704,897,48,0
1704,898,49,0
1704,899,50,0
1704,900,51,0
1704,901,52,0
1704,460,53,0
1704,902,54,0
1704,903,55,0
1704,904,56,0
1704,905,57,0
1704,255,58,0
1704,257,59,0
1704,906,60,0
1704,907,61,0
1704,908,62,0
1704,909,63,0
1704,269,64,0
1704,910,65,0
1704,268,66,0
1704,911,67,0
1704,912,68,0
1704,913,69,0
1704,914,70,0
1704,915,71,0
1704,917,72,0
1704,916,73,0
1704,918,74,0
1704,122,75,0
1704,258,76,0
1704,920,77,0
1704,921,78,0
1704,922,79,0
1704,923,80,0
1704,237,81,1
1802,43,1,0
1802,2495,2,0
1802,2494,3,0
1802,2466,4,0
1802,2484,5,0
1802,45,6,0
1802,2501,7,0
1802,2448,8,0
1802,2449,9,0
1802,2454,10,0
1802,2452,11,0
1802,2451,12,0
1802,46,13,0
1802,48,14,1
1803,48,1,0
1803,1054,2,0
1803,1055,3,0
1803,2456,4,0
1803,2457,5,0
1803,2081,6,0
1803,2079,7,0
1803,138,8,0
1803,2532,9,0
1803,2534,10,0
1803,2537,11,0
1803,2211,12,0
1803,2183,13,0
1803,2495,14,0
1803,43,15,1
1901,2230,1,0
1901,3467,2,0
1901,3487,3,0
1901,3583,4,0
1901,3480,5,0
1901,3481,6,0
1901,3485,7,0
1901,1893,8,0
1901,1891,9,0
1901,2357,10,0
1901,2367,11,0
1901,2362,12,0
1901,2364,13,0
1901,2355,14,0
1901,2361,15,0
1901,3575,16,0
1901,2352,17,0
1901,2365,18,0
1901,2359,19,0
1901,1946,20,0
1901,1951,21,0
1901,125,22,0
1901,2180,23,0
1901,2199,24,0
1901,2177,25,0
1901,2197,26,0
1901,2211,27,0
1901,2183,28,0
1901,27,29,0
1901,2209,30,0
1901,1598,31,0
1901,43,32,0
1901,28,33,0
1901,1549,34,0
1901,6,35,0
1901,183,36,0
1901,2545,37,0
1901,99,38,0
1901,140,39,1
1904,140,1,0
1904,458,2,0
1904,2210,3,0
1904,44,4,0
1904,2196,5,0
1904,2212,6,0
1904,2182,7,0
1904,2178,8,0
1904,2179,9,0
1904,2200,10,0
1904,2181,11,0
1904,1038,12,0
1904,1952,13,0
1904,1947,14,0
1904,2351,15,0
1904,2366,16,0
1904,2350,17,0
1904,2353,18,0
1904,2354,19,0
1904,2356,20,0
1904,2363,21,0
1904,2368,22,0
1904,2358,23,0
1904,942,24,0
1904,943,25,0
1904,3464,26,0
1904,3482,27,0
1904,3484,28,0
1904,1892,29,0
1904,3483,30,0
1904,3582,31,0
1904,3486,32,0
1904,3466,33,0
1904,3498,34,1
2001,1325,1,0
2001,1321,2,0
2001,459,3,0
2001,3472,4,0
2001,3781,5,0
2001,3475,6,0
2001,3474,7,0
2001,3488,8,0
2001,3489,9,0
2001,3490,10,0
2001,3471,11,0
2001,3497,12,0
2001,3501,13,0
2001,3502,14,0
2001,3503,15,0
2001,2097,16,0
2001,3469,17,0
2001,238,18,0
2001,274,19,0
2001,2094,20,0
2001,2092,21,0
2001,1323,22,0
2001,952,23,0
2001,1442,24,0
2001,1444,25,0
2001,1437,26,0
2001,1439,27,0
2001,1445,28,0
2001,2079,29,0
2001,138,30,0
2001,2532,31,0
2001,2534,32,0
2001,2537,33,0
2001,2211,34,0
2001,2183,35,0
2001,27,36,0
2001,2209,37,0
2001,1598,38,0
2001,43,39,0
2001,28,40,0
2001,1549,41,0
2001,29,42,0
2001,1613,43,0
2001,1608,44,0
2001,1554,45,0
2001,1585,46,0
2001,1616,47,0
2001,30,48,0
2001,1584,49,0
2001,1578,50,0
2001,1596,51,0
2001,1593,52,0
2001,276,53,0
2001,2109,54,0
2001,2106,55,0
2001,2104,56,0
2001,2218,57,0
2001,1714,58,0
2001,2030,59,0
2001,277,60,0
2001,2019,61,0
2001,2024,62,0
2001,2028,63,0
2001,836,64,0
2001,837,65,0
2001,2864,66,0
2001,243,67,0
2001,245,68,1
2004,245,1,0
2004,879,2,0
2004,880,3,0
2004,2864,4,0
2004,62,5,0
2004,881,6,0
2004,2027,7,0
2004,2029,8,0
2004,2020,9,0
2004,2025,10,0
2004,278,11,0
2004,2022,12,0
2004,2023,13,0
2004,2108,14,0
2004,2105,15,0
2004,2107,16,0
2004,2103,17,0
2004,279,18,0
2004,1594,19,0
2004,1597,20,0
2004,1567,21,0
2004,1566,22,0
2004,41,23,0
2004,1617,24,0
2004,1586,25,0
2004,1555,26,0
2004,1609,27,0
2004,1614,28,0
2004,1550,29,0
2004,42,30,0
2004,140,31,0
2004,458,32,0
2004,2210,33,0
2004,44,34,0
2004,2196,35,0
2004,2535,36,0
2004,2536,37,0
2004,2533,38,0
2004,2531,39,0
2004,127,40,0
2004,1446,41,0
2004,1440,42,0
2004,1438,43,0
2004,1436,44,0
2004,1441,45,0
2004,1443,46,0
2004,1324,47,0
2004,2093,48,0
2004,2095,49,0
2004,2100,50,0
2004,2844,51,0
2004,2099,52,0
2004,2098,53,0
2004,2096,54,0
2004,1322,55,0
2004,1325,56,0
2004,1321,57,0
2004,1386,58,0
2004,1387,59,0
2004,3469,60,1
2102,2133,1,0
2102,193,2,0
2102,81,3,0
2102,753,4,0
2102,754,5,0
2102,755,6,0
2102,756,7,0
2102,757,8,0
2102,104,9,0
2102,758,10,0
2102,759,11,0
2102,105,12,0
2102,1432,13,0
2102,1430,14,0
2102,1418,15,0
2102,1423,16,0
2102,1434,17,0
2102,283,18,0
2102,1428,19,0
2102,1416,20,0
2102,1420,21,0
2102,1413,22,0
2102,1414,23,0
2102,1412,24,0
2102,1425,25,0
2102,2010,26,0
2102,2008,27,0
2102,2006,28,0
2102,2003,29,0
2102,978,30,0
2102,340,31,0
2102,3465,32,0
2102,284,33,0
2102,1887,34,0
2102,1889,35,0
2102,1881,36,0
2102,325,37,0
2102,1329,38,0
2102,1326,39,0
2102,1327,40,0
2102,1330,41,0
2102,1328,42,0
2102,2246,43,0
2102,2245,44,0
2102,2244,45,0
2102,285,46,1
2103,285,1,0
2103,2044,2,0
2103,2043,3,0
2103,1452,4,0
2103,1455,5,0
2103,1453,6,0
2103,2221,7,0
2103,2224,8,0
2103,1882,9,0
2103,1888,10,0
2103,287,11,0
2103,337,12,0
2103,1884,13,0
2103,2004,14,0
2103,2007,15,0
2103,2009,16,0
2103,2002,17,0
2103,1422,18,0
2103,1415,19,0
2103,1427,20,0
2103,1421,21,0
2103,1417,22,0
2103,1429,23,0
2103,1411,24,0
2103,288,25,0
2103,1435,26,0
2103,1424,27,0
2103,1419,28,0
2103,1431,29,0
2103,1433,30,0
2103,1426,31,0
2103,815,32,0
2103,816,33,0
2103,111,34,0
2103,818,35,0
2103,819,36,0
2103,2126,37,0
2103,2131,38,0
2103,820,39,0
2103,821,40,0
2103,182,41,0
2103,654,42,1
2201,28,1,0
2201,1549,2,0
2201,29,3,0
2201,1613,4,0
2201,1610,5,0
2201,2558,6,0
2201,2546,7,0
2201,2551,8,0
2201,2561,9,0
2201,2543,10,0
2201,2549,11,0
2201,2547,12,0
2201,289,13,0
2201,1691,14,0
2201,1687,15,0
2201,1693,16,0
2201,1689,17,0
2201,1683,18,0
2201,1695,19,0
2201,290,20,0
2201,1685,21,0
2201,1575,22,0
2201,1754,23,0
2201,1752,24,0
2201,1760,25,0
2201,291,26,0
2201,1762,27,0
2201,1764,28,0
2201,2327,29,0
2201,2329,30,0
2201,2331,31,0
2201,2317,32,0
2201,2323,33,0
2201,2319,34,0
2201,862,35,0
2201,1152,36,0
2201,1153,37,0
2201,2850,38,0
2201,864,39,0
2201,865,40,0
2201,867,41,0
2201,39,42,1
2204,39,1,0
2204,850,2,0
2204,2850,3,0
2204,33,4,0
2204,851,5,0
2204,852,6,0
2204,294,7,0
2204,2321,8,0
2204,2316,9,0
2204,2322,10,0
2204,2332,11,0
2204,2330,12,0
2204,2328,13,0
2204,1761,14,0
2204,295,15,0
2204,1758,16,0
2204,1756,17,0
2204,1753,18,0
2204,1755,19,0
2204,1686,20,0
2204,296,21,0
2204,1696,22,0
2204,1684,23,0
2204,1690,24,0
2204,1694,25,0
2204,1688,26,0
2204,1692,27,0
2204,297,28,0
2204,2548,29,0
2204,2550,30,0
2204,2544,31,0
2204,2562,32,0
2204,2552,33,0
2204,119,34,0
2204,2559,35,0
2204,2545,36,0
2204,99,37,0
2204,42,38,0
2204,140,39,1
2301,303,1,0
2301,1515,2,0
2301,1516,3,0
2301,1517,4,0
2301,2000,5,0
2301,1027,6,0
2301,3505,7,0
2301,1028,8,0
2301,1077,9,0
2301,1029,10,0
2301,1030,11,0
2301,1031,12,0
2301,1032,13,0
2301,2880,14,0
2301,305,15,0
2301,1033,16,0
2301,306,17,0
2301,1034,18,0
2301,1035,19,0
2301,1337,20,0
2301,1036,21,0
2301,307,22,0
2301,1710,23,0
2301,1712,24,0
2301,1707,25,0
2301,1705,26,0
2301,2151,27,0
2301,2147,28,0
2301,2149,29,0
2301,1729,30,0
2301,1731,31,0
2301,2275,32,0
2301,2288,33,0
2301,1863,34,0
2301,2296,35,0
2301,2295,36,0
2301,2297,37,0
2301,2554,38,0
2301,2300,39,0
2301,2299,40,0
2301,28,41,0
2301,1549,42,0
2301,29,43,1
2304,99,1,0
2304,140,2,0
2304,2167,3,0
2304,87,4,0
2304,2557,5,0
2304,1862,6,0
2304,88,7,0
2304,2276,8,0
2304,1732,9,0
2304,1730,10,0
2304,2150,11,0
2304,2148,12,0
2304,1706,13,0
2304,1708,14,0
2304,1709,15,0
2304,1711,16,0
2304,299,17,0
2304,1125,18,0
2304,1069,19,0
2304,1070,20,0
2304,1071,21,0
2304,1072,22,0
2304,1073,23,0
2304,300,24,0
2304,301,25,0
2304,1074,26,0
2304,1075,27,0
2304,3506,28,0
2304,2883,29,0
2304,3787,30,0
2304,1672,31,0
2304,1673,32,0
2304,303,33,1
2401,159,1,0
2401,1028,2,0
2401,1077,3,0
2401,2410,4,0
2401,2403,5,0
2401,2402,6,0
2401,2400,7,0
2401,2385,8,0
2401,2387,9,0
2401,315,10,0
2401,2395,11,0
2401,2404,12,0
2401,1508,13,0
2401,1484,14,0
2401,1482,15,0
2401,2475,16,0
2401,220,17,0
2401,1283,18,0
2401,1280,19,0
2401,1286,20,0
2401,1317,21,0
2401,317,22,0
2401,1276,23,0
2401,1292,24,0
2401,1277,25,0
2401,1309,26,0
2401,1307,27,0
2401,1310,28,0
2401,102,29,0
2401,101,30,0
2401,2372,31,0
2401,2370,32,0
2401,2375,33,0
2401,1509,34,0
2401,1475,35,0
2401,1488,36,0
2401,1480,37,0
2401,1486,38,0
2401,1500,39,0
2401,1502,40,0
2401,1111,41,0
2401,309,42,0
2401,1494,43,0
2401,3499,44,0
2401,308,45,1
2404,308,1,0
2404,2122,2,0
2404,2011,3,0
2404,1495,4,0
2404,309,5,0
2404,991,6,0
2404,14,7,0
2404,1501,8,0
2404,1503,9,0
2404,1487,10,0
2404,1481,11,0
2404,1489,12,0
2404,1476,13,0
2404,1477,14,0
2404,1504,15,0
2404,3698,16,0
2404,2596,17,0
2404,2595,18,0
2404,1289,19,0
2404,1290,20,0
2404,1308,21,0
2404,1311,22,0
2404,1278,23,0
2404,1293,24,0
2404,1295,25,0
2404,312,26,0
2404,1318,27,0
2404,1287,28,0
2404,1281,29,0
2404,1284,30,0
2404,216,31,0
2404,2476,32,0
2404,1493,33,0
2404,1483,34,0
2404,1485,35,0
2404,2390,36,0
2404,2405,37,0
2404,2406,38,0
2404,2396,39,0
2404,174,40,0
2404,2388,41,0
2404,2386,42,0
2404,2401,43,0
2404,2398,44,0
2404,2394,45,0
2404,2409,46,0
2404,159,47,1
2502,83,1,0
2502,2233,2,0
2502,2231,3,0
2502,2219,4,0
2502,322,5,0
2502,1882,6,0
2502,1888,7,0
2502,287,8,0
2502,967,9,0
2502,968,10,0
2502,323,11,0
2502,1939,12,0
2502,1938,13,0
2502,788,14,0
2502,178,15,1
2503,178,1,0
2503,1667,2,0
2503,1813,3,0
2503,1810,4,0
2503,1816,5,0
2503,324,6,0
2503,1817,7,0
2503,1811,8,0
2503,1812,9,0
2503,284,10,0
2503,1887,11,0
2503,1889,12,0
2503,1881,13,0
2503,325,14,0
2503,2220,15,0
2503,2222,16,0
2503,2223,17,0
2503,83,18,1
2602,72,1,0
2602,1897,2,0
2602,1899,3,0
2602,3802,4,0
2602,1928,5,0
2602,1921,6,0
2602,1900,7,0
2602,1912,8,0
2602,1924,9,0
2602,1923,10,0
2602,1911,11,0
2602,2840,12,0
2602,1909,13,0
2602,1915,14,0
2602,1913,15,0
2602,1925,16,0
2602,1936,17,0
2602,1016,18,0
2602,1017,19,0
2602,1018,20,0
2602,1838,21,0
2602,1840,22,0
2602,1842,23,0
2602,1676,24,0
2602,1829,25,0
2602,1832,26,0
2602,1830,27,0
2602,1836,28,0
2602,332,29,0
2602,2475,30,0
2602,176,31,0
2602,2490,32,0
2602,2478,33,0
2602,2482,34,0
2602,2468,35,0
2602,2503,36,0
2602,2479,37,0
2602,2480,38,0
2602,2470,39,0
2602,2465,40,0
2602,2471,41,0
2602,2486,42,0
2602,1861,43,0
2602,1864,44,0
2602,1856,45,0
2602,221,46,0
2602,1854,47,0
2602,1851,48,0
2602,1846,49,0
2602,2437,50,0
2602,334,51,0
2602,21,52,0
2602,752,53,0
2602,335,54,1
2603,335,1,0
2603,112,2,0
2603,2146,3,0
2603,1852,4,0
2603,1855,5,0
2603,1853,6,0
2603,1865,7,0
2603,326,8,0
2603,2472,9,0
2603,2477,10,0
2603,2485,11,0
2603,2481,12,0
2603,2474,13,0
2603,2504,14,0
2603,2469,15,0
2603,2483,16,0
2603,2487,17,0
2603,2473,18,0
2603,169,19,0
2603,2476,20,0
2603,1834,21,0
2603,1835,22,0
2603,1831,23,0
2603,1833,24,0
2603,328,25,0
2603,1680,26,0
2603,1843,27,0
2603,1841,28,0
2603,1839,29,0
2603,1089,30,0
2603,2250,31,0
2603,329,32,0
2603,1926,33,0
2603,1927,34,0
2603,1916,35,0
2603,1917,36,0
2603,1370,37,0
2603,1369,38,0
2603,1373,39,0
2603,3804,40,0
2603,330,41,0
2603,72,42,1
2701,1,1,0
2701,1955,2,0
2701,1957,3,0
2701,1954,4,0
2701,1953,5,0
2701,1958,6,0
2701,1956,7,0
2701,2,8,0
2701,1375,9,0
2701,3805,10,0
2701,1876,11,0
2701,977,12,0
2701,978,13,0
2701,340,14,0
2701,284,15,0
2701,1887,16,0
2701,1889,17,0
2701,1881,18,0
2701,325,19,0
2701,2220,20,0
2701,2222,21,0
2701,2223,22,0
2701,83,23,1
2704,83,1,0
2704,2233,2,0
2704,2231,3,0
2704,2219,4,0
2704,322,5,0
2704,1882,6,0
2704,1888,7,0
2704,287,8,0
2704,337,9,0
2704,1884,10,0
2704,1880,11,0
2704,1874,12,0
2704,975,13,0
2704,1879,14,0
2704,1890,15,0
2704,370,16,0
2704,3,17,0
2704,23,18,0
2704,1159,19,0
2704,1160,20,0
2704,1163,21,0
2704,1,22,1
2802,3705,1,0
2802,3725,2,0
2802,3726,3,0
2802,3727,4,0
2802,3707,5,0
2802,3731,6,0
2802,3729,7,0
2802,3813,8,0
2802,3730,9,0
2802,1024,10,0
2802,1025,11,0
2802,1026,12,0
2802,1027,13,0
2802,3506,14,1
2803,3506,1,0
2803,1078,2,0
2803,1079,3,0
2803,1080,4,0
2803,1081,5,0
2803,3703,6,0
2803,3717,7,0
2803,3718,8,0
2803,3719,9,0
2803,3720,10,0
2803,3721,11,0
2803,3722,12,0
2803,3723,13,0
2803,3724,14,0
2803,3705,15,1
2902,3469,1,0
2902,146,2,0
2902,1041,3,0
2902,1042,4,0
2902,1043,5,0
2902,1044,6,0
2902,1045,7,0
2902,1046,8,0
2902,1047,9,0
2902,1048,10,0
2902,137,11,0
2902,2451,12,0
2902,46,13,0
2902,262,14,0
2902,48,15,1
2903,48,1,0
2903,1149,2,0
2903,367,3,0
2903,1054,4,0
2903,1055,5,0
2903,1056,6,0
2903,128,7,0
2903,1057,8,0
2903,1058,9,0
2903,1059,10,0
2903,1060,11,0
2903,2527,12,0
2903,1321,13,0
2903,459,14,0
2903,1386,15,0
2903,1387,16,0
2903,3469,17,1
3001,156,1,0
3001,626,2,0
3001,349,3,0
3001,609,4,0
3001,610,5,0
3001,612,6,0
3001,611,7,0
3001,350,8,0
3001,613,9,0
3001,614,10,0
3001,615,11,0
3001,645,12,0
3001,618,13,0
3001,620,14,0
3001,619,15,0
3001,621,16,0
3001,622,17,0
3001,623,18,0
3001,624,19,0
3001,353,20,0
3001,627,21,0
3001,3818,22,0
3001,3819,23,0
3001,3815,24,1
3004,3815,1,0
3004,638,2,0
3004,628,3,0
3004,629,4,0
3004,630,5,0
3004,355,6,0
3004,3545,7,0
3004,3546,8,0
3004,3547,9,0
3004,356,10,0
3004,188,11,0
3004,653,12,0
3004,156,13,1
3101,3498,1,0
3101,3496,2,0
3101,2843,3,0
3101,1221,4,0
3101,1248,5,0
3101,1219,6,0
3101,1220,7,0
3101,2521,8,0
3101,2523,9,0
3101,2524,10,0
3101,1703,11,0
3101,1704,12,0
3101,1981,13,0
3101,1979,14,0
3101,1975,15,0
3101,1977,16,0
3101,1983,17,0
3101,1965,18,0
3101,1963,19,0
3101,134,20,0
3101,1967,21,0
3101,1969,22,0
3101,1970,23,0
3101,2539,24,0
3101,2541,25,0
3101,1061,26,0
3101,1045,27,0
3101,1046,28,0
3101,1047,29,0
3101,1048,30,0
3101,137,31,0
3101,2451,32,0
3101,46,33,1
3104,367,1,0
3104,1055,2,0
3104,1056,3,0
3104,128,4,0
3104,1057,5,0
3104,1058,6,0
3104,2542,7,0
3104,2540,8,0
3104,2538,9,0
3104,1971,10,0
3104,3803,11,0
3104,1968,12,0
3104,1059,13,0
3104,1060,14,0
3104,342,15,0
3104,360,16,0
3104,1964,17,0
3104,1966,18,0
3104,1982,19,0
3104,1976,20,0
3104,1974,21,0
3104,1978,22,0
3104,1980,23,0
3104,1700,24,0
3104,1702,25,0
3104,361,26,0
3104,362,27,0
3104,1348,28,0
3104,1355,29,0
3104,1346,30,0
3104,1345,31,0
3104,1353,32,0
3104,1351,33,0
3104,2838,34,0
3104,2842,35,0
3104,2294,36,0
3104,2230,37,1
3201,46,1,0
3201,148,2,0
3201,107,3,0
3201,1120,4,0
3201,1050,5,0
3201,2519,6,0
3201,369,7,0
3201,1524,8,0
3201,1523,9,0
3201,1526,10,0
3201,2515,11,0
3201,2517,12,0
3201,2513,13,0
3201,2511,14,0
3201,1,15,0
3201,1955,16,0
3201,1957,17,0
3201,1954,18,0
3201,1953,19,0
3201,1958,20,0
3201,1956,21,0
3201,2,22,0
3201,2005,23,0
3201,1698,24,0
3201,1699,25,0
3201,1697,26,0
3201,1812,27,0
3201,337,28,1
3204,337,1,0
3204,1884,2,0
3204,1880,3,0
3204,1874,4,0
3204,975,5,0
3204,1879,6,0
3204,1890,7,0
3204,370,8,0
3204,3,9,0
3204,2846,10,0
3204,23,11,0
3204,1159,12,0
3204,1160,13,0
3204,1161,14,0
3204,2512,15,0
3204,2514,16,0
3204,2518,17,0
3204,2516,18,0
3204,1525,19,0
3204,3750,20,0
3204,1529,21,0
3204,1528,22,0
3204,1527,23,0
3204,1530,24,0
3204,2520,25,0
3204,809,26,0
3204,1121,27,0
3204,108,28,0
3204,1119,29,0
3204,367,30,1
3301,273,1,0
3301,1675,2,0
3301,2097,3,0
3301,2844,4,0
3301,274,5,0
3301,2094,6,0
3301,2092,7,0
3301,1323,8,0
3301,950,9,0
3301,951,10,0
3301,952,11,0
3301,1442,12,0
3301,1444,13,0
3301,1437,14,0
3301,1439,15,0
3301,1445,16,0
3301,2080,17,0
3301,2452,18,0
3301,2451,19,0
3301,367,20,1
3304,367,1,0
3304,2456,2,0
3304,2457,3,0
3304,2081,4,0
3304,1446,5,0
3304,1440,6,0
3304,1438,7,0
3304,1436,8,0
3304,1441,9,0
3304,1443,10,0
3304,904,11,0
3304,905,12,0
3304,1324,13,0
3304,2093,14,0
3304,2095,15,0
3304,2100,16,0
3304,2844,17,0
3304,257,18,0
3304,273,19,1
3401,367,1,0
3401,148,2,0
3401,107,3,0
3401,1120,4,0
3401,2442,5,0
3401,1254,6,0
3401,1251,7,0
3401,2584,8,0
3401,1256,9,0
3401,1257,10,0
3401,373,11,0
3401,1668,12,0
3401,1671,13,0
3401,374,14,1
3404,374,1,0
3404,803,2,0
3404,804,3,0
3404,2443,4,0
3404,1121,5,0
3404,108,6,0
3404,1119,7,0
3404,367,8,1
3502,379,1,0
3502,1959,2,0
3502,1990,3,0
3502,1988,4,0
3502,1989,5,0
3502,1993,6,0
3502,2117,7,0
3502,2110,8,0
3502,2116,9,0
3502,2115,10,0
3502,3461,11,0
3502,385,12,0
3502,1360,13,0
3502,1206,14,0
3502,1214,15,0
3502,1208,16,0
3502,1217,17,0
3502,1210,18,0
3502,1218,19,0
3502,2462,20,0
3502,2214,21,0
3502,864,22,0
3502,865,23,0
3502,867,24,0
3502,39,25,1
3503,39,1,0
3503,850,2,0
3503,2414,3,0
3503,2412,4,0
3503,2213,5,0
3503,2463,6,0
3503,2461,7,0
3503,1211,8,0
3503,1209,9,0
3503,1207,10,0
3503,1213,11,0
3503,1205,12,0
3503,1362,13,0
3503,378,14,0
3503,2841,15,0
3503,2112,16,0
3503,2114,17,0
3503,2113,18,0
3503,379,19,1
3601,245,1,0
3601,839,2,0
3601,840,3,0
3601,2050,4,0
3601,2046,5,0
3601,2048,6,0
3601,2058,7,0
3601,2056,8,0
3601,2061,9,0
3601,2059,10,0
3601,2045,11,0
3601,3478,12,0
3601,3479,13,0
3601,3492,14,0
3601,3477,15,0
3601,3476,16,0
3601,464,17,1
3604,464,1,0
3604,3491,2,0
3604,2064,3,0
3604,1895,4,0
3604,1896,5,0
3604,1894,6,0
3604,2060,7,0
3604,2057,8,0
3604,2047,9,0
3604,2049,10,0
3604,2051,11,0
3604,2063,12,0
3604,489,13,0
3604,245,14,1
3702,2033,1,0
3702,2032,2,0
3702,2034,3,0
3702,478,4,0
3702,2257,5,0
3702,1212,6,0
3702,1216,7,0
3702,1537,8,0
3702,1581,9,0
3702,1603,10,0
3702,1604,11,0
3702,1572,12,0
3702,1538,13,0
3702,1558,14,0
3702,39,15,1
3703,39,1,0
3703,867,2,0
3703,1457,3,0
3703,1557,4,0
3703,1559,5,0
3703,1612,6,0
3703,1611,7,0
3703,1571,8,0
3703,1602,9,0
3703,1548,10,0
3703,1536,11,0
3703,3493,12,0
3703,3495,13,0
3703,3494,14,0
3703,2256,15,0
3703,2258,16,0
3703,2262,17,0
3703,2259,18,0
3703,2261,19,0
3703,2260,20,0
3703,2033,21,1
3802,1996,1,0
3802,769,2,0
3802,770,3,0
3802,2589,4,0
3802,772,5,0
3802,1807,6,0
3802,1808,7,0
3802,1805,8,0
3802,1407,9,0
3802,1408,10,0
3802,1356,11,0
3802,1343,12,0
3802,1340,13,0
3802,1339,14,0
3802,1338,15,0
3802,2301,16,0
3802,3513,17,0
3802,2267,18,0
3802,3514,19,0
3802,2265,20,1
3803,2265,1,0
3803,2266,2,0
3803,2263,3,0
3803,3515,4,0
3803,2264,5,0
3803,2303,6,0
3803,2302,7,0
3803,1341,8,0
3803,1342,9,0
3803,1357,10,0
3803,2243,11,0
3803,1409,12,0
3803,1806,13,0
3803,1809,14,0
3803,798,15,0
3803,799,16,0
3803,800,17,0
3803,771,18,0
3803,374,19,1
3901,2230,1,0
3901,3817,2,0
3901,3711,3,0
3901,3708,4,0
3901,3716,5,0
3901,1668,6,0
3901,1996,7,1
3904,374,1,0
3904,1670,2,0
3904,1669,3,0
3904,3713,4,0
3904,3712,5,0
3904,3714,6,0
3904,3709,7,0
3904,3715,8,0
3904,3710,9,0
3904,3816,10,0
3904,2294,11,0
3904,2230,12,1
9002,156,1,0
9002,736,2,0
9002,192,3,0
9002,746,4,0
9002,2545,5,0
9002,261,6,0
9002,81,7,0
9002,104,8,0
9002,759,9,0
9002,764,10,0
9002,47,11,1
9003,47,1,0
9003,1052,2,0
9003,815,3,0
9003,111,4,0
9003,820,5,0
9003,49,6,0
9003,183,7,0
9003,661,8,0
9003,184,9,0
9003,670,10,0
9003,156,11,1
9101,257,1,0
9101,238,2,0
9101,950,3,0
9101,954,4,0
9101,956,5,0
9101,241,6,0
9101,82,7,0
9101,243,8,0
9101,248,9,1
9104,248,1,0
9104,251,2,0
9104,62,3,0
9104,63,4,0
9104,253,5,0
9104,900,6,0
9104,460,7,0
9104,257,8,1
9202,2370,1,0
9202,1173,2,0
9202,1171,3,0
9202,225,4,0
9202,1183,5,0
9202,23,6,0
9202,180,7,0
9202,1996,8,1
9203,1996,1,0
9203,228,2,0
9203,229,3,0
9203,1184,4,0
9203,232,5,0
9203,606,6,0
9203,601,7,0
9203,2370,8,1
