103,1,'N',1
104,1,'S',1
201,1,'E',2
202,1,'W',2
301,1,'E',3
302,1,'W',3
403,1,'N',4
404,1,'S',4
501,1,'E',5
502,1,'W',5
603,1,'N',6
604,1,'S',6
701,1,'E',7
702,1,'W',7
801,1,'E',8
802,1,'W',8
901,1,'E',9
902,1,'W',9
1003,1,'N',10
1004,1,'S',10
1101,1,'E',11
1102,1,'W',11
1203,1,'N',12
1204,1,'S',12
1303,1,'N',13
1304,1,'S',13
1403,1,'N',14
1404,1,'S',14
1503,1,'N',15
1504,1,'S',15
1603,1,'N',16
1604,1,'S',16
1701,1,'E',17
1702,1,'W',17
1803,1,'N',18
1804,1,'S',18
1901,1,'E',19
1902,1,'W',19
2001,1,'E',20
2002,1,'W',20
2103,1,'N',21
2104,1,'S',21
2201,1,'E',22
2202,1,'W',22
2301,1,'E',23
2302,1,'W',23
2401,1,'E',24
2402,1,'W',24
2503,1,'N',25
2504,1,'S',25
2603,1,'N',26
2604,1,'S',26
2701,1,'E',27
2702,1,'W',27
2803,1,'N',28
2804,1,'S',28
2903,1,'N',29
2904,1,'S',29
3001,1,'E',30
3002,1,'W',30
3101,1,'E',31
3102,1,'W',31
3201,1,'E',32
3202,1,'W',32
3301,1,'E',33
3302,1,'W',33
3401,1,'E',34
3402,1,'W',34
3503,1,'N',35
3504,1,'S',35
3601,1,'E',36
3602,1,'W',36
3703,1,'N',37
3704,1,'S',37
3803,1,'N',38
3804,1,'S',38
3901,1,'E',39
3902,1,'W',39
9003,1,'N',90
9004,1,'S',90
9101,1,'E',91
9102,1,'W',91
9203,1,'N',92
9204,1,'S',92
